cmpt_0,logl,logv,weight
2.4042244986845240e+00,-3.8090862526707649e+00,-4.6101660193249021e+00,2.2057952467059805e-04
-2.1590981115993255e+00,-3.2497908603892260e+00,-4.6201660193248868e+00,3.8205083598613800e-04
-1.9222257858895355e+00,-2.7664145186026605e+00,-4.6301660193248999e+00,6.1334649444363823e-04
-1.9204856143544411e+00,-2.7630710301045172e+00,-4.6401660193248961e+00,6.0927730477784172e-04
-1.9006136170543173e+00,-2.7251045932994868e+00,-4.6501660193249013e+00,6.2655712123771824e-04
1.8524799843258277e+00,-2.6347795787972492e+00,-4.6601660193248975e+00,6.7896186319148862e-04
1.7968394099960066e+00,-2.5332544652907378e+00,-4.6701660193249008e+00,7.4403648555015575e-04
-1.7880864896079054e+00,-2.5175651797925003e+00,-4.6801660193248891e+00,7.4828158588100642e-04
-1.7067118758562585e+00,-2.3753712462277337e+00,-4.6901660193248995e+00,8.5403595298088285e-04
-1.5769922735450468e+00,-2.1623908480437271e+00,-4.7001660193248913e+00,1.0462354245751261e-03
1.4933483557051381e+00,-2.0339831883769595e+00,-4.7101660193249000e+00,1.1777502740415685e-03
1.3952363788697457e+00,-1.8922808090941197e+00,-4.7201660193248962e+00,1.3435407106682229e-03
1.3922442413314766e+00,-1.8881105463936689e+00,-4.7301660193248987e+00,1.3357310076505256e-03
-1.3623925209192884e+00,-1.8469952231617464e+00,-4.7401660193249038e+00,1.3779460715150215e-03
1.3272744937499559e+00,-1.7997673235129403e+00,-4.7501660193248929e+00,1.4302109289324272e-03
-1.3265146364964664e+00,-1.7987590730530156e+00,-4.7601660193248980e+00,1.4174084749578810e-03
-1.3258616315058993e+00,-1.7978930655830820e+00,-4.7701660193248987e+00,1.4045208239904699e-03
1.2802256841578290e+00,-1.7384274338220300e+00,-4.7801660193248923e+00,1.4757433454104427e-03
1.2177883088075352e+00,-1.6604427151674979e+00,-4.7901660193248956e+00,1.5795603431540206e-03
1.2139912885986202e+00,-1.6558259570300087e+00,-4.8001660193248954e+00,1.5710800340473243e-03
-1.2080138894037513e+00,-1.6485873111295288e+00,-4.8101660193248987e+00,1.5667477100478032e-03
-1.1697342637466459e+00,-1.6030776565247935e+00,-4.8201660193249003e+00,1.6233819605344650e-03
-1.1634347389624122e+00,-1.5957287285456077e+00,-4.8301660193249010e+00,1.6190839577145701e-03
1.0975391176288742e+00,-1.5212345899961233e+00,-4.8401660193248999e+00,1.7269462401843423e-03
1.0741520864162208e+00,-1.4958398850094996e+00,-4.8501660193248908e+00,1.7537377627491169e-03
-1.0608885793823835e+00,-1.4816808215653254e+00,-4.8601660193248915e+00,1.7610468583290106e-03
-1.0377369427716885e+00,-1.4573875138299048e+00,-4.8701660193248957e+00,1.7863987929004981e-03
-1.0242145482225862e+00,-1.4434462530287377e+00,-4.8801660193249008e+00,1.7934533492295149e-03
1.0224416340271578e+00,-1.4416319801294017e+00,-4.8901660193249050e+00,1.7788325521126990e-03
-1.0203109937176589e+00,-1.4394557945838977e+00,-4.9001660193248906e+00,1.7649695975863224e-03
1.0163632487870105e+00,-1.4354356593757829e+00,-4.9101660193248922e+00,1.7544468118058827e-03
-1.0112272085001686e+00,-1.4302287662388613e+00,-4.9201660193249026e+00,1.7460576818104639e-03
-1.0105699408659274e+00,-1.4295643353242216e+00,-4.9301660193248953e+00,1.7298330904265608e-03
-9.9279297967812952e-01,-1.4117574828824289e+00,-4.9401660193248880e+00,1.7433904935786266e-03
9.4883350876350658e-01,-1.3690810463095731e+00,-4.9501660193249064e+00,1.8012992558836306e-03
9.3275679976874148e-01,-1.3539561563907516e+00,-4.9601660193248920e+00,1.8105544118518491e-03
9.0643296302599818e-01,-1.3297488908633848e+00,-4.9701660193249033e+00,1.8364610345044945e-03
8.9448896574950532e-01,-1.3189937875571494e+00,-4.9801660193248907e+00,1.8378482759928479e-03
8.7737845871283282e-01,-1.3038350125399925e+00,-4.9901660193248940e+00,1.8473538191627959e-03
8.7272767969700094e-01,-1.2997653340879949e+00,-5.0001660193249080e+00,1.8364308374114772e-03
-8.6747294563130573e-01,-1.2951931883344665e+00,-5.0101660193248980e+00,1.8264899617106590e-03
-8.5868567633622539e-01,-1.2876090780058398e+00,-5.0201660193248872e+00,1.8220826893627824e-03
-8.5381382799280092e-01,-1.2834375590691995e+00,-5.0301660193248994e+00,1.8114936040305714e-03
-8.4916334002756799e-01,-1.2794777216567270e+00,-5.0401660193249072e+00,1.8005848665756548e-03
8.4041897093257023e-01,-1.2720905559850197e+00,-5.0501660193248954e+00,1.7958863774850879e-03
-8.2896433832190197e-01,-1.2625294697380738e+00,-5.0601660193248881e+00,1.7950983112143130e-03
7.9937237458099886e-01,-1.2384366292549718e+00,-5.0701660193248976e+00,1.8205754463036159e-03
7.9835558278199570e-01,-1.2376243509129294e+00,-5.0801660193248974e+00,1.8039251122898105e-03
7.8664340447968195e-01,-1.2283424555390317e+00,-5.0901660193249070e+00,1.8026301703290687e-03
7.7357587538423311e-01,-1.2181483501215808e+00,-5.1001660193248899e+00,1.8029801045717885e-03
7.5205705536443912e-01,-1.2017334398950550e+00,-5.1101660193248888e+00,1.8145832368186001e-03
7.4460072231358243e-01,-1.1961536504682937e+00,-5.1201660193249117e+00,1.8065800976200183e-03
-7.4337876360479527e-01,-1.1952445257226365e+00,-5.1301660193248875e+00,1.7902311291273806e-03
7.3680400295032067e-01,-1.1903786020151474e+00,-5.1401660193248944e+00,1.7810634997208511e-03
7.2722301832879532e-01,-1.1833651918269612e+00,-5.1501660193248933e+00,1.7757521290092159e-03
7.2339985357573466e-01,-1.1805922067100365e+00,-5.1601660193249019e+00,1.7629650039713185e-03
-7.0900900736274663e-01,-1.1702854188940930e+00,-5.1701660193248982e+00,1.7635059431270060e-03
6.9802025324270967e-01,-1.1625546696018478e+00,-5.1801660193248997e+00,1.7595086431706514e-03
6.9423897656648192e-01,-1.1599224109253776e+00,-5.1901660193249066e+00,1.7465926778041760e-03
6.9326844260158627e-01,-1.1592490993869540e+00,-5.2001660193248975e+00,1.7303784819411210e-03
-6.8519566031654855e-01,-1.1536850790916549e+00,-5.2101660193248884e+00,1.7227195580884812e-03
-6.8155029697667480e-01,-1.1511939362878363e+00,-5.2201660193248891e+00,1.7098323476008365e-03
6.6835027333495500e-01,-1.1422845765667939e+00,-5.2301660193248987e+00,1.7079685521222204e-03
-6.5891960679687711e-01,-1.1360260567440150e+00,-5.2401660193248967e+00,1.7015901613931278e-03
6.5571646842348652e-01,-1.1339205761142241e+00,-5.2501660193248982e+00,1.6882098101173972e-03
-6.5220748706696430e-01,-1.1316258357264417e+00,-5.2601660193248856e+00,1.6752517021548217e-03
6.3581126648820796e-01,-1.1210665159300091e+00,-5.2701660193249014e+00,1.6761889656864075e-03
-6.2650106201054279e-01,-1.1151903229835085e+00,-5.2801660193248923e+00,1.6692909186897126e-03
6.2104905813919331e-01,-1.1117894989411290e+00,-5.2901660193249151e+00,1.6583112424467692e-03
-6.0235922751346838e-01,-1.1003568521186506e+00,-5.3001660193248936e+00,1.6606887194147452e-03
-5.9987204671715555e-01,-1.0988617688496540e+00,-5.3101660193248952e+00,1.6466245920318014e-03
5.9884357511425557e-01,-1.0982453463611510e+00,-5.3201660193249030e+00,1.6312456302251253e-03
-5.9176177864978596e-01,-1.0940295339687185e+00,-5.3301660193248930e+00,1.6218374350794619e-03
5.8684881210134698e-01,-1.0911342967657205e+00,-5.3401660193248937e+00,1.6103555013142316e-03
-5.7632361784559138e-01,-1.0850129888766551e+00,-5.3501660193248943e+00,1.6041215257867887e-03
-5.6913039345509608e-01,-1.0808932350105156e+00,-5.3601660193249012e+00,1.5947165751984921e-03
5.6702561170096533e-01,-1.0796975547957663e+00,-5.3701660193248957e+00,1.5807378075719252e-03
5.5253733757897949e-01,-1.0715872873427730e+00,-5.3801660193248910e+00,1.5777534565893868e-03
-5.5133757531027849e-01,-1.0709250936078480e+00,-5.3901660193249050e+00,1.5630892726848631e-03
-5.4763950396938332e-01,-1.0688930457872556e+00,-5.4001660193248888e+00,1.5506841394936387e-03
5.3298251635536564e-01,-1.0609737140035882e+00,-5.4101660193248966e+00,1.5474610345597916e-03
5.3275323885485382e-01,-1.0608515393885078e+00,-5.4201660193249124e+00,1.5322507307072354e-03
-5.2500609489919492e-01,-1.0567542324739907e+00,-5.4301660193248917e+00,1.5232329656465343e-03
5.2424158678076871e-01,-1.0563531532885486e+00,-5.4401660193249004e+00,1.5086815238258206e-03
-5.1674910190477963e-01,-1.0524533497930375e+00,-5.4501660193248966e+00,1.4995062839037532e-03
-5.1367419938619630e-01,-1.0508691241908643e+00,-5.4601660193248893e+00,1.4869397301201374e-03
-5.0918340388785832e-01,-1.0485724020307523e+00,-5.4701660193248998e+00,1.4755294250473141e-03
4.9609693432914248e-01,-1.0419946167587262e+00,-5.4801660193248960e+00,1.4704884770403955e-03
4.8893415777556642e-01,-1.0384668379531907e+00,-5.4901660193248976e+00,1.4610018831359589e-03
-4.7923757171538789e-01,-1.0337728577051704e+00,-5.5001660193248920e+00,1.4532703083700350e-03
4.7541425263121739e-01,-1.0319478884357889e+00,-5.5101660193248962e+00,1.4414382087242872e-03
4.7322200942516301e-01,-1.0309080677355340e+00,-5.5201660193248889e+00,1.4285803542892865e-03
-4.6751584480993846e-01,-1.0282240652075147e+00,-5.5301660193248949e+00,1.4181670025032683e-03
-4.6678724831873353e-01,-1.0278837002298269e+00,-5.5401660193249169e+00,1.4045339778857105e-03
4.5944002539580880e-01,-1.0244811011011903e+00,-5.5501660193248945e+00,1.3952982037477876e-03
-4.5703131533539965e-01,-1.0233773442319423e+00,-5.5601660193249005e+00,1.3829403424598572e-03
4.5694684126812446e-01,-1.0233387405057977e+00,-5.5701660193248888e+00,1.3692327126018460e-03
4.4963957890682693e-01,-1.0200264080930939e+00,-5.5801660193249027e+00,1.3601062906233527e-03
-4.4469714746196165e-01,-1.0178163091137422e+00,-5.5901660193248945e+00,1.3495523576583515e-03
4.4321254571267105e-01,-1.0171572129718927e+00,-5.6001660193248943e+00,1.3370050118415259e-03
4.3229476834526359e-01,-1.0123779160026820e+00,-5.6101660193248959e+00,1.3300430945879524e-03
-4.2661844342946287e-01,-1.0099401807704285e+00,-5.6201660193248966e+00,1.3200228920193626e-03
4.2027514204255112e-01,-1.0072541301427826e+00,-5.6301660193248981e+00,1.3104035320540223e-03
4.1892593606870243e-01,-1.0066880025888587e+00,-5.6401660193248970e+00,1.2980994809568564e-03
-4.1861576548427321e-01,-1.0065581121893314e+00,-5.6501660193248862e+00,1.2853501191093010e-03
-4.1833443532465170e-01,-1.0064403825225370e+00,-5.6601660193248939e+00,1.2727104986968527e-03
4.1809764902743146e-01,-1.0063413546944722e+00,-5.6701660193248991e+00,1.2601716035237800e-03
-4.1188131472163303e-01,-1.0037616413417498e+00,-5.6801660193248944e+00,1.2508553762855938e-03
3.9992983960627115e-01,-9.9891047093708840e-01,-5.6901660193249093e+00,1.2444314870518429e-03
-3.9917746348625505e-01,-9.9860985631099974e-01,-5.7001660193248957e+00,1.2324196145487569e-03
-3.9688414727500854e-01,-9.9769704581244478e-01,-5.7101660193248964e+00,1.2212711149476971e-03
-3.9600348730336721e-01,-9.9734791361155350e-01,-5.7201660193248935e+00,1.2095414804868653e-03
-3.9318808792961851e-01,-9.9623696887821422e-01,-5.7301660193249049e+00,1.1988374442859636e-03
-3.8575224228929544e-01,-9.9334092884894909e-01,-5.7401660193248940e+00,1.1903511299782622e-03
3.8561167053693368e-01,-9.9328671286048187e-01,-5.7501660193249133e+00,1.1785708339887341e-03
3.8449532513489593e-01,-9.9285686015863417e-01,-5.7601660193248856e+00,1.1673455370535711e-03
-3.7403460903426983e-01,-9.8888947701104901e-01,-5.7701660193248978e+00,1.1603245873363880e-03
3.6968149809665973e-01,-9.8727073765083473e-01,-5.7801660193248940e+00,1.1506402447329983e-03
-3.6898344799488952e-01,-9.8701292508043814e-01,-5.7901660193249018e+00,1.1394849186728078e-03
-3.6891584219857232e-01,-9.8698798194588044e-01,-5.8001660193249007e+00,1.1281749941614333e-03
-3.5095883348804824e-01,-9.8052458403498521e-01,-5.8101660193248863e+00,1.1241921351652629e-03
-3.4833447540177909e-01,-9.7960698601005580e-01,-5.8201660193248959e+00,1.1140279975581091e-03
-3.3645013266601520e-01,-9.7553787851882912e-01,-5.8301660193249027e+00,1.1074403718131446e-03
-3.3124070478845741e-01,-9.7379873488771651e-01,-5.8401660193248812e+00,1.0983296489618709e-03
3.2626745886527608e-01,-9.7216375999054172e-01,-5.8501660193249023e+00,1.0891804140174760e-03
3.2510400768823655e-01,-9.7178484054081593e-01,-5.8601660193249074e+00,1.0787515703385027e-03
-3.2317071034165890e-01,-9.7115818664470566e-01,-5.8701660193248939e+00,1.0686873001403477e-03
-3.2269294246313146e-01,-9.7100390019109639e-01,-5.8801660193248937e+00,1.0582169397781724e-03
-3.2231592101921769e-01,-9.7088230910457274e-01,-5.8901660193248944e+00,1.0478149025050644e-03
3.1293346383307263e-01,-9.6790220902662194e-01,-5.9001660193248942e+00,1.0404851040787476e-03
3.1103747526281894e-01,-9.6731068814227383e-01,-5.9101660193248859e+00,1.0307416292205803e-03
3.1019202613565250e-01,-9.6704807917241009e-01,-5.9201660193248999e+00,1.0207536025059320e-03
3.0693579257833759e-01,-9.6604332301618556e-01,-5.9301660193249086e+00,1.0116128482385591e-03
3.0666855612916594e-01,-9.6596133429251319e-01,-5.9401660193248942e+00,1.0016292511545578e-03
3.0618730278648021e-01,-9.6581386482716935e-01,-5.9501660193249002e+00,9.9180912436113290e-04
-3.0269219569979744e-01,-9.6474981530212167e-01,-5.9601660193248973e+00,9.8298584803772925e-04
3.0027135799635024e-01,-9.6401997684982565e-01,-5.9701660193248847e+00,9.7391551709936084e-04
2.9883532112132771e-01,-9.6358980720818299e-01,-5.9801660193249111e+00,9.6463976529355194e-04
-2.9846457497309326e-01,-9.6347908389027404e-01,-5.9901660193249064e+00,9.5514719046807159e-04
2.9342164956799244e-01,-9.6198666485094031e-01,-6.0001660193248911e+00,9.4705566686648925e-04
-2.9269181624785157e-01,-9.6177278228257257e-01,-6.0101660193249042e+00,9.3783287018593133e-04
-2.9215433536064495e-01,-9.6161561046834954e-01,-6.0201660193248863e+00,9.2864722291132568e-04
-2.9050756077697021e-01,-9.6113585406763202e-01,-6.0301660193249038e+00,9.1984822588696594e-04
-2.8924615380268598e-01,-9.6077020137816305e-01,-6.0401660193248912e+00,9.1102864229140369e-04
2.8905624625815063e-01,-9.6071528938376582e-01,-6.0501660193248936e+00,9.0201328582992203e-04
2.8523279426875353e-01,-9.5961740609652002e-01,-6.0601660193249005e+00,8.9401909369208449e-04
-2.8087114007486652e-01,-9.5838283129681712e-01,-6.0701660193248959e+00,8.8621688100986868e-04
-2.7531383696643735e-01,-9.5683738704593047e-01,-6.0801660193248939e+00,8.7875589508653381e-04
-2.7208160662165892e-01,-9.5595273296425098e-01,-6.0901660193248954e+00,8.7078212815827020e-04
2.7189472931141290e-01,-9.5590190454700275e-01,-6.1001660193248943e+00,8.6216152240674922e-04
2.6690935958845413e-01,-9.5455883575129885e-01,-6.1101660193249021e+00,8.5473006264914081e-04
2.6285070236843250e-01,-9.5348377850112864e-01,-6.1201660193248895e+00,8.4713558631786812e-04
2.5964016134219425e-01,-9.5264503932423983e-01,-6.1301660193249070e+00,8.3941019744202634e-04
2.5439733234603207e-01,-9.5129753398572825e-01,-6.1401660193248890e+00,8.3217853626162456e-04
-2.5284552267859117e-01,-9.5090396180264447e-01,-6.1501660193248942e+00,8.2422254871601099e-04
2.5051979050600570e-01,-9.5031861535092599e-01,-6.1601660193248957e+00,8.1649919238223139e-04
-2.4612516836532305e-01,-9.4922733188476882e-01,-6.1701660193249035e+00,8.0925753734772076e-04
2.4552929836471565e-01,-9.4908085081107429e-01,-6.1801660193248864e+00,8.0132266031859292e-04
-2.4527872302415618e-01,-9.4901935861751985e-01,-6.1901660193249004e+00,7.9339815292063488e-04
2.4470231501231510e-01,-9.4887814411953264e-01,-6.2001660193248940e+00,7.8561464174040899e-04
-2.4153825377406613e-01,-9.4810889665145204e-01,-6.2101660193249044e+00,7.7839619450209183e-04
2.3903622524859797e-01,-9.4750769112388866e-01,-6.2201660193248891e+00,7.7111448191570162e-04
2.3883452753870443e-01,-9.4745949840565757e-01,-6.2301660193249182e+00,7.6347855784261785e-04
2.3732400947436669e-01,-9.4709987536983409e-01,-6.2401660193248949e+00,7.5615370066219999e-04
2.3535046302758472e-01,-9.4663345285698874e-01,-6.2501660193249009e+00,7.4897910488807315e-04
2.3426038652614356e-01,-9.4637749698102858e-01,-6.2601660193249007e+00,7.4171646066832717e-04
-2.3393035198066567e-01,-9.4630023742223857e-01,-6.2701660193248960e+00,7.3439299526074095e-04
2.2337590238084415e-01,-9.4388692951556763e-01,-6.2801660193248861e+00,7.2884246344119433e-04
2.2334708248348900e-01,-9.4388049226028270e-01,-6.2901660193248929e+00,7.2159500483559146e-04
-2.1924232789143655e-01,-9.4297213180296757e-01,-6.3001660193249061e+00,7.1506425574891137e-04
2.1887212403146192e-01,-9.4289103597236124e-01,-6.3101660193248987e+00,7.0800666158443151e-04
2.1665888007977097e-01,-9.4240906779204980e-01,-6.3201660193248861e+00,7.0129980034305567e-04
-2.1642003822326486e-01,-9.4235734910561919e-01,-6.3301660193249081e+00,6.9435766107546969e-04
2.1340680671933820e-01,-9.4170976521041194e-01,-6.3401660193248830e+00,6.8789401178571778e-04
-2.1161041379745649e-01,-9.4132801624710483e-01,-6.3501660193249094e+00,6.8130939152131911e-04
-2.1040399866981346e-01,-9.4107345396146291e-01,-6.3601660193248941e+00,6.7470198162685976e-04
2.1016808198053058e-01,-9.4102384397502703e-01,-6.3701660193248877e+00,6.6802172446656278e-04
-2.0901845576672992e-01,-9.4078289005889371e-01,-6.3801660193248928e+00,6.6153417729723101e-04
2.0803251626203662e-01,-9.4057729654449673e-01,-6.3901660193248988e+00,6.5508646993822509e-04
2.0729109875719387e-01,-9.4042333244532184e-01,-6.4001660193248995e+00,6.4866811456766550e-04
2.0519225065029612e-01,-9.3999046249680640e-01,-6.4101660193248904e+00,6.4249181419942904e-04
-2.0243528010304390e-01,-9.3942855394853841e-01,-6.4201660193248964e+00,6.3645644369070351e-04
2.0210281953022985e-01,-9.3936130746437385e-01,-6.4301660193248935e+00,6.3016597128577687e-04
1.9871772621846523e-01,-9.3868289999005794e-01,-6.4401660193249013e+00,6.2431911422450791e-04
-1.9259845310966550e-01,-9.3748561470345748e-01,-6.4501660193249020e+00,6.1884752890586881e-04
1.9052608664342746e-01,-9.3708862747916888e-01,-6.4601660193249000e+00,6.1293317145535780e-04
1.8953233771745712e-01,-9.3689978615366154e-01,-6.4701660193248838e+00,6.0694899072912510e-04
1.8854530948646525e-01,-9.3671319949801291e-01,-6.4801660193249280e+00,6.0102187956653764e-04
-1.8122011273232763e-01,-9.3535889726269827e-01,-6.4901660193248931e+00,5.9584802406926162e-04
1.7960392187033497e-01,-9.3506731700894219e-01,-6.5001660193248920e+00,5.9009127105003523e-04
-1.7454087820458272e-01,-9.3417079171555295e-01,-6.5101660193248971e+00,5.8474376745167869e-04
-1.7418813123133098e-01,-9.3410928516427116e-01,-6.5201660193249014e+00,5.7896107855556376e-04
-1.7418048890689941e-01,-9.3410795399126267e-01,-6.5301660193248852e+00,5.7320108260048577e-04
-1.7270103366832856e-01,-9.3385135614839410e-01,-6.5401660193249009e+00,5.6764327388712907e-04
1.7157643792136457e-01,-9.3365776965823144e-01,-6.5501660193249043e+00,5.6210393413655196e-04
1.6944804749156847e-01,-9.3329485303269188e-01,-6.5601660193248890e+00,5.5671291025496928e-04
1.6717851933034295e-01,-9.3291286129608242e-01,-6.5701660193248967e+00,5.5138410819374620e-04
1.6245612242020868e-01,-9.3213452848924438e-01,-6.5801660193249019e+00,5.4632280016885806e-04
-1.6202878102492890e-01,-9.3206519557355161e-01,-6.5901660193248821e+00,5.4092430003936317e-04
-1.6080289978184731e-01,-9.3186731892246488e-01,-6.6001660193249112e+00,5.3564799507026467e-04
1.5245518383819218e-01,-9.3055982417290795e-01,-6.6101660193249039e+00,5.3101205023895067e-04
-1.5203500614404875e-01,-9.3049585417994995e-01,-6.6201660193248770e+00,5.2576202397513507e-04
1.5185614057509647e-01,-9.3046867634852115e-01,-6.6301660193249310e+00,5.2054475151344388e-04
1.4832852170661634e-01,-9.2993920780917450e-01,-6.6401660193248597e+00,5.1563818662896999e-04
-1.4667013184404259e-01,-9.2969459642091390e-01,-6.6501660193249164e+00,5.1063239216951422e-04
-1.4556065098508941e-01,-9.2953248419094092e-01,-6.6601660193248859e+00,5.0563347770124251e-04
-1.4553618711614702e-01,-9.2952892351349259e-01,-6.6701660193249168e+00,5.0060412302275115e-04
-1.4494520538142958e-01,-9.2944308891487182e-01,-6.6801660193248669e+00,4.9566557220241246e-04
1.4378063383515105e-01,-9.2927496796635833e-01,-6.6901660193249173e+00,4.9081612689097368e-04
-1.4052840018135004e-01,-9.2881264826210430e-01,-6.7001660193248824e+00,4.8615713290425355e-04
1.3826579665029434e-01,-9.2849724789500976e-01,-6.7101660193249124e+00,4.8147162098856648e-04
-1.3815700250864396e-01,-9.2848221130442621e-01,-6.7201660193248767e+00,4.7668806602408541e-04
-1.3613781250086110e-01,-9.2820528462959928e-01,-6.7301660193249155e+00,4.7207565275843657e-04
-1.3545341679985051e-01,-9.2811234669471643e-01,-6.7401660193248771e+00,4.6742186073438766e-04
1.3542696770899451e-01,-9.2810876442476598e-01,-6.7501660193249133e+00,4.6277259328417588e-04
-1.3508211749713106e-01,-9.2806212186709380e-01,-6.7601660193248811e+00,4.5818929966712479e-04
1.3481848092796608e-01,-9.2802654403320162e-01,-6.7701660193249182e+00,4.5364637942949568e-04
1.3460272391557468e-01,-9.2799747927608567e-01,-6.7801660193248727e+00,4.4914557665249135e-04
1.3450678866703905e-01,-9.2798457073209917e-01,-6.7901660193249160e+00,4.4468224365720765e-04
-1.3342836376954029e-01,-9.2784009676244783e-01,-6.8001660193248785e+00,4.4032119175940634e-04
-1.3317307657288663e-01,-9.2780606679528344e-01,-6.8101660193249165e+00,4.3595475797129468e-04
-1.3207554660985105e-01,-9.2766050763948493e-01,-6.8201660193248683e+00,4.3167976602109863e-04
-1.3109355585276350e-01,-9.2753129282640023e-01,-6.8301660193249196e+00,4.2743970855587928e-04
1.3089942529119275e-01,-9.2750586240412169e-01,-6.8401660193248786e+00,4.2319737434465444e-04
-1.3034070074147072e-01,-9.2743288176822825e-01,-6.8501660193249103e+00,4.1901706912929966e-04
-1.2834049145737114e-01,-9.2717417350709930e-01,-6.8601660193249190e+00,4.1495511806129539e-04
1.2777642056559188e-01,-9.2710193945961694e-01,-6.8701660193248753e+00,4.1085592236432674e-04
1.2240807856865578e-01,-9.2643040148277456e-01,-6.8801660193249150e+00,4.0704108942158247e-04
1.2206464855427193e-01,-9.2638842184667847e-01,-6.8901660193248739e+00,4.0300788068000601e-04
-1.1901549852396820e-01,-9.2602087707779379e-01,-6.9001660193249190e+00,3.9914456180579859e-04
-1.1873025652441521e-01,-9.2598696954051618e-01,-6.9101660193248833e+00,3.9518640662836933e-04
1.1746531103101898e-01,-9.2583758228114643e-01,-6.9201660193249088e+00,3.9131268894633872e-04
1.1725655510520076e-01,-9.2581308249090899e-01,-6.9301660193248731e+00,3.8742855443731810e-04
-1.1667750789772927e-01,-9.2574535305795180e-01,-6.9401660193249235e+00,3.8359955601092050e-04
-1.1389207911095342e-01,-9.2542423547544728e-01,-6.9501660193248753e+00,3.7990465113291584e-04
-1.1272455139214041e-01,-9.2529194487661914e-01,-6.9601660193249106e+00,3.7617429772624487e-04
-1.0898673926983507e-01,-9.2487758730167502e-01,-6.9701660193248811e+00,3.7258565263146518e-04
1.0791910464966789e-01,-9.2476179920753243e-01,-6.9801660193249200e+00,3.6892107764061684e-04
1.0380126370314258e-01,-9.2432588380652414e-01,-6.9901660193248638e+00,3.6540950450244283e-04
1.0324938329610658e-01,-9.2426875020885269e-01,-7.0001660193249240e+00,3.6179428920186490e-04
-1.0314106907860499e-01,-9.2425757269867825e-01,-7.0101660193248723e+00,3.5819837961937993e-04
-1.0274898143977595e-01,-9.2421720922679518e-01,-7.0201660193249227e+00,3.5464856074968621e-04
1.0271728608549313e-01,-9.2421395306372400e-01,-7.0301660193248745e+00,3.5112089191464599e-04
1.0263691643371578e-01,-9.2420570094085019e-01,-7.0401660193249143e+00,3.4763004933998655e-04
1.0132658905335411e-01,-9.2407207145793313e-01,-7.0501660193248732e+00,3.4421706703078377e-04
-9.9821171600376096e-02,-9.2392066578317533e-01,-7.0601660193249218e+00,3.4084365174401863e-04
-9.8148989323479763e-02,-9.2375514468594977e-01,-7.0701660193248737e+00,3.3750806082505304e-04
9.8080083855292516e-02,-9.2374838405787008e-01,-7.0801660193249205e+00,3.3415205857898590e-04
9.7790634591205600e-02,-9.2372003674021486e-01,-7.0901660193248635e+00,3.3083656823945363e-04
-9.7517855461806496e-02,-9.2369339870027434e-01,-7.1001660193249299e+00,3.2755341464832459e-04
9.7263181526835524e-02,-9.2366859587370054e-01,-7.1101660193249048e+00,3.2430224722919816e-04
-9.4459510786931378e-02,-9.2339983222239264e-01,-7.1201660193248903e+00,3.2116169094413045e-04
-9.0470185931957645e-02,-9.2303095990462092e-01,-7.1301660193249061e+00,3.1808338924523683e-04
-8.8659861460211653e-02,-9.2286881815041144e-01,-7.1401660193248810e+00,3.1496947220333027e-04
-8.8645426828549923e-02,-9.2286753848214742e-01,-7.1501660193249181e+00,3.1183587263717346e-04
8.7213772444718340e-02,-9.2274165368535899e-01,-7.1601660193248691e+00,3.0877192110556894e-04
8.7085286066444278e-02,-9.2273045615797666e-01,-7.1701660193249195e+00,3.0570301225564989e-04
-8.4419831062480410e-02,-9.2250188657164833e-01,-7.1801660193248802e+00,3.0273040351610901e-04
8.3991117846542673e-02,-9.2246578657189537e-01,-7.1901660193249199e+00,2.9972900569365935e-04
-8.3814465144323183e-02,-9.2245096491705392e-01,-7.2001660193248691e+00,2.9675105056587602e-04
-8.3214887181253361e-02,-9.2240089135763381e-01,-7.2101660193249142e+00,2.9381304017400689e-04
8.2975704769438552e-02,-9.2238101642433201e-01,-7.2201660193248784e+00,2.9089533304551255e-04
-8.2345076466743661e-02,-9.2232888844249639e-01,-7.2301660193249093e+00,2.8801588941585181e-04
-8.2273469884712139e-02,-9.2232299455677480e-01,-7.2401660193248807e+00,2.8515176408024881e-04
-8.2078657652508311e-02,-9.2230698565435831e-01,-7.2501660193249204e+00,2.8231897620168453e-04
8.1679647939169375e-02,-9.2227431507707280e-01,-7.2601660193248732e+00,2.7951898735023247e-04
-8.0310378642045377e-02,-9.2216341109215383e-01,-7.2701660193249209e+00,2.7676841997447446e-04
-7.9249714313543385e-02,-9.2207879124272862e-01,-7.2801660193248701e+00,2.7403771623194824e-04
-7.8188974729213129e-02,-9.2199529051794227e-01,-7.2901660193249196e+00,2.7133365100705345e-04
7.7510234506398212e-02,-9.2194245085995785e-01,-7.3001660193248741e+00,2.6864803096514486e-04
-7.6807868981649194e-02,-9.2188825700209054e-01,-7.3101660193249165e+00,2.6598935299266711e-04
-7.6778591617856551e-02,-9.2188600869875026e-01,-7.3201660193248701e+00,2.6334330678442190e-04
7.4180462051141594e-02,-9.2168990310839993e-01,-7.3301660193249187e+00,2.6077413135181719e-04
7.4172961041288288e-02,-9.2168934670815572e-01,-7.3401660193248670e+00,2.5817952904207646e-04
7.3436338435182616e-02,-9.2163498053472281e-01,-7.3501660193249228e+00,2.5562449675349075e-04
-7.3352900375400612e-02,-9.2162885663008121e-01,-7.3601660193249163e+00,2.5308254036160834e-04
-7.3191661901044050e-02,-9.2161704231925778e-01,-7.3701660193248806e+00,2.5056728727216329e-04
7.2997903625534502e-02,-9.2160287960020093e-01,-7.3801660193249123e+00,2.4807761453545673e-04
-7.2474228871258456e-02,-9.2156478955858123e-01,-7.3901660193248775e+00,2.4561855647059044e-04
-7.0962336938469664e-02,-9.2145635926522396e-01,-7.4001660193249128e+00,2.4320097992338712e-04
-7.0251733790817450e-02,-9.2140618568364741e-01,-7.4101660193248815e+00,2.4079317089351472e-04
6.9749713667139140e-02,-9.2137104391166347e-01,-7.4201660193249213e+00,2.3840561665966305e-04
6.8637900962070120e-02,-9.2129411335757894e-01,-7.4301660193248713e+00,2.3605160002066559e-04
6.8350170636239937e-02,-9.2127440554634099e-01,-7.4401660193249155e+00,2.3370745317366162e-04
6.7121371732410395e-02,-9.2119117190495969e-01,-7.4501660193248709e+00,2.3140128473055085e-04
6.6203747751506434e-02,-9.2113000074151197e-01,-7.4601660193249204e+00,2.2911281814580976e-04
-6.6072713791374096e-02,-9.2112133438721788e-01,-7.4701660193248687e+00,2.2683507333966758e-04
-6.6071783616335686e-02,-9.2112127292846135e-01,-7.4801660193249200e+00,2.2457804045069376e-04
-6.5824163410928963e-02,-9.2110494287771383e-01,-7.4901660193248718e+00,2.2234708252142832e-04
-6.3956367435084344e-02,-9.2098374110108527e-01,-7.5001660193249187e+00,2.2016137441766096e-04
-6.3872183595474336e-02,-9.2097836055196647e-01,-7.5101660193248811e+00,2.1797190494558775e-04
-6.3354810836785902e-02,-9.2094544866142192e-01,-7.5201660193249156e+00,2.1581015085654404e-04
-6.2973481339711174e-02,-9.2092136230936095e-01,-7.5301660193248807e+00,2.1366795039640956e-04
6.2605908345276573e-02,-9.2089828251320804e-01,-7.5401660193249151e+00,2.1154680116818871e-04
6.2162546937741564e-02,-9.2087062375423290e-01,-7.5501660193248670e+00,2.0944766830920567e-04
-6.1480706891431869e-02,-9.2082847129327450e-01,-7.5601660193249183e+00,2.0737237026018039e-04
-6.1351933201839945e-02,-9.2082056248714095e-01,-7.5701660193248737e+00,2.0531060445561831e-04
6.1328526993010141e-02,-9.2081912674490562e-01,-7.5801660193249241e+00,2.0326802164849012e-04
-6.0328321949718822e-02,-9.2075828584797392e-01,-7.5901660193248759e+00,2.0125771536705535e-04
6.0280655417368802e-02,-9.2075541134211325e-01,-7.6001660193249183e+00,1.9925574040085230e-04
-6.0094114516477240e-02,-9.2074418393309920e-01,-7.6101660193249154e+00,1.9727532753578870e-04
-5.9272965508979474e-02,-9.2069517485345376e-01,-7.6201660193248788e+00,1.9532197754541434e-04
-5.9233027082085672e-02,-9.2069280838199297e-01,-7.6301660193249159e+00,1.9337894902161164e-04
-5.8696620661636383e-02,-9.2066117927188751e-01,-7.6401660193248722e+00,1.9146085197004387e-04
5.8335376846749901e-02,-9.2064004072926564e-01,-7.6501660193249155e+00,1.8955979163779181e-04
5.8168852921705150e-02,-9.2063034035845293e-01,-7.6601660193248744e+00,1.8767546070926183e-04
-5.7412561028618636e-02,-9.2058663371527194e-01,-7.6701660193249159e+00,1.8581617989799071e-04
5.6935359113450004e-02,-9.2055935019202817e-01,-7.6801660193248740e+00,1.8397229735989722e-04
5.6782621878593301e-02,-9.2055066570704314e-01,-7.6901660193249164e+00,1.8214332422970654e-04
-5.6463336355240312e-02,-9.2053258680952199e-01,-7.7001660193248771e+00,1.8033422808670755e-04
-5.5746439340814614e-02,-9.2049236538292900e-01,-7.7101660193249213e+00,1.7854705380931815e-04
-5.5700675373296066e-02,-9.2048981525186013e-01,-7.7201660193248687e+00,1.7677093172879880e-04
-5.5349657446328256e-02,-9.2047032492305236e-01,-7.7301660193249209e+00,1.7501544264505566e-04
5.5049474416518182e-02,-9.2045375495010695e-01,-7.7401660193248754e+00,1.7327688106372581e-04
-5.4764452465747133e-02,-9.2043810526027603e-01,-7.7501660193249249e+00,1.7155543205800007e-04
-5.4182952868370660e-02,-9.2040642882410750e-01,-7.7601660193248740e+00,1.6985380726586792e-04
5.4147030808415042e-02,-9.2040448310602319e-01,-7.7701660193249085e+00,1.6816406084476586e-04
5.3910586610823603e-02,-9.2039170830770101e-01,-7.7801660193248710e+00,1.6649292738193553e-04
-5.3624767621561875e-02,-9.2037634048457273e-01,-7.7901660193249276e+00,1.6483882826938108e-04
-5.3271653572712671e-02,-9.2035746717052502e-01,-7.8001660193248776e+00,1.6320173465204154e-04
-5.3209010475436358e-02,-9.2035413203122707e-01,-7.8101660193249041e+00,1.6157838914536188e-04
-5.1860638249210604e-02,-9.2028329553314725e-01,-7.8201660193248710e+00,1.5998198947334924e-04
-5.1650672632010612e-02,-9.2027242862500902e-01,-7.8301660193249258e+00,1.5839186330141795e-04
-5.1226719335885566e-02,-9.2025062102029831e-01,-7.8401660193248759e+00,1.5681925774389265e-04
-4.9791826322140173e-02,-9.2017814561758660e-01,-7.8501660193249148e+00,1.5527013291563216e-04
4.9095674902412047e-02,-9.2014372528040111e-01,-7.8601660193249234e+00,1.5373046064255693e-04
-4.8341636315542530e-02,-9.2010698953417158e-01,-7.8701660193248681e+00,1.5220640831464417e-04
4.6149115914499314e-02,-9.2000340308318440e-01,-7.8801660193249283e+00,1.5070753969810707e-04
-4.5961756275111988e-02,-9.1999477415328590e-01,-7.8901660193248713e+00,1.4920926213357369e-04
-4.5766046442421104e-02,-9.1998579813682435e-01,-7.9001660193249208e+00,1.4772593115361217e-04
-4.5560383164500812e-02,-9.1997640689038751e-01,-7.9101660193248717e+00,1.4625740711198581e-04
4.5468006674612677e-02,-9.1997220244882083e-01,-7.9201660193249150e+00,1.4480273040913861e-04
4.5092966131445825e-02,-9.1995522043060529e-01,-7.9301660193248669e+00,1.4336435376339493e-04
4.4703779968261470e-02,-9.1993774660506489e-01,-7.9401660193249226e+00,1.4194033482797642e-04
-4.4283529206771366e-02,-9.1991904811284297e-01,-7.9501660193248807e+00,1.4053063258511860e-04
4.4051208514516230e-02,-9.1990878711913415e-01,-7.9601660193249080e+00,1.3913375707083975e-04
-4.3954878423117308e-02,-9.1990454830193502e-01,-7.9701660193248740e+00,1.3774993695245117e-04
-4.3332532065254004e-02,-9.1987738680093256e-01,-7.9801660193249182e+00,1.3638300649558661e-04
-4.2803563375656398e-02,-9.1985460515216644e-01,-7.9901660193248674e+00,1.3502904905650311e-04
4.1879790169756237e-02,-9.1981549104567084e-01,-8.0001660193249204e+00,1.3369071666035452e-04
-4.1219210118061289e-02,-9.1978804427471794e-01,-8.0101660193248758e+00,1.3236410472080564e-04
4.0093327029980655e-02,-9.1974227006950593e-01,-8.0201660193249342e+00,1.3105305858548659e-04
-4.0003916534662357e-02,-9.1973868930239555e-01,-8.0301660193248718e+00,1.2974952346688349e-04
-3.9828347383787474e-02,-9.1973168126100124e-01,-8.0401660193249018e+00,1.2845939438301665e-04
3.9336095427892320e-02,-9.1971219683509564e-01,-8.0501660193248856e+00,1.2718368012927636e-04
3.8902051298729576e-02,-9.1969521743096394e-01,-8.0601660193249156e+00,1.2592031940143384e-04
3.8153176518894466e-02,-9.1966636507258037e-01,-8.0701660193248692e+00,1.2467098828918062e-04
3.7970404011744466e-02,-9.1965940842374705e-01,-8.0801660193249205e+00,1.2343134989461078e-04
3.7314926361233069e-02,-9.1963473449801159e-01,-8.0901660193248794e+00,1.2220620271217065e-04
-3.7110027929008832e-02,-9.1962710971978534e-01,-8.1001660193249148e+00,1.2099115320549082e-04
3.7030139373960977e-02,-9.1962414824436700e-01,-8.1101660193249181e+00,1.1978762586380007e-04
-3.6685235284843562e-02,-9.1961143587729166e-01,-8.1201660193248699e+00,1.1859722671356577e-04
-3.5786258577081009e-02,-9.1957886078481232e-01,-8.1301660193249230e+00,1.1742098952816568e-04
3.5705969443216870e-02,-9.1957599076027940e-01,-8.1401660193248695e+00,1.1625296480941165e-04
-3.4961244655065365e-02,-9.1954967694725509e-01,-8.1501660193249172e+00,1.1509925714288404e-04
3.4648012785408612e-02,-9.1953877502832837e-01,-8.1601660193248744e+00,1.1395524272301554e-04
-3.3485227785108151e-02,-9.1949916287324973e-01,-8.1701660193249168e+00,1.1282583829884889e-04
3.3414559459767408e-02,-9.1949679902528458e-01,-8.1801660193248757e+00,1.1170346650009039e-04
-3.3115220081500349e-02,-9.1948684153386262e-01,-8.1901660193249164e+00,1.1059309966197421e-04
3.2741198306680361e-02,-9.1947452566661814e-01,-8.2001660193248807e+00,1.0949402843976083e-04
3.1892351697631174e-02,-9.1944709368174216e-01,-8.2101660193249213e+00,1.0840751844592539e-04
3.1684881913235353e-02,-9.1944049850426735e-01,-8.2201660193248713e+00,1.0732955346967282e-04
3.1647267041351290e-02,-9.1943930738893276e-01,-8.2301660193249120e+00,1.0626173313892212e-04
3.1597815597359802e-02,-9.1943774360860187e-01,-8.2401660193248798e+00,1.0520457574480924e-04
-3.1279556635513593e-02,-9.1942773796499666e-01,-8.2501660193249204e+00,1.0415881489656239e-04
3.0790821302664292e-02,-9.1941256997158582e-01,-8.2601660193248634e+00,1.0312398154386769e-04
-3.0755976600411471e-02,-9.1941149768166197e-01,-8.2701660193249236e+00,1.0209799026163990e-04
-3.0707625484005512e-02,-9.1941001176477244e-01,-8.2801660193248807e+00,1.0108224848437361e-04
3.0184099076598775e-02,-9.1939407255187244e-01,-8.2901660193249125e+00,1.0007805845971072e-04
-3.0099943431260347e-02,-9.1939153593062195e-01,-8.3001660193248803e+00,9.9082516474477414e-05
-2.9997373377940166e-02,-9.1938845383812728e-01,-8.3101660193249103e+00,9.8096931306352366e-05
2.9879383434602339e-02,-9.1938492141055550e-01,-8.3201660193248763e+00,9.7121193604137178e-05
-2.9049879300907203e-02,-9.1936048037703810e-01,-8.3301660193249134e+00,9.6157171733230251e-05
2.8586281601931635e-02,-9.1934712038125188e-01,-8.3401660193248848e+00,9.5201663773608261e-05
2.8343797567636116e-02,-9.1934021806361699e-01,-8.3501660193249077e+00,9.4255041967695999e-05
-2.7904081466863725e-02,-9.1932785151459417e-01,-8.3601660193249305e+00,9.3318342648859552e-05
2.7852164147488728e-02,-9.1932640415718880e-01,-8.3701660193248717e+00,9.2389943346428654e-05
-2.7144798873382142e-02,-9.1930695268627760e-01,-8.3801660193249141e+00,9.1472427306177253e-05
2.6867938290161663e-02,-9.1929947568732140e-01,-8.3901660193248748e+00,9.0562938583582970e-05
-2.5407163670126350e-02,-9.1926129461621975e-01,-8.4001660193249243e+00,8.9665245738274919e-05
2.5400835026148053e-02,-9.1926113384335228e-01,-8.4101660193248691e+00,8.8773075908563071e-05
2.5303086573342980e-02,-9.1925865572840848e-01,-8.4201660193249168e+00,8.7889986845891027e-05
2.5097748647643948e-02,-9.1925348112692962e-01,-8.4301660193248740e+00,8.7015917136523145e-05
-2.4746293685451767e-02,-9.1924472215892283e-01,-8.4401660193249217e+00,8.6150848883766347e-05
2.4577756327083890e-02,-9.1924056568637624e-01,-8.4501660193248753e+00,8.5293988136109908e-05
2.4303890525237081e-02,-9.1923387218067087e-01,-8.4601660193249177e+00,8.4445864010936373e-05
-2.4265864999930106e-02,-9.1923294873543693e-01,-8.4701660193248607e+00,8.3605690830078198e-05
2.3881311234018383e-02,-9.1922369114646751e-01,-8.4801660193249297e+00,8.2774566596165348e-05
2.3852598658201243e-02,-9.1922300586471406e-01,-8.4901660193248638e+00,8.1951002056705462e-05
-2.3720196561172056e-02,-9.1921985649578974e-01,-8.5001660193249293e+00,8.1135831488077584e-05
2.3446370189489717e-02,-9.1921339877087072e-01,-8.5101660193248705e+00,8.0329035217013885e-05
-2.3313208200644447e-02,-9.1921028547164274e-01,-8.5201660193249147e+00,7.9529995562120594e-05
-2.3007141865540655e-02,-9.1920319692175001e-01,-8.5301660193248825e+00,7.8739217029242321e-05
2.2970477426957563e-02,-9.1920235404995065e-01,-8.5401660193249089e+00,7.7955814436068833e-05
2.2841282798982770e-02,-9.1919939473329104e-01,-8.5501660193248750e+00,7.7180369523028973e-05
-2.2527624492781551e-02,-9.1919227956598337e-01,-8.5601660193249245e+00,7.6412955704000435e-05
-2.2355979089564507e-02,-9.1918842753386598e-01,-8.5701660193248728e+00,7.5652925507969633e-05
2.2291716967156983e-02,-9.1918699295601136e-01,-8.5801660193249223e+00,7.4900273771996885e-05
-2.2254253215948122e-02,-9.1918615852643926e-01,-8.5901660193248723e+00,7.4155065472890019e-05
-2.2032938027407866e-02,-9.1918125781239923e-01,-8.6001660193249059e+00,7.3417570040725688e-05
2.1053355755939598e-02,-9.1916015452763256e-01,-8.6101660193249216e+00,7.2688586964851404e-05
-2.1032545471036071e-02,-9.1915971661783502e-01,-8.6201660193249285e+00,7.1965354954339677e-05
-2.0903416491557046e-02,-9.1915700904384923e-01,-8.6301660193248182e+00,7.1249480621230906e-05
-2.0839349809134620e-02,-9.1915567188357317e-01,-8.6401660193249246e+00,7.0540630767822955e-05
2.0798070039292828e-02,-9.1915481249201914e-01,-8.6501660193249190e+00,6.9838799783093801e-05
2.0764582628402826e-02,-9.1915411657920532e-01,-8.6601660193249117e+00,6.9143940232631199e-05
2.0251991904599795e-02,-9.1914360422139141e-01,-8.6701660193248262e+00,6.8456666169271801e-05
-1.9972188715982803e-02,-9.1913797679439291e-01,-8.6801660193249361e+00,6.7775892362715792e-05
-1.9736461326277929e-02,-9.1913329658618126e-01,-8.6901660193249093e+00,6.7101825015687542e-05
-1.9355108197515788e-02,-9.1912584274000819e-01,-8.7001660193249268e+00,6.6434645892831564e-05
1.9146122847983671e-02,-9.1912181964339446e-01,-8.7101660193248218e+00,6.5773874735510163e-05
-1.8893082826492633e-02,-9.1911700692268383e-01,-8.7201660193249158e+00,6.5119727149229580e-05
1.8858012749508574e-02,-9.1911634495576977e-01,-8.7301660193249244e+00,6.4471817716081533e-05
1.8593121740476101e-02,-9.1911138472136755e-01,-8.7401660193249224e+00,6.3830629025410119e-05
-1.8447797259046717e-02,-9.1910869324519495e-01,-8.7501660193248281e+00,6.3195673744139262e-05
1.8356525763762295e-02,-9.1910701365239733e-01,-8.7601660193249113e+00,6.2566971370992753e-05
1.8183770990820070e-02,-9.1910385739706280e-01,-8.7701660193249147e+00,6.1944615116753420e-05
1.8145611533920136e-02,-9.1910316424230942e-01,-8.7801660193249216e+00,6.1328298407984324e-05
1.8123581550144326e-02,-9.1910276473744179e-01,-8.7901660193248361e+00,6.0718095900119494e-05
1.8123150907445110e-02,-9.1910275693274646e-01,-8.8001660193249105e+00,6.0113941220645882e-05
1.8120339957714466e-02,-9.1910270599343102e-01,-8.8101660193249192e+00,5.9515800543201230e-05
-1.7836918495206987e-02,-9.1909761046404181e-01,-8.8201660193249243e+00,5.8923908680988247e-05
-1.7809117728413967e-02,-9.1909711497047175e-01,-8.8301660193248264e+00,5.8337634899385087e-05
1.7786095915625588e-02,-9.1909670523729936e-01,-8.8401660193249132e+00,5.7757189398482415e-05
1.7585207398846298e-02,-9.1909315239296974e-01,-8.8501660193249236e+00,5.7182698922652862e-05
1.7108901393318707e-02,-9.1908488988678261e-01,-8.8601660193249199e+00,5.6614189334858559e-05
-1.6994467122479706e-02,-9.1908293858972800e-01,-8.8701660193249179e+00,5.6050978110822541e-05
1.6989144599325424e-02,-9.1908284815044783e-01,-8.8801660193248253e+00,5.5493266578874154e-05
-1.6811806777113879e-02,-9.1907985105689494e-01,-8.8901660193249210e+00,5.4941264014468770e-05
-1.6787138257635639e-02,-9.1907943663878000e-01,-8.9001660193249155e+00,5.4394611845602037e-05
1.6729412618331562e-02,-9.1907846925661663e-01,-8.9101660193249224e+00,5.3853428511409449e-05
-1.6450001152680256e-02,-9.1907383390230102e-01,-8.9201660193248227e+00,5.3317825090986770e-05
-1.6388812615067069e-02,-9.1907282922280531e-01,-8.9301660193249202e+00,5.2787356901541972e-05
1.6334203319809414e-02,-9.1907193573238588e-01,-8.9401660193249217e+00,5.2262160620148497e-05
-1.6309990961216905e-02,-9.1907154053591700e-01,-8.9501660193249108e+00,5.1742163881667338e-05
1.6092536341355684e-02,-9.1906801749628841e-01,-8.9601660193248343e+00,5.1227501225069874e-05
1.5649281853118990e-02,-9.1906098264459868e-01,-8.9701660193249229e+00,5.0718135864570026e-05
-1.4998198605714129e-02,-9.1905100561404773e-01,-8.9801660193249120e+00,5.0213982964728773e-05
-1.4988759538609665e-02,-9.1905086408959258e-01,-8.9901660193249135e+00,4.9714352521909320e-05
-1.4810965812392239e-02,-9.1904821498748734e-01,-9.0001660193248298e+00,4.9219816837415698e-05
1.4779168321494373e-02,-9.1904774454147697e-01,-9.0101660193249202e+00,4.8730094401916645e-05
1.4596877890725848e-02,-9.1904506705541789e-01,-9.0201660193249253e+00,4.8245351037280458e-05
1.4439436033067181e-02,-9.1904278128981598e-01,-9.0301660193249251e+00,4.7765410954038303e-05
-1.4330756805097433e-02,-9.1904121792864291e-01,-9.0401660193248290e+00,4.7290211105633018e-05
1.4324605011819001e-02,-9.1904112978771180e-01,-9.0501660193249069e+00,4.6819669769820477e-05
-1.4292151025192186e-02,-9.1904066542380292e-01,-9.0601660193249227e+00,4.6353827796840665e-05
1.4162035111745408e-02,-9.1903881425259260e-01,-9.0701660193249172e+00,4.5892684459037469e-05
1.4017680526447900e-02,-9.1903678031701019e-01,-9.0801660193248264e+00,4.5436137033059104e-05
1.4017499600101832e-02,-9.1903677778085890e-01,-9.0901660193249256e+00,4.4984040029866434e-05
-1.3992275637244134e-02,-9.1903642452209378e-01,-9.1001660193249148e+00,4.4536457085826689e-05
1.3867364571664986e-02,-9.1903468453342119e-01,-9.1101660193249199e+00,4.4093388655529485e-05
1.3800955332934418e-02,-9.1903376581739027e-01,-9.1201660193249197e+00,4.3654692214091581e-05
1.3514037622173632e-02,-9.1902984723976622e-01,-9.1301660193248377e+00,4.3220490131449711e-05
1.3321549704638919e-02,-9.1902726447660610e-01,-9.1401660193249104e+00,4.2790549586908618e-05
-1.3260099468931013e-02,-9.1902644775230247e-01,-9.1501660193249137e+00,4.2364811104911009e-05
-1.3181187172195630e-02,-9.1902540448097370e-01,-9.1601660193249241e+00,4.1943317949469773e-05
1.3146345550681129e-02,-9.1902494583400840e-01,-9.1701660193248227e+00,4.1525994008532040e-05
1.2957987917854104e-02,-9.1902248735877912e-01,-9.1801660193249273e+00,4.1112904539344978e-05
-1.2896229509957684e-02,-9.1902168900112624e-01,-9.1901660193249111e+00,4.0703856800347210e-05
-1.2891408581347810e-02,-9.1902162684094513e-01,-9.2001660193249304e+00,4.0298849163116606e-05
1.2822711124978013e-02,-9.1902074359363684e-01,-9.2101660193248271e+00,3.9897904153931393e-05
-1.2633611721056969e-02,-9.1901833670589872e-01,-9.2201660193249193e+00,3.9501008448914840e-05
1.2544683360565745e-02,-9.1901721717364793e-01,-9.2301660193249120e+00,3.9108010630427527e-05
1.2538937104951124e-02,-9.1901714510520038e-01,-9.2401660193249135e+00,3.8718882213325028e-05
-1.2470409152261545e-02,-9.1901628818555192e-01,-9.2501660193248334e+00,3.8333655747107859e-05
1.2279166300283979e-02,-9.1901392159585449e-01,-9.2601660193249202e+00,3.7952319316880295e-05
1.2226780984677062e-02,-9.1901327971996305e-01,-9.2701660193249200e+00,3.7574711548366468e-05
-1.2173680202965205e-02,-9.1901263187818150e-01,-9.2801660193249234e+00,3.7200861021897264e-05
-1.1981198090095971e-02,-9.1901030718717658e-01,-9.2901660193248219e+00,3.6830791890170121e-05
1.1933745589575637e-02,-9.1900973977523781e-01,-9.3001660193249194e+00,3.6464340078005648e-05
-1.1774800709514754e-02,-9.1900785559921383e-01,-9.3101660193249209e+00,3.6101581853673436e-05
-1.1774718609657280e-02,-9.1900785463250778e-01,-9.3201660193249243e+00,3.5742365146863603e-05
1.1683919033655010e-02,-9.1900678961533200e-01,-9.3301660193248210e+00,3.5386760358945501e-05
-1.1504887901143479e-02,-9.1900471385614846e-01,-9.3401660193249239e+00,3.5034728933876906e-05
-1.1441577844354883e-02,-9.1900398748512369e-01,-9.3501660193249112e+00,3.4686152751439637e-05
1.0403127035730392e-02,-9.1899264515940027e-01,-9.3601660193249216e+00,3.4341409274201473e-05
1.0238576954097576e-02,-9.1899094686236193e-01,-9.3701660193249214e+00,3.3999764284285291e-05
9.9206762608512189e-03,-9.1898774254207583e-01,-9.3801660193248235e+00,3.3661568839445947e-05
-9.7941106935870853e-03,-9.1898649493547857e-01,-9.3901660193249157e+00,3.3326672211776754e-05
9.7792584941535868e-03,-9.1898634958168723e-01,-9.4001660193249190e+00,3.2995071078640808e-05
9.7241942392648547e-03,-9.1898581261014090e-01,-9.4101660193249153e+00,3.2666782177078263e-05
-9.6164209080254054e-03,-9.1898477040887960e-01,-9.4201660193248333e+00,3.2341775970161391e-05
9.5201711637949039e-03,-9.1898384946283340e-01,-9.4301660193249237e+00,3.2019999411086515e-05
-9.4092871052754296e-03,-9.1898279997525423e-01,-9.4401660193249128e+00,3.1701428363832870e-05
-9.4020656798617461e-03,-9.1898273205286374e-01,-9.4501660193249091e+00,3.1385996013035786e-05
-9.3114207910046601e-03,-9.1898188391191304e-01,-9.4601660193248378e+00,3.1073726489649111e-05
9.2973081414394754e-03,-9.1898175260267789e-01,-9.4701660193249246e+00,3.0764541784709746e-05
9.2291502681803913e-03,-9.1898112124067577e-01,-9.4801660193249191e+00,3.0458448709622442e-05
9.2021463638651303e-03,-9.1898087238219051e-01,-9.4901660193249171e+00,3.0155389585642977e-05
9.0870060108693522e-03,-9.1897981947246021e-01,-9.5001660193248281e+00,2.9855369880902800e-05
-9.0556274151959697e-03,-9.1897953482728090e-01,-9.5101660193249202e+00,2.9558312400734927e-05
9.0393378022056783e-03,-9.1897938744729069e-01,-9.5201660193249129e+00,2.9264206591211985e-05
8.9853472980800410e-03,-9.1897890086637302e-01,-9.5301660193249216e+00,2.8973036968153970e-05
8.9568593389806085e-03,-9.1897864529794859e-01,-9.5401660193248290e+00,2.8684757764449372e-05
8.8220603652598862e-03,-9.1897744700788364e-01,-9.5501660193249105e+00,2.8399373686492933e-05
-8.8050589191975559e-03,-9.1897729716462473e-01,-9.5601660193249280e+00,2.8116799410004840e-05
-8.7709071740946914e-03,-9.1897699703966773e-01,-9.5701660193249172e+00,2.7837040936023781e-05
-8.7692048583160806e-03,-9.1897698211026302e-01,-9.5801660193248193e+00,2.7560058162237102e-05
8.4672573945754129e-03,-9.1897437985723252e-01,-9.5901660193249221e+00,2.7285902006366226e-05
-8.1969527923501286e-03,-9.1897212765087943e-01,-9.6001660193249201e+00,2.7014463587177001e-05
-8.1382433106845058e-03,-9.1897164813543142e-01,-9.6101660193249252e+00,2.6745678008270145e-05
-8.0756835516536986e-03,-9.1897114096575272e-01,-9.6201660193249161e+00,2.6479567495227211e-05
7.8762006455997367e-03,-9.1896954990164437e-01,-9.6301660193248182e+00,2.6216133107917376e-05
-7.5954309664637409e-03,-9.1896737791912264e-01,-9.6401660193249246e+00,2.5955334599508797e-05
-7.3974690826222531e-03,-9.1896589390775363e-01,-9.6501660193249208e+00,2.5697112839927118e-05
-7.3625576309297074e-03,-9.1896563626077388e-01,-9.6601660193249206e+00,2.5441428849909908e-05
-7.2988432179746376e-03,-9.1896516918949978e-01,-9.6701660193248262e+00,2.5188294167922870e-05
7.2847383755358097e-03,-9.1896506633993946e-01,-9.6801660193249184e+00,2.4937669018203031e-05
7.1181254033420571e-03,-9.1896386648796835e-01,-9.6901660193249217e+00,2.4689564689368684e-05
-6.9397180170116257e-03,-9.1896261247641731e-01,-9.7001660193249073e+00,2.4443930069000619e-05
6.8980548895008036e-03,-9.1896232421396873e-01,-9.7101660193248343e+00,2.4200715877148731e-05
6.8073803310052458e-03,-9.1896170284682499e-01,-9.7201660193249193e+00,2.3959929618688294e-05
-6.7737997138179844e-03,-9.1896147481462098e-01,-9.7301660193249244e+00,2.3721529744896101e-05
6.7009515363869931e-03,-9.1896098400908599e-01,-9.7401660193249100e+00,2.3485508107025211e-05
6.6410823277318490e-03,-9.1896058462058128e-01,-9.7501660193248352e+00,2.3251832683389615e-05
-6.5862044072465481e-03,-9.1896022167758651e-01,-9.7601660193249096e+00,2.3020481437672606e-05
-6.5490060696683488e-03,-9.1895997737358970e-01,-9.7701660193249271e+00,2.2791429388229799e-05
6.4783858427663434e-03,-9.1895951737490333e-01,-9.7801660193249109e+00,2.2564661256435329e-05
-6.4561730720103620e-03,-9.1895937371870740e-01,-9.7901660193248308e+00,2.2340142334841521e-05
6.4455351462997185e-03,-9.1895930509500057e-01,-9.8001660193249229e+00,2.2117855722349735e-05
6.4388756311886952e-03,-9.1895926219303647e-01,-9.8101660193249209e+00,2.1897780320258259e-05
6.4216731150236774e-03,-9.1895915157613761e-01,-9.8201660193249207e+00,2.1679896163710247e-05
6.4110231295355811e-03,-9.1895908324212316e-01,-9.8301660193248281e+00,2.1464179059316006e-05
-6.3978243927810255e-03,-9.1895899871181985e-01,-9.8401660193249114e+00,2.1250608705556762e-05
-6.3525298934401665e-03,-9.1895870995136297e-01,-9.8501660193249254e+00,2.1039167691283571e-05
-6.3261806139138068e-03,-9.1895854291391943e-01,-9.8601660193249128e+00,2.0829827954337350e-05
6.0832149156802894e-03,-9.1895703538519469e-01,-9.8701660193249161e+00,2.0622598792352047e-05
5.9810204669066835e-03,-9.1895641893625224e-01,-9.8801660193248235e+00,2.0417413092134641e-05
5.9648912219600657e-03,-9.1895632259698434e-01,-9.8901660193249263e+00,2.0214258384880691e-05
5.8973601924221849e-03,-9.1895592206195909e-01,-9.9001660193249155e+00,2.0013131169272438e-05
5.8609269095935002e-03,-9.1895570786545921e-01,-9.9101660193249259e+00,1.9814001431027575e-05
-5.7253790120293177e-03,-9.1895492261575518e-01,-9.9201660193248209e+00,1.9616864226827458e-05
5.6527048192065703e-03,-9.1895450916922605e-01,-9.9301660193249290e+00,1.9421681196273470e-05
-5.6280190151508829e-03,-9.1895436993235691e-01,-9.9401660193249146e+00,1.9228434916807063e-05
5.5857681147279152e-03,-9.1895413303605522e-01,-9.9501660193249215e+00,1.9037113302462601e-05
5.5852375556097542e-03,-9.1895413007261573e-01,-9.9601660193248200e+00,1.8847690916023071e-05
5.5550553794168206e-03,-9.1895396195347367e-01,-9.9701660193249140e+00,1.8660156395091807e-05
5.4907710178526865e-03,-9.1895360691652472e-01,-9.9801660193249155e+00,1.8474491295819954e-05
5.4623289475511563e-03,-9.1895345115210514e-01,-9.9901660193249349e+00,1.8290669885061978e-05
5.4590227965211537e-03,-9.1895343309828592e-01,-1.0000166019324832e+01,1.8108675005799147e-05
-5.4177460630295826e-03,-9.1895320861954122e-01,-1.0010166019324906e+01,1.7928494703473365e-05
-5.3954533463443088e-03,-9.1895308809174581e-01,-1.0020166019324913e+01,1.7750105339927463e-05
-5.3347727743709092e-03,-9.1895276253361657e-01,-1.0030166019324934e+01,1.7573494562018125e-05
5.3242924024269282e-03,-9.1895270667813278e-01,-1.0040166019324820e+01,1.7398636341329160e-05
-5.3192259874391551e-03,-9.1895267971589223e-01,-1.0050166019324921e+01,1.7225517481631966e-05
5.3006714938927330e-03,-9.1895258119248258e-01,-1.0060166019324909e+01,1.7054122399163507e-05
-5.2439763622295597e-03,-9.1895228227738324e-01,-1.0070166019324937e+01,1.6884436093041479e-05
-5.0621248541608968e-03,-9.1895134518735899e-01,-1.0080166019324814e+01,1.6716448811676290e-05
4.9582210769676957e-03,-9.1895082461146349e-01,-1.0090166019324927e+01,1.6550125982469119e-05
4.9199691037601651e-03,-9.1895063568133040e-01,-1.0100166019324906e+01,1.6385452573177142e-05
-4.8999493050708529e-03,-9.1895053738493560e-01,-1.0110166019324932e+01,1.6222416190583432e-05
-4.8427293890835315e-03,-9.1895025864730739e-01,-1.0120166019324918e+01,1.6061004929302972e-05
-4.8043200092328826e-03,-9.1895007337871504e-01,-1.0130166019324829e+01,1.5901198206094714e-05
-4.7982334041069968e-03,-9.1895004415523962e-01,-1.0140166019324921e+01,1.5742979100419745e-05
-4.7389483340977250e-03,-9.1894976144899609e-01,-1.0150166019324912e+01,1.5586338247441859e-05
4.7333642289648648e-03,-9.1894973500180144e-01,-1.0160166019324924e+01,1.5431251998751244e-05
-4.6974262846818026e-03,-9.1894956554018947e-01,-1.0170166019324821e+01,1.5277711064892073e-05
-4.6583317392683218e-03,-9.1894938266063597e-01,-1.0180166019324924e+01,1.5125698066043346e-05
4.6071990592207396e-03,-9.1894914577492515e-01,-1.0190166019324915e+01,1.4975198403036540e-05
-4.4755797297833435e-03,-9.1894854804029824e-01,-1.0200166019324918e+01,1.4826201551418504e-05
-4.4710965439324762e-03,-9.1894852798549209e-01,-1.0210166019324834e+01,1.4678678675492823e-05
4.4378376160283568e-03,-9.1894837983469257e-01,-1.0220166019324910e+01,1.4532625535347962e-05
-4.4264641576508383e-03,-9.1894832942580895e-01,-1.0230166019324926e+01,1.4388024220494139e-05
4.4243103607589252e-03,-9.1894831989442360e-01,-1.0240166019324919e+01,1.4244861123252592e-05
4.3726733188504943e-03,-9.1894809276931610e-01,-1.0250166019324823e+01,1.4103125590031132e-05
4.3683443339304975e-03,-9.1894807384944932e-01,-1.0260166019324917e+01,1.3962797409926909e-05
4.3203305979359835e-03,-9.1894786526157723e-01,-1.0270166019324925e+01,1.3823868137862272e-05
-4.3129806381436682e-03,-9.1894783353433196e-01,-1.0280166019324911e+01,1.3686318785890340e-05
-4.2981300281035532e-03,-9.1894776959420876e-01,-1.0290166019324831e+01,1.3550138505007447e-05
-4.2865365991727952e-03,-9.1894771983134749e-01,-1.0300166019324918e+01,1.3415313041743993e-05
-4.2355758609330489e-03,-9.1894750268477632e-01,-1.0310166019324917e+01,1.3281831330775506e-05
-4.2135972361011667e-03,-9.1894740983417356e-01,-1.0320166019324926e+01,1.3149676121873975e-05
4.1825452694680904e-03,-9.1894727947580501e-01,-1.0330166019324832e+01,1.3018836355432109e-05
4.1764365106468949e-03,-9.1894725394430321e-01,-1.0340166019324913e+01,1.2889297098385247e-05
-4.1657066705470761e-03,-9.1894720918937201e-01,-1.0350166019324915e+01,1.2761047020519687e-05
4.1475123806717848e-03,-9.1894713356281343e-01,-1.0360166019324931e+01,1.2634073436602100e-05
4.1149900472390449e-03,-9.1894699920488387e-01,-1.0370166019324907e+01,1.2508363986080752e-05
-4.0823772902222315e-03,-9.1894686553550931e-01,-1.0380166019324827e+01,1.2383905340243088e-05
4.0817879984691632e-03,-9.1894686312997165e-01,-1.0390166019324919e+01,1.2260683452765525e-05
4.0512000606648321e-03,-9.1894673874430521e-01,-1.0400166019324926e+01,1.2138689123940440e-05
-4.0296026806129525e-03,-9.1894665148222132e-01,-1.0410166019324912e+01,1.2017908197797906e-05
4.0254642393460476e-03,-9.1894663481451055e-01,-1.0420166019324832e+01,1.1898328211561426e-05
4.0103271464202459e-03,-9.1894657399525015e-01,-1.0430166019324925e+01,1.1779938584195454e-05
-3.8544971855902178e-03,-9.1894596120761629e-01,-1.0440166019324909e+01,1.1662733383634915e-05
3.7851408022526660e-03,-9.1894569627878586e-01,-1.0450166019324922e+01,1.1546690306579215e-05
3.7631126979474176e-03,-9.1894561314192824e-01,-1.0460166019324834e+01,1.1431799768786747e-05
3.7323372820804146e-03,-9.1894549780413304e-01,-1.0470166019324921e+01,1.1318052765939303e-05
-3.7147347671334470e-03,-9.1894543226053449e-01,-1.0480166019324907e+01,1.1205436993727325e-05
3.6684966266822064e-03,-9.1894526156708944e-01,-1.0490166019324928e+01,1.1093942926389459e-05
3.6016935351255636e-03,-9.1894501873149992e-01,-1.0500166019324826e+01,1.0983559017094445e-05
-3.5906917144689927e-03,-9.1894497916683360e-01,-1.0510166019324917e+01,1.0874271209084451e-05
-3.5862418731901439e-03,-9.1894496319872598e-01,-1.0520166019324920e+01,1.0766070574611173e-05
3.5514499182969592e-03,-9.1894483903160051e-01,-1.0530166019324913e+01,1.0658947706016486e-05
3.5476940633105778e-03,-9.1894482569992286e-01,-1.0540166019324840e+01,1.0552889544971202e-05
3.4176342315651691e-03,-9.1894437274520990e-01,-1.0550166019324916e+01,1.0447891271991786e-05
-3.4044547465693236e-03,-9.1894432778940016e-01,-1.0560166019324909e+01,1.0343933481884822e-05
-3.3294967493659581e-03,-9.1894407540764145e-01,-1.0570166019324919e+01,1.0241012208696774e-05
3.3237428490004101e-03,-9.1894405626660258e-01,-1.0580166019324839e+01,1.0139112628717402e-05
3.3222774998858794e-03,-9.1894405139723256e-01,-1.0590166019324910e+01,1.0038226821304871e-05
-3.3047881389083903e-03,-9.1894399344566102e-01,-1.0600166019324927e+01,9.9383453715118787e-06
3.2983315119469777e-03,-9.1894397212872081e-01,-1.0610166019324909e+01,9.8394573925544398e-06
3.2642195105834948e-03,-9.1894386019784613e-01,-1.0620166019324923e+01,9.7415542460610409e-06
-3.2262129374312064e-03,-9.1894373685829833e-01,-1.0630166019324825e+01,9.6446253513358419e-06
-3.1881307508634226e-03,-9.1894361472218178e-01,-1.0640166019324919e+01,9.5486608918984507e-06
-3.1563920366789637e-03,-9.1894351403868402e-01,-1.0650166019324928e+01,9.4536510803777651e-06
-3.0868021730361050e-03,-9.1894329680716724e-01,-1.0660166019324910e+01,9.3595877136480284e-06
-3.0732812535563710e-03,-9.1894325516217124e-01,-1.0670166019324833e+01,9.2664586457603281e-06
3.0379716700839879e-03,-9.1894314726927362e-01,-1.0680166019324911e+01,9.1742568315149437e-06
-2.9513362108383604e-03,-9.1894288782605416e-01,-1.0690166019324916e+01,9.0829738073291490e-06
-2.9386991257049182e-03,-9.1894285060961522e-01,-1.0700166019324927e+01,8.9925970425666017e-06
-2.9360596788889541e-03,-9.1894284285655847e-01,-1.0710166019324834e+01,8.9031192759935392e-06
2.9222946674031924e-03,-9.1894280253640104e-01,-1.0720166019324918e+01,8.8145321144490023e-06
-2.8714261021177065e-03,-9.1894265517726947e-01,-1.0730166019324907e+01,8.7268273404646320e-06
-2.8621141796766336e-03,-9.1894262848212827e-01,-1.0740166019324917e+01,8.6399941882304810e-06
-2.8613070308123084e-03,-9.1894262617230171e-01,-1.0750166019324839e+01,8.5540248294103544e-06
-2.8555053916634468e-03,-9.1894260958886043e-01,-1.0760166019324920e+01,8.4689110006869670e-06
2.8316816051185689e-03,-9.1894254184369584e-01,-1.0770166019324915e+01,8.3846444962857768e-06
-2.7990857805968790e-03,-9.1894245007394304e-01,-1.0780166019324922e+01,8.3012166513941166e-06
2.7718913371904833e-03,-9.1894237432413206e-01,-1.0790166019324817e+01,8.2186187881882373e-06
-2.7156350055017155e-03,-9.1894221997008096e-01,-1.0800166019324926e+01,8.1368434208473075e-06
-2.6928039513429425e-03,-9.1894215822989966e-01,-1.0810166019324919e+01,8.0558809734244818e-06
-2.6747805348797116e-03,-9.1894210985879432e-01,-1.0820166019324914e+01,7.9757240042366229e-06
2.6693089166568412e-03,-9.1894209523838577e-01,-1.0830166019324826e+01,7.8963643398724742e-06
-2.6453718849049025e-03,-9.1894203162954424e-01,-1.0840166019324926e+01,7.8177946991936684e-06
-2.6328652624495316e-03,-9.1894199862308457e-01,-1.0850166019324922e+01,7.7400065976920603e-06
-2.6193230730613415e-03,-9.1894196306001996e-01,-1.0860166019324911e+01,7.6629925177820715e-06
-2.5888691982590591e-03,-9.1894188375520236e-01,-1.0870166019324923e+01,7.5867450699165706e-06
2.5790358203327630e-03,-9.1894185834622077e-01,-1.0880166019324829e+01,7.5112558860222895e-06
-2.5454488572501056e-03,-9.1894177228828189e-01,-1.0890166019324914e+01,7.4365182811746078e-06
2.5183430693297439e-03,-9.1894170365924688e-01,-1.0900166019324921e+01,7.3625241932324311e-06
2.4612822168244633e-03,-9.1894156158841489e-01,-1.0910166019324921e+01,7.2892668890761325e-06
-2.4516446472176365e-03,-9.1894153791407762e-01,-1.0920166019324830e+01,7.2167376425352738e-06
-2.4047676814958566e-03,-9.1894142408714041e-01,-1.0930166019324911e+01,7.1449307164883619e-06
2.3819520368829907e-03,-9.1894136948109251e-01,-1.0940166019324918e+01,7.0738378542828948e-06
2.3669639546646240e-03,-9.1894133389252086e-01,-1.0950166019324925e+01,7.0034522408441635e-06
2.3423226043780051e-03,-9.1894127587093100e-01,-1.0960166019324824e+01,6.9337671290268832e-06
-2.3290462709360301e-03,-9.1894124486160556e-01,-1.0970166019324925e+01,6.8647752062198719e-06
2.3260989868177108e-03,-9.1894123800158767e-01,-1.0980166019324916e+01,6.7964695982673508e-06
-2.2779112064944063e-03,-9.1894112707307185e-01,-1.0990166019324912e+01,6.7288443422665680e-06
2.2726124386747626e-03,-9.1894111501698772e-01,-1.1000166019324835e+01,6.6618913027018775e-06
2.2609078519437178e-03,-9.1894108848549694e-01,-1.1010166019324924e+01,6.5956045516856631e-06
2.2340651363020611e-03,-9.1894102815685608e-01,-1.1020166019324909e+01,6.5299775838163948e-06
2.2241520014145018e-03,-9.1894100605940221e-01,-1.1030166019324918e+01,6.4650033641032760e-06
2.1880722222039819e-03,-9.1894092646336423e-01,-1.1040166019324836e+01,6.4006760152872173e-06
2.1640709619193841e-03,-9.1894087423490356e-01,-1.1050166019324916e+01,6.3369885557880351e-06
-2.1392196665950716e-03,-9.1894082076373040e-01,-1.1060166019324919e+01,6.2739348016029550e-06
-2.1258921236668622e-03,-9.1894079234200021e-01,-1.1070166019324917e+01,6.2115082838219407e-06
2.1147399684572216e-03,-9.1894076869590657e-01,-1.1080166019324830e+01,6.1497028891464854e-06
-2.1039283960133416e-03,-9.1894074589068719e-01,-1.1090166019324920e+01,6.0885124618555647e-06
-2.0937357639101493e-03,-9.1894072449806397e-01,-1.1100166019324915e+01,6.0279308795931232e-06
-2.0793459202906699e-03,-9.1894069447306759e-01,-1.1110166019324931e+01,5.9679521443802995e-06
-2.0730485010125887e-03,-9.1894068139838325e-01,-1.1120166019324916e+01,5.9085701056194707e-06
-2.0515603379551830e-03,-9.1894063708324958e-01,-1.1130166019324824e+01,5.8497791099981460e-06
-1.9971891737493499e-03,-9.1894052701563733e-01,-1.1140166019324923e+01,5.7915734727870724e-06
-1.9399618108466860e-03,-9.1894041435925322e-01,-1.1150166019324914e+01,5.7339469998446826e-06
1.9239500362176042e-03,-9.1894038342521045e-01,-1.1160166019324912e+01,5.6768934495320426e-06
1.9236232998704680e-03,-9.1894038279663937e-01,-1.1170166019324832e+01,5.6204074194542150e-06
1.9210345064409762e-03,-9.1894037782012694e-01,-1.1180166019324929e+01,5.5644834589244210e-06
-1.9186240486496083e-03,-9.1894037319245947e-01,-1.1190166019324913e+01,5.5091159489025620e-06
1.9099576200740417e-03,-9.1894035660239470e-01,-1.1200166019324914e+01,5.4542994198030416e-06
-1.8937935314814417e-03,-9.1894032586030938e-01,-1.1210166019324838e+01,5.4000283998027350e-06
1.8642843198691996e-03,-9.1894027041135207e-01,-1.1220166019324919e+01,5.3462975159116535e-06
-1.8605917514967164e-03,-9.1894026353417235e-01,-1.1230166019324917e+01,5.2931010032035400e-06
1.8462270798649157e-03,-9.1894023691055471e-01,-1.1240166019324921e+01,5.2404339077585147e-06
-1.8260890067375803e-03,-9.1894019993386977e-01,-1.1250166019324830e+01,5.1882909109960864e-06
-1.7946164997819779e-03,-9.1894014295753013e-01,-1.1260166019324902e+01,5.1366668465420906e-06
1.7828157167824356e-03,-9.1894012184927942e-01,-1.1270166019324925e+01,5.0855562647909329e-06
-1.7537405498578690e-03,-9.1894007043629755e-01,-1.1280166019324914e+01,5.0349543933403718e-06
1.7177269922573877e-03,-9.1894000792634944e-01,-1.1290166019324838e+01,4.9848560716647420e-06
1.7166112639797164e-03,-9.1894000601045522e-01,-1.1300166019324918e+01,4.9352559344702469e-06
1.7083340879924459e-03,-9.1893999183601760e-01,-1.1310166019324919e+01,4.8861493866902750e-06
1.6894155634820157e-03,-9.1893995969581255e-01,-1.1320166019324907e+01,4.8375315434456211e-06
1.6765111369100819e-03,-9.1893993797813556e-01,-1.1330166019324832e+01,4.7893974043596347e-06
-1.6699168519215769e-03,-9.1893992694448567e-01,-1.1340166019324920e+01,4.7417421562632577e-06
1.6603471792021162e-03,-9.1893991100971717e-01,-1.1350166019324927e+01,4.6945611082965707e-06
1.6493891473223152e-03,-9.1893989287561917e-01,-1.1360166019324913e+01,4.6478495290789581e-06
1.6444789400450611e-03,-9.1893988478883160e-01,-1.1370166019324921e+01,4.6016026907679086e-06
-1.6084012985760833e-03,-9.1893982611070812e-01,-1.1380166019324825e+01,4.5558162463016720e-06
-1.5645318759041349e-03,-9.1893975651333482e-01,-1.1390166019324928e+01,4.5104854311601922e-06
-1.5552456760627893e-03,-9.1893974202789597e-01,-1.1400166019324908e+01,4.4656054159345339e-06
1.5399492983858400e-03,-9.1893971835526023e-01,-1.1410166019324913e+01,4.4211720042961471e-06
1.5297654394369443e-03,-9.1893970272448933e-01,-1.1420166019324826e+01,4.3771806762489599e-06
1.5284286072207508e-03,-9.1893970068034314e-01,-1.1430166019324929e+01,4.3336270096684754e-06
-1.5268236575774778e-03,-9.1893969822858013e-01,-1.1440166019324918e+01,4.2905067109725317e-06
-1.5183133587642135e-03,-9.1893968527106717e-01,-1.1450166019324923e+01,4.2478155109391528e-06
-1.5125374190474868e-03,-9.1893967651806152e-01,-1.1460166019324815e+01,4.2055490772140959e-06
1.5113709033306051e-03,-9.1893967475434324e-01,-1.1470166019324935e+01,4.1637031720628792e-06
-1.5102213130465314e-03,-9.1893967301754664e-01,-1.1480166019324903e+01,4.1222736404414164e-06
1.4941449690578949e-03,-9.1893964886793378e-01,-1.1490166019324933e+01,4.0812564309482457e-06
-1.4436822774756652e-03,-9.1893957474259857e-01,-1.1500166019324825e+01,4.0406475504628152e-06
-1.4398432153575039e-03,-9.1893956920758191e-01,-1.1510166019324924e+01,4.0004424577168093e-06
1.4366734388806307e-03,-9.1893956464862447e-01,-1.1520166019324906e+01,3.9606374082420896e-06
1.3690261184511952e-03,-9.1893946974959595e-01,-1.1530166019324925e+01,3.9212287796915272e-06
1.3656489936584712e-03,-9.1893946513192637e-01,-1.1540166019324827e+01,3.8822119193532022e-06
-1.3627583138776593e-03,-9.1893946118845049e-01,-1.1550166019324914e+01,3.8435832804914166e-06
1.3588887912738556e-03,-9.1893945592271298e-01,-1.1560166019324919e+01,3.8053390078895082e-06
-1.3581820408590094e-03,-9.1893945496256757e-01,-1.1570166019324919e+01,3.7674752557375578e-06
1.3529464198100707e-03,-9.1893944786534687e-01,-1.1580166019324828e+01,3.7299882770699615e-06
1.3484651619618073e-03,-9.1893944181248599e-01,-1.1590166019324917e+01,3.6928742959515901e-06
-1.3438111660401676e-03,-9.1893943554756441e-01,-1.1600166019324924e+01,3.6561296056687856e-06
-1.3243813954510048e-03,-9.1893940962637977e-01,-1.1610166019324916e+01,3.6197506020860435e-06
1.3189184081739732e-03,-9.1893940240622318e-01,-1.1620166019324918e+01,3.5837335076838446e-06
-1.3077850372226170e-03,-9.1893938778419126e-01,-1.1630166019324824e+01,3.5480748153641159e-06
-1.3050225919499646e-03,-9.1893938417532217e-01,-1.1640166019324917e+01,3.5127708937576492e-06
1.2674131806684179e-03,-9.1893933580142473e-01,-1.1650166019324921e+01,3.4778184075992965e-06
-1.2586310399282262e-03,-9.1893932470938677e-01,-1.1660166019324921e+01,3.4432135744457348e-06
-1.2535449712514886e-03,-9.1893931832083697e-01,-1.1670166019324830e+01,3.4089530487214551e-06
1.2515073050595031e-03,-9.1893931576860677e-01,-1.1680166019324918e+01,3.3750334077589543e-06
1.2423087850791828e-03,-9.1893930429889825e-01,-1.1690166019324923e+01,3.3414513025750967e-06
1.2362690865446811e-03,-9.1893929681396669e-01,-1.1700166019324916e+01,3.3082033313571157e-06
1.2022642873993515e-03,-9.1893925535304788e-01,-1.1710166019324824e+01,3.2752862940152401e-06
1.1749415395471265e-03,-9.1893922287715013e-01,-1.1720166019324919e+01,3.2426967561798924e-06
-1.1741531667721281e-03,-9.1893922195116895e-01,-1.1730166019324912e+01,3.2104313873276915e-06
-1.1280300491079130e-03,-9.1893916885923532e-01,-1.1740166019324928e+01,3.1784872300388672e-06
1.1177374757854667e-03,-9.1893915730187181e-01,-1.1750166019324828e+01,3.1468607900435656e-06
1.0933061170594807e-03,-9.1893913029247232e-01,-1.1760166019324918e+01,3.1155490861632339e-06
1.0875067512514604e-03,-9.1893912396880650e-01,-1.1770166019324913e+01,3.0845488742989534e-06
1.0817569588966818e-03,-9.1893911773239856e-01,-1.1780166019324925e+01,3.0538571192359263e-06
-1.0477849267001944e-03,-9.1893908155996573e-01,-1.1790166019324820e+01,3.0234708425598518e-06
1.0422732160478895e-03,-9.1893907580006795e-01,-1.1800166019324919e+01,2.9933868222631421e-06
1.0358336228542516e-03,-9.1893906910898659e-01,-1.1810166019324919e+01,2.9636021455582781e-06
-1.0355400856411486e-03,-9.1893906880497400e-01,-1.1820166019324926e+01,2.9341138124006391e-06
1.0214567841440041e-03,-9.1893905432032041e-01,-1.1830166019324830e+01,2.9049189342454136e-06
1.0181806777617181e-03,-9.1893905097928574e-01,-1.1840166019324917e+01,2.8760145175130950e-06
-1.0159578574836833e-03,-9.1893904871852361e-01,-1.1850166019324911e+01,2.8473977013613384e-06
1.0139367530853662e-03,-9.1893904666720905e-01,-1.1860166019324920e+01,2.8190656266333251e-06
-1.0121441692414546e-03,-9.1893904485124911e-01,-1.1870166019324916e+01,2.7910154600446977e-06
1.0012358306407325e-03,-9.1893903386993370e-01,-1.1880166019324841e+01,2.7632444225528758e-06
9.5311770311048906e-04,-9.1893898685001740e-01,-1.1890166019324910e+01,2.7357498097913275e-06
-9.5005911955632497e-04,-9.1893898393950479e-01,-1.1900166019324924e+01,2.7085286522463910e-06
-9.4061722637853976e-04,-9.1893897501372279e-01,-1.1910166019324915e+01,2.6815783657966079e-06
-9.1960615596323192e-04,-9.1893895547108051e-01,-1.1920166019324835e+01,2.6548962671261951e-06
-9.1391657635704008e-04,-9.1893895025509376e-01,-1.1930166019324909e+01,2.6284796215994977e-06
9.1165519101209138e-04,-9.1893894819093314e-01,-1.1940166019324927e+01,2.6023258177492311e-06
-9.0089250552398881e-04,-9.1893893843699270e-01,-1.1950166019324907e+01,2.5764322683542103e-06
-9.0058003550484451e-04,-9.1893893815553962e-01,-1.1960166019324832e+01,2.5507963396681982e-06
9.0018125519870722e-04,-9.1893893779648561e-01,-1.1970166019324923e+01,2.5254154929230210e-06
-8.9672950622748579e-04,-9.1893893469524313e-01,-1.1980166019324914e+01,2.5002871966700282e-06
8.5857699322174324e-04,-9.1893890121056609e-01,-1.1990166019324908e+01,2.4754090062766167e-06
8.5376958910433984e-04,-9.1893889709459509e-01,-1.2000166019324832e+01,2.4507782852128791e-06
-8.5100657650586048e-04,-9.1893889473943613e-01,-1.2010166019324933e+01,2.4263926395453789e-06
-8.4766411533613553e-04,-9.1893889190056566e-01,-1.2020166019324913e+01,2.4022496362118308e-06
8.3917163433111031e-04,-9.1893888473785545e-01,-1.2030166019324918e+01,2.3783468699909178e-06
8.3115817103973112e-04,-9.1893887804529206e-01,-1.2040166019324822e+01,2.3546819389914457e-06
-8.0981069036110108e-04,-9.1893886053001661e-01,-1.2050166019324918e+01,2.3312525030629580e-06
8.0959250636747989e-04,-9.1893886035335270e-01,-1.2060166019324924e+01,2.3080561534925480e-06
8.0256471671344930e-04,-9.1893885468840175e-01,-1.2070166019324917e+01,2.2850906239939808e-06
8.0089169877408696e-04,-9.1893885334709602e-01,-1.2080166019324830e+01,2.2623535954217289e-06
-7.6810343120027906e-04,-9.1893882762477996e-01,-1.2090166019324926e+01,2.2398428586428476e-06
-7.6098808848424205e-04,-9.1893882218477485e-01,-1.2100166019324918e+01,2.2175560618871462e-06
-7.5913601718576680e-04,-9.1893882077708577e-01,-1.2110166019324915e+01,2.1954910134914044e-06
-7.5463825408433676e-04,-9.1893881737278671e-01,-1.2120166019324907e+01,2.1736455203047123e-06
7.5246415528511809e-04,-9.1893881573449199e-01,-1.2130166019324840e+01,2.1520173895330893e-06
7.4706614005345842e-04,-9.1893881168724822e-01,-1.2140166019324914e+01,2.1306044673554720e-06
-7.2865846461329193e-04,-9.1893879810491852e-01,-1.2150166019324926e+01,2.1094046273411235e-06
-7.1915163486892903e-04,-9.1893879122287647e-01,-1.2160166019324903e+01,2.0884157149814175e-06
-7.1060226238504583e-04,-9.1893878511112714e-01,-1.2170166019324839e+01,2.0676356440535054e-06
7.0471769346383030e-04,-9.1893878094685322e-01,-1.2180166019324918e+01,2.0470623341733929e-06
7.0454254082705974e-04,-9.1893878082343539e-01,-1.2190166019324915e+01,2.0266937238726894e-06
-7.0415119207906779e-04,-9.1893878054779010e-01,-1.2200166019324913e+01,2.0065277849337303e-06
6.9935167128106282e-04,-9.1893877717971950e-01,-1.2210166019324841e+01,1.9865625065777535e-06
-6.9530451912407315e-04,-9.1893877435752658e-01,-1.2220166019324921e+01,1.9667958849201546e-06
6.9391001076147597e-04,-9.1893877338889096e-01,-1.2230166019324912e+01,1.9472259407699159e-06
-6.9019559594938598e-04,-9.1893877081831976e-01,-1.2240166019324922e+01,1.9278507238869802e-06
-6.8896979034822870e-04,-9.1893876997302548e-01,-1.2250166019324828e+01,1.9086682902910867e-06
6.8109961178549933e-04,-9.1893876458168000e-01,-1.2260166019324920e+01,1.8896767336727228e-06
6.7158833592099640e-04,-9.1893875814878589e-01,-1.2270166019324909e+01,1.8708741480475075e-06
-6.6995514652669450e-04,-9.1893875705328865e-01,-1.2280166019324920e+01,1.8522586412691757e-06
6.4605763807725771e-04,-9.1893874132857534e-01,-1.2290166019324831e+01,1.8338283886855940e-06
6.3872969938325128e-04,-9.1893873662115388e-01,-1.2300166019324918e+01,1.8155814998892276e-06
6.1741924410162945e-04,-9.1893872323660097e-01,-1.2310166019324921e+01,1.7975161861823412e-06
-6.0970205834216221e-04,-9.1893871850163944e-01,-1.2320166019324917e+01,1.7796306097177535e-06
6.0090038878438579e-04,-9.1893871317397813e-01,-1.2330166019324830e+01,1.7619229986730761e-06
-6.0034169514552144e-04,-9.1893871283841488e-01,-1.2340166019324917e+01,1.7443915725003158e-06
5.9056909734118404e-04,-9.1893870701926883e-01,-1.2350166019324922e+01,1.7270345963972452e-06
5.8177843390355591e-04,-9.1893870186641258e-01,-1.2360166019324923e+01,1.7098503238527638e-06
-5.6782612008617192e-04,-9.1893869384659077e-01,-1.2370166019324918e+01,1.6928370424426499e-06
5.5919061316945606e-04,-9.1893868898041042e-01,-1.2380166019324825e+01,1.6759930405906184e-06
5.5384077028934153e-04,-9.1893868600313888e-01,-1.2390166019324919e+01,1.6593166361415851e-06
5.4231661040959011e-04,-9.1893867968699239e-01,-1.2400166019324923e+01,1.6428061701254059e-06
5.3916141405729694e-04,-9.1893867798085471e-01,-1.2410166019324906e+01,1.6264599783897562e-06
-5.3674765963230772e-04,-9.1893867668236451e-01,-1.2420166019324832e+01,1.6102764332955023e-06
5.3299395354331055e-04,-9.1893867467461676e-01,-1.2430166019324915e+01,1.5942539182751407e-06
-5.2681840946225932e-04,-9.1893867140215779e-01,-1.2440166019324931e+01,1.5783908319074583e-06
5.2439495415537957e-04,-9.1893867012837349e-01,-1.2450166019324913e+01,1.5626855827117430e-06
-4.9613746742028098e-04,-9.1893865570953270e-01,-1.2460166019324825e+01,1.5471366236740326e-06
4.8752529437229769e-04,-9.1893865147379583e-01,-1.2470166019324926e+01,1.5317423635436282e-06
-4.8634421931939911e-04,-9.1893865089868931e-01,-1.2480166019324912e+01,1.5165012732451007e-06
-4.6607883193764202e-04,-9.1893864124807823e-01,-1.2490166019324914e+01,1.5014118479462527e-06
-4.6562302747324771e-04,-9.1893864103574130e-01,-1.2500166019324830e+01,1.4864725507639761e-06
-4.6479090383329811e-04,-9.1893864064863162e-01,-1.2510166019324931e+01,1.4716819023261289e-06
4.4803152449515379e-04,-9.1893863299946299e-01,-1.2520166019324915e+01,1.4570384338747993e-06
4.3791033015775239e-04,-9.1893862851606811e-01,-1.2530166019324918e+01,1.4425406656913680e-06
4.2234385101266999e-04,-9.1893862182050368e-01,-1.2540166019324827e+01,1.4281871558068025e-06
-4.1723583100226078e-04,-9.1893861967620882e-01,-1.2550166019324916e+01,1.4139764592010801e-06
-4.1682220165885586e-04,-9.1893861950371336e-01,-1.2560166019324921e+01,1.3999071585987363e-06
-4.1088021416533387e-04,-9.1893861704461466e-01,-1.2570166019324910e+01,1.3859778530432192e-06
-4.1029750585152669e-04,-9.1893861680536115e-01,-1.2580166019324832e+01,1.3721871433138768e-06
4.0013804700718772e-04,-9.1893861268856780e-01,-1.2590166019324927e+01,1.3585336587033227e-06
3.9902806578069600e-04,-9.1893861224503814e-01,-1.2600166019324918e+01,1.3450160235384405e-06
-3.9574847312036945e-04,-9.1893861094176643e-01,-1.2610166019324918e+01,1.3316328922296780e-06
-3.8630351746898179e-04,-9.1893860724854326e-01,-1.2620166019324911e+01,1.3183829284360090e-06
-3.8206531695799567e-04,-9.1893860562029273e-01,-1.2630166019324916e+01,1.3052648012411045e-06
3.7812776217543292e-04,-9.1893860412364170e-01,-1.2640166019324916e+01,1.2922772014014833e-06
-3.7084112922168913e-04,-9.1893860139491101e-01,-1.2650166019324741e+01,1.2794188318967915e-06
3.6989737273344415e-04,-9.1893860104537262e-01,-1.2660166019324919e+01,1.2666884022575056e-06
-3.6348404740724519e-04,-9.1893859869366579e-01,-1.2670166019324922e+01,1.2540846450162773e-06
-3.5725685040802462e-04,-9.1893859644956810e-01,-1.2680166019324925e+01,1.2416062970920322e-06
-3.5706340571479696e-04,-9.1893859638047737e-01,-1.2690166019324916e+01,1.2292521081028264e-06
3.5662897261197620e-04,-9.1893859622545149e-01,-1.2700166019324916e+01,1.2170208454516880e-06
-3.5526895779934027e-04,-9.1893859574135561e-01,-1.2710166019324921e+01,1.2049112862920027e-06
3.5170280326809024e-04,-9.1893859448077042e-01,-1.2720166019324909e+01,1.1929222201796878e-06
-3.4837636519332205e-04,-9.1893859331638539e-01,-1.2730166019324743e+01,1.1810524471399845e-06
3.4496036529602114e-04,-9.1893859213216633e-01,-1.2740166019324914e+01,1.1693007803244988e-06
3.4196399407040393e-04,-9.1893859110302611e-01,-1.2750166019324929e+01,1.1576660443544240e-06
3.3353703353747061e-04,-9.1893858825681585e-01,-1.2760166019324917e+01,1.1461470780123447e-06
3.2924833140049285e-04,-9.1893858683557128e-01,-1.2770166019324918e+01,1.1347427256509626e-06
-3.2871585371256471e-04,-9.1893858666039574e-01,-1.2780166019324913e+01,1.1234518470756208e-06
-3.2567456380916296e-04,-9.1893858566530018e-01,-1.2790166019324912e+01,1.1122733155292325e-06
3.2559410867728442e-04,-9.1893858563910125e-01,-1.2800166019324932e+01,1.1012060111521824e-06
-3.2470131372007590e-04,-9.1893858534881101e-01,-1.2810166019324729e+01,1.0902488285815106e-06
-3.2316823178305356e-04,-9.1893858485219249e-01,-1.2820166019324930e+01,1.0794006720181850e-06
3.2050655915743365e-04,-9.1893858399556672e-01,-1.2830166019324908e+01,1.0686604567958086e-06
3.1970007929325931e-04,-9.1893858373740978e-01,-1.2840166019324926e+01,1.0580271078581198e-06
3.1749308601545004e-04,-9.1893858303426934e-01,-1.2850166019324920e+01,1.0474995629735899e-06
-3.0754405361292186e-04,-9.1893857992501193e-01,-1.2860166019324923e+01,1.0370767713988635e-06
-3.0718696157435945e-04,-9.1893857981525418e-01,-1.2870166019324920e+01,1.0267576852212670e-06
3.0484427346164078e-04,-9.1893857909835497e-01,-1.2880166019324902e+01,1.0165412762827713e-06
-3.0254275068960753e-04,-9.1893857839939741e-01,-1.2890166019324923e+01,1.0064265222863546e-06
2.9678868472602710e-04,-9.1893857667510115e-01,-1.2900166019324743e+01,9.9641241278864699e-07
-2.9609253573907872e-04,-9.1893857646873434e-01,-1.2910166019324922e+01,9.8649794383041062e-07
-2.9228065726310517e-04,-9.1893857534733081e-01,-1.2920166019324915e+01,9.7668212637845609e-07
2.9045301613840499e-04,-9.1893857481481678e-01,-1.2930166019324918e+01,9.6696397736169355e-07
-2.9019772966920474e-04,-9.1893857474070062e-01,-1.2940166019324920e+01,9.5734252509933253e-07
-2.8996096782259553e-04,-9.1893857467202089e-01,-1.2950166019324909e+01,9.4781680788070858e-07
-2.8691147070381793e-04,-9.1893857379243549e-01,-1.2960166019324920e+01,9.3838587389234411e-07
-2.8182755070249219e-04,-9.1893857234672360e-01,-1.2970166019324925e+01,9.2904877978281445e-07
2.8021638952443182e-04,-9.1893857189395189e-01,-1.2980166019324731e+01,9.1980459038548299e-07
-2.7217921712781789e-04,-9.1893856967410259e-01,-1.2990166019324924e+01,9.1065238381420384e-07
2.7191561725607765e-04,-9.1893856960239095e-01,-1.3000166019324919e+01,9.0159124126319555e-07
-2.7021856028406016e-04,-9.1893856914237459e-01,-1.3010166019324913e+01,8.9262025893295739e-07
2.6548940433431331e-04,-9.1893856787565142e-01,-1.3020166019324918e+01,8.8373854007716179e-07
2.6512409401285820e-04,-9.1893856777873206e-01,-1.3030166019324922e+01,8.7494519476592310e-07
2.6087358278382999e-04,-9.1893856666085261e-01,-1.3040166019324923e+01,8.6623934558598519e-07
2.5711350361157898e-04,-9.1893856568701637e-01,-1.3050166019324914e+01,8.5762012091958204e-07
-2.5506109868061609e-04,-9.1893856516142147e-01,-1.3060166019324743e+01,8.4908665858279323e-07
-2.5167352156058698e-04,-9.1893856430312015e-01,-1.3070166019324910e+01,8.4063810588991208e-07
2.4982945955337021e-04,-9.1893856384071892e-01,-1.3080166019324921e+01,8.3227361736435902e-07
-2.4614392828148927e-04,-9.1893856292675613e-01,-1.3090166019324931e+01,8.2399235725849167e-07
-2.3675793480622514e-04,-9.1893856066049928e-01,-1.3100166019324909e+01,8.1579349816316969e-07
2.3509840989369125e-04,-9.1893856026897058e-01,-1.3110166019324923e+01,8.0767621754631542e-07
2.3467573517335394e-04,-9.1893856016968978e-01,-1.3120166019324909e+01,7.9963970498428804e-07
-2.3464119245973706e-04,-9.1893856016158404e-01,-1.3130166019324918e+01,7.9168315698533836e-07
-2.3304288181447499e-04,-9.1893855978783190e-01,-1.3140166019324919e+01,7.8380577824829756e-07
-2.3036377982331657e-04,-9.1893855916707501e-01,-1.3150166019324745e+01,7.7600678092821236e-07
-2.2936131163715887e-04,-9.1893855893664511e-01,-1.3160166019324924e+01,7.6828538462310130e-07
2.2734409900587114e-04,-9.1893855847600914e-01,-1.3170166019324922e+01,7.6064081766839710e-07
2.2714536372626503e-04,-9.1893855843084760e-01,-1.3180166019324909e+01,7.5307231510944765e-07
-2.2703971594102460e-04,-9.1893855840685579e-01,-1.3190166019324922e+01,7.4557912039308816e-07
-2.2349548417517517e-04,-9.1893855760845522e-01,-1.3200166019324922e+01,7.3816048478137508e-07
-2.2296872719692218e-04,-9.1893855749086617e-01,-1.3210166019324912e+01,7.3081566532394862e-07
-2.2183283633263882e-04,-9.1893855723824314e-01,-1.3220166019324923e+01,7.2354392813803909e-07
2.2134170095915677e-04,-9.1893855712941375e-01,-1.3230166019324736e+01,7.1634454584137936e-07
2.2018122371193365e-04,-9.1893855687322512e-01,-1.3240166019324921e+01,7.0921679869894287e-07
-2.1602119468544905e-04,-9.1893855596591778e-01,-1.3250166019324915e+01,7.0215997428108481e-07
-2.1557803517573609e-04,-9.1893855587028406e-01,-1.3260166019324927e+01,6.9517336586878166e-07
2.1189940999172491e-04,-9.1893855508401945e-01,-1.3270166019324918e+01,6.8825627584639517e-07
-2.1174630036835146e-04,-9.1893855505158728e-01,-1.3280166019324904e+01,6.8140801150065354e-07
2.0893483619240192e-04,-9.1893855446022232e-01,-1.3290166019324918e+01,6.7462788890051526e-07
-2.0789854812771854e-04,-9.1893855424424264e-01,-1.3300166019324930e+01,6.6791522939275559e-07
-2.0624868115514766e-04,-9.1893855390259871e-01,-1.3310166019324738e+01,6.6126936204488031e-07
2.0129496397063826e-04,-9.1893855289317072e-01,-1.3320166019324915e+01,6.5468962261669864e-07
-2.0041097146180202e-04,-9.1893855271561820e-01,-1.3330166019324921e+01,6.4817535214404976e-07
-1.9694549077343786e-04,-9.1893855202710262e-01,-1.3340166019324910e+01,6.4172590007237036e-07
-1.9634647145192570e-04,-9.1893855190930784e-01,-1.3350166019324929e+01,6.3534062075401237e-07
1.9393845473805418e-04,-9.1893855143940162e-01,-1.3360166019324907e+01,6.2901887624719693e-07
1.9225233168829430e-04,-9.1893855111381895e-01,-1.3370166019324918e+01,6.2276003405637954e-07
-1.9117537580904455e-04,-9.1893855090735166e-01,-1.3380166019324925e+01,6.1656346831043990e-07
-1.8770669869781385e-04,-9.1893855025024185e-01,-1.3390166019324912e+01,6.1042855969768786e-07
1.8732953696729438e-04,-9.1893855017951720e-01,-1.3400166019324752e+01,6.0435469408728014e-07
-1.8682582993112019e-04,-9.1893855008528480e-01,-1.3410166019324905e+01,5.9834126446293265e-07
-1.8387689186494133e-04,-9.1893854953869514e-01,-1.3420166019324924e+01,5.9238766973057543e-07
-1.8284588238277823e-04,-9.1893854934964780e-01,-1.3430166019324915e+01,5.8649331404269344e-07
-1.8230543562994890e-04,-9.1893854925097540e-01,-1.3440166019324923e+01,5.8065760812025641e-07
1.8102905050443606e-04,-9.1893854901909799e-01,-1.3450166019324927e+01,5.7487996851794981e-07
-1.8102053167584032e-04,-9.1893854901755589e-01,-1.3460166019324916e+01,5.6915981725780699e-07
1.8084610780670353e-04,-9.1893854898599681e-01,-1.3470166019324919e+01,5.6349658247058003e-07
1.8062030507152147e-04,-9.1893854894518678e-01,-1.3480166019324729e+01,5.5788969781609580e-07
1.8024394233169403e-04,-9.1893854887727888e-01,-1.3490166019324928e+01,5.5233860261059783e-07
-1.8021095787307565e-04,-9.1893854887133408e-01,-1.3500166019324915e+01,5.4684274169112736e-07
1.7608974113345678e-04,-9.1893854813713793e-01,-1.3510166019324920e+01,5.4140156589573234e-07
1.7498261519231361e-04,-9.1893854794279728e-01,-1.3520166019324925e+01,5.3601453041077574e-07
1.7099078094301245e-04,-9.1893854725226309e-01,-1.3530166019324909e+01,5.3068109708678879e-07
-1.6703387192354598e-04,-9.1893854658349661e-01,-1.3540166019324916e+01,5.2540073229596802e-07
-1.6168434873425615e-04,-9.1893854570425382e-01,-1.3550166019324925e+01,5.2017290811866836e-07
1.5661966089579820e-04,-9.1893854489819859e-01,-1.3560166019324743e+01,5.1499710161891862e-07
1.5567693332154634e-04,-9.1893854475099324e-01,-1.3570166019324901e+01,5.0987279491408913e-07
1.5367136414265822e-04,-9.1893854444078360e-01,-1.3580166019324936e+01,5.0479947599449389e-07
-1.5057586032352931e-04,-9.1893854396988428e-01,-1.3590166019324911e+01,4.9977663752037217e-07
-1.4930202503845997e-04,-9.1893854377888684e-01,-1.3600166019324927e+01,4.9480377698326109e-07
-1.4234368705057275e-04,-9.1893854276420206e-01,-1.3610166019324902e+01,4.8988039763782481e-07
1.3791537414181373e-04,-9.1893854214366466e-01,-1.3620166019324929e+01,4.8500600653925674e-07
-1.3668407588988480e-04,-9.1893854197460778e-01,-1.3630166019324919e+01,4.8018011622272070e-07
-1.3459799903110413e-04,-9.1893854169165012e-01,-1.3640166019324914e+01,4.7540224437048212e-07
-1.3139807552442874e-04,-9.1893854126606656e-01,-1.3650166019324736e+01,4.7067191320337094e-07
-1.2852708885412244e-04,-9.1893854089294580e-01,-1.3660166019324926e+01,4.6598864959118239e-07
1.2663718221904327e-04,-9.1893854065182745e-01,-1.3670166019324917e+01,4.6135198516799362e-07
-1.2642901995745827e-04,-9.1893854062548797e-01,-1.3680166019324920e+01,4.5676145622745022e-07
-1.2466588752629043e-04,-9.1893854040413125e-01,-1.3690166019324918e+01,4.5221660390111724e-07
-1.2400076868339881e-04,-9.1893854032143474e-01,-1.3700166019324916e+01,4.4771697354794002e-07
1.2315711800637359e-04,-9.1893854021717736e-01,-1.3710166019324921e+01,4.4326211527403004e-07
-1.1705490189023356e-04,-9.1893853948426452e-01,-1.3720166019324910e+01,4.3885158385600256e-07
-1.1295424922669643e-04,-9.1893853901267064e-01,-1.3730166019324745e+01,4.3448493784216687e-07
-1.1262238557174927e-04,-9.1893853897524036e-01,-1.3740166019324914e+01,4.3016174049318323e-07
1.1219248625891931e-04,-9.1893853892691646e-01,-1.3750166019324926e+01,4.2588155968110395e-07
1.0956587799144523e-04,-9.1893853863568031e-01,-1.3760166019324920e+01,4.2164396748191336e-07
1.0877880337326702e-04,-9.1893853854975349e-01,-1.3770166019324913e+01,4.1744853994268141e-07
1.0869645546954503e-04,-9.1893853854079921e-01,-1.3780166019324914e+01,4.1329485757278491e-07
-1.0809490095166698e-04,-9.1893853847559326e-01,-1.3790166019324918e+01,4.0918250505600105e-07
1.0807910289410003e-04,-9.1893853847388574e-01,-1.3800166019324918e+01,4.0511107110445359e-07
-1.0790976126379061e-04,-9.1893853845559781e-01,-1.3810166019324740e+01,4.0108014860431851e-07
-1.0654402083991798e-04,-9.1893853830915362e-01,-1.3820166019324924e+01,3.9708933450387479e-07
1.0444049639284918e-04,-9.1893853808724812e-01,-1.3830166019324921e+01,3.9313822969637026e-07
-1.0215857812069284e-04,-9.1893853785152702e-01,-1.3840166019324919e+01,3.8922643904308316e-07
-1.0090567317603321e-04,-9.1893853772431688e-01,-1.3850166019324917e+01,3.8535357131440685e-07
1.0069884714363617e-04,-9.1893853770346834e-01,-1.3860166019324911e+01,3.8151923922243311e-07
-9.8215485756152147e-05,-9.1893853745648024e-01,-1.3870166019324918e+01,3.7772305945756953e-07
9.7203740239118033e-05,-9.1893853735762299e-01,-1.3880166019324918e+01,3.7396465225616323e-07
-9.3829194293040992e-05,-9.1893853703529826e-01,-1.3890166019324917e+01,3.7024364191361819e-07
9.2665779780371128e-05,-9.1893853692681282e-01,-1.3900166019324743e+01,3.6655965616309454e-07
9.2426622255107845e-05,-9.1893853690467975e-01,-1.3910166019324919e+01,3.6291232665139267e-07
-8.9669840739936340e-05,-9.1893853665367964e-01,-1.3920166019324922e+01,3.5930128875691823e-07
-8.6401945125957289e-05,-9.1893853636598755e-01,-1.3930166019324913e+01,3.5572618130199206e-07
8.4932726151612113e-05,-9.1893853624012345e-01,-1.3940166019324923e+01,3.5218664670258751e-07
8.4214642998427930e-05,-9.1893853617939247e-01,-1.3950166019324920e+01,3.4868233103775057e-07
-8.3534982964108238e-05,-9.1893853612238618e-01,-1.3960166019324918e+01,3.4521288389487753e-07
-8.3298989236907370e-05,-9.1893853610270027e-01,-1.3970166019324919e+01,3.4177795831492191e-07
-8.2899185498927817e-05,-9.1893853606947695e-01,-1.3980166019324733e+01,3.3837721082012370e-07
-8.2636668097020252e-05,-9.1893853604774889e-01,-1.3990166019324926e+01,3.3501030132418509e-07
8.2608380846154329e-05,-9.1893853604541176e-01,-1.4000166019324912e+01,3.3167689313104825e-07
-8.2178135595619814e-05,-9.1893853600996245e-01,-1.4010166019324926e+01,3.2837665291447092e-07
7.9312169178209150e-05,-9.1893853577854956e-01,-1.4020166019324920e+01,3.2510925070031658e-07
7.7139437619373662e-05,-9.1893853560858585e-01,-1.4030166019324911e+01,3.2187435966087484e-07
7.7097316561409285e-05,-9.1893853560533756e-01,-1.4040166019324918e+01,3.1867165627140223e-07
7.6981022280549612e-05,-9.1893853559637839e-01,-1.4050166019324914e+01,3.1550082031490133e-07
7.6717295729403901e-05,-9.1893853557611116e-01,-1.4060166019324750e+01,3.1236153470687629e-07
-7.5988909218471771e-05,-9.1893853552049665e-01,-1.4070166019324919e+01,3.0925348552332462e-07
7.4812853666959091e-05,-9.1893853543182102e-01,-1.4080166019324917e+01,3.0617636195586931e-07
7.2938232442970347e-05,-9.1893853529333236e-01,-1.4090166019324920e+01,3.0312985629431245e-07
-7.0965253306151373e-05,-9.1893853515137303e-01,-1.4100166019324924e+01,3.0011366387119621e-07
-6.9407599887074621e-05,-9.1893853504204692e-01,-1.4110166019324916e+01,2.9712748305401740e-07
-6.9126068830333985e-05,-9.1893853502254619e-01,-1.4120166019324907e+01,2.9417101520567794e-07
1.3094184685399630e-05,-9.1893853271906834e-01,-inf,0.0000000000000000e+00
1.8703850773034799e-05,-9.1893853280825644e-01,-inf,0.0000000000000000e+00
1.9643496563696806e-05,-9.1893853282627291e-01,-inf,0.0000000000000000e+00
1.5729442561488458e-05,-9.1893853275704718e-01,-inf,0.0000000000000000e+00
1.0393908686910904e-05,-9.1893853268735615e-01,-inf,0.0000000000000000e+00
2.9086132285622885e-05,-9.1893853305634099e-01,-inf,0.0000000000000000e+00
5.4446488018727731e-05,-9.1893853411554949e-01,-inf,0.0000000000000000e+00
2.2169373129468455e-05,-9.1893853287908001e-01,-inf,0.0000000000000000e+00
-4.5190646492507815e-05,-9.1893853365443678e-01,-inf,0.0000000000000000e+00
4.2281922622394063e-05,-9.1893853352721999e-01,-inf,0.0000000000000000e+00
-2.2835932824344157e-07,-9.1893853263336556e-01,-inf,0.0000000000000000e+00
-3.4612751519146433e-05,-9.1893853323236074e-01,-inf,0.0000000000000000e+00
6.0851419496123037e-05,-9.1893853448478713e-01,-inf,0.0000000000000000e+00
-2.6205364757763555e-05,-9.1893853297670003e-01,-inf,0.0000000000000000e+00
6.3570523696705457e-05,-9.1893853465394526e-01,-inf,0.0000000000000000e+00
-6.0437133554199944e-05,-9.1893853445966300e-01,-inf,0.0000000000000000e+00
6.0362885444599154e-05,-9.1893853445517848e-01,-inf,0.0000000000000000e+00
-3.9846604664450113e-05,-9.1893853342721543e-01,-inf,0.0000000000000000e+00
-6.5412634349465835e-05,-9.1893853477274579e-01,-inf,0.0000000000000000e+00
5.6216198437157811e-05,-9.1893853421346994e-01,-inf,0.0000000000000000e+00
-1.8524372635040663e-05,-9.1893853280491566e-01,-inf,0.0000000000000000e+00
2.5991691892989166e-06,-9.1893853263671732e-01,-inf,0.0000000000000000e+00
-1.2836881772131342e-05,-9.1893853271573223e-01,-inf,0.0000000000000000e+00
-6.4561141819381821e-05,-9.1893853471740994e-01,-inf,0.0000000000000000e+00
-1.0601935415058945e-06,-9.1893853263390146e-01,-inf,0.0000000000000000e+00
4.1954683190121058e-05,-9.1893853351343724e-01,-inf,0.0000000000000000e+00
-1.4847497487094179e-05,-9.1893853274356352e-01,-inf,0.0000000000000000e+00
1.1123223185056762e-05,-9.1893853269520254e-01,-inf,0.0000000000000000e+00
3.6237502594040332e-05,-9.1893853328991781e-01,-inf,0.0000000000000000e+00
5.2099109759431962e-06,-9.1893853264691105e-01,-inf,0.0000000000000000e+00
-4.6011655890617077e-05,-9.1893853369187573e-01,-inf,0.0000000000000000e+00
3.7309932126373109e-05,-9.1893853332935493e-01,-inf,0.0000000000000000e+00
-5.4307971317496385e-05,-9.1893853410801729e-01,-inf,0.0000000000000000e+00
6.6057836012194457e-05,-9.1893853481515830e-01,-inf,0.0000000000000000e+00
4.8542072051435602e-05,-9.1893853381150581e-01,-inf,0.0000000000000000e+00
-5.3089936310129763e-05,-9.1893853404261017e-01,-inf,0.0000000000000000e+00
4.1911063175738050e-06,-9.1893853264212211e-01,-inf,0.0000000000000000e+00
3.0062090469622649e-05,-9.1893853308520412e-01,-inf,0.0000000000000000e+00
-5.8045293321180662e-05,-9.1893853431796746e-01,-inf,0.0000000000000000e+00
-8.7507390083914783e-06,-9.1893853267162717e-01,-inf,0.0000000000000000e+00
2.8608765948422155e-06,-9.1893853263743175e-01,-inf,0.0000000000000000e+00
4.7058082906623213e-05,-9.1893853374057100e-01,-inf,0.0000000000000000e+00
-1.1685266369512690e-05,-9.1893853270161219e-01,-inf,0.0000000000000000e+00
5.0153159927512076e-05,-9.1893853389100921e-01,-inf,0.0000000000000000e+00
3.2684064641717164e-05,-9.1893853316746354e-01,-inf,0.0000000000000000e+00
-5.1441838765175992e-06,-9.1893853264657077e-01,-inf,0.0000000000000000e+00
-4.9833168780772848e-06,-9.1893853264575620e-01,-inf,0.0000000000000000e+00
-1.9532815078307422e-05,-9.1893853282410487e-01,-inf,0.0000000000000000e+00
1.1943844428973730e-05,-9.1893853270466719e-01,-inf,0.0000000000000000e+00
3.1383222008614245e-05,-9.1893853312579277e-01,-inf,0.0000000000000000e+00
1.6534426048571410e-05,-9.1893853277003312e-01,-inf,0.0000000000000000e+00
5.9350257607876063e-05,-9.1893853439456596e-01,-inf,0.0000000000000000e+00
-6.6254863831388479e-05,-9.1893853482819299e-01,-inf,0.0000000000000000e+00
-3.8032110973842357e-05,-9.1893853335656017e-01,-inf,0.0000000000000000e+00
1.6566325710265430e-05,-9.1893853277056103e-01,-inf,0.0000000000000000e+00
-9.1893754137175344e-06,-9.1893853267556180e-01,-inf,0.0000000000000000e+00
5.5484055454161106e-05,-9.1893853417257965e-01,-inf,0.0000000000000000e+00
1.8297454506938062e-05,-9.1893853280073790e-01,-inf,0.0000000000000000e+00
-1.8098717241076846e-05,-9.1893853279712123e-01,-inf,0.0000000000000000e+00
-6.8184320151138642e-05,-9.1893853495789024e-01,-inf,0.0000000000000000e+00
4.7353994485653142e-05,-9.1893853375453982e-01,-inf,0.0000000000000000e+00
5.4045165814335944e-05,-9.1893853409377946e-01,-inf,0.0000000000000000e+00
-2.9394672824442994e-06,-9.1893853263765968e-01,-inf,0.0000000000000000e+00
3.5865779999095447e-05,-9.1893853327651653e-01,-inf,0.0000000000000000e+00
-3.0323187097706852e-05,-9.1893853309308726e-01,-inf,0.0000000000000000e+00
-6.3238243707525589e-05,-9.1893853463287722e-01,-inf,0.0000000000000000e+00
-5.4283666584867079e-05,-9.1893853410669768e-01,-inf,0.0000000000000000e+00
-3.7615091879934797e-05,-9.1893853334078701e-01,-inf,0.0000000000000000e+00
5.7122798950907223e-05,-9.1893853426484651e-01,-inf,0.0000000000000000e+00
-5.1884368172506676e-05,-9.1893853397933334e-01,-inf,0.0000000000000000e+00
3.1896890328348340e-05,-9.1893853314204532e-01,-inf,0.0000000000000000e+00
-4.4867768032398736e-05,-9.1893853363989775e-01,-inf,0.0000000000000000e+00
3.0669195039865430e-05,-9.1893853310363927e-01,-inf,0.0000000000000000e+00
5.4817377766082007e-05,-9.1893853413581195e-01,-inf,0.0000000000000000e+00
3.3969148191198908e-05,-9.1893853321029095e-01,-inf,0.0000000000000000e+00
3.6884297907702536e-05,-9.1893853331356523e-01,-inf,0.0000000000000000e+00
-5.6711507757646848e-05,-9.1893853424143701e-01,-inf,0.0000000000000000e+00
-6.4609765751507333e-05,-9.1893853472055043e-01,-inf,0.0000000000000000e+00
-5.5674683767794713e-05,-9.1893853418317473e-01,-inf,0.0000000000000000e+00
-3.1198647269357641e-05,-9.1893853312001728e-01,-inf,0.0000000000000000e+00
-2.4159817319757430e-05,-9.1893853292518790e-01,-inf,0.0000000000000000e+00
1.6349592504564484e-05,-9.1893853276699411e-01,-inf,0.0000000000000000e+00
-3.3227243216514242e-06,-9.1893853263885972e-01,-inf,0.0000000000000000e+00
6.6806670802883438e-05,-9.1893853486490507e-01,-inf,0.0000000000000000e+00
2.4334669941930020e-05,-9.1893853292942751e-01,-inf,0.0000000000000000e+00
6.0113188674921591e-05,-9.1893853444013718e-01,-inf,0.0000000000000000e+00
-2.7679075783671944e-05,-9.1893853301640505e-01,-inf,0.0000000000000000e+00
1.9955317424104059e-05,-9.1893853283244686e-01,-inf,0.0000000000000000e+00
-2.4995012124244744e-05,-9.1893853294571481e-01,-inf,0.0000000000000000e+00
1.1683510016860304e-05,-9.1893853270159165e-01,-inf,0.0000000000000000e+00
5.3278063518640835e-05,-9.1893853405261550e-01,-inf,0.0000000000000000e+00
3.9945646308454019e-05,-9.1893853343116683e-01,-inf,0.0000000000000000e+00
-3.3382063489316763e-06,-9.1893853263891123e-01,-inf,0.0000000000000000e+00
-1.0420050604784464e-05,-9.1893853268762815e-01,-inf,0.0000000000000000e+00
1.4838436991704320e-05,-9.1893853274342907e-01,-inf,0.0000000000000000e+00
3.6930143703018852e-05,-9.1893853331525721e-01,-inf,0.0000000000000000e+00
-3.9933053740282649e-05,-9.1893853343066390e-01,-inf,0.0000000000000000e+00
1.7493742030831653e-05,-9.1893853278635496e-01,-inf,0.0000000000000000e+00
-2.8165169468460748e-05,-9.1893853302997786e-01,-inf,0.0000000000000000e+00
-2.9945354335614315e-05,-9.1893853308170159e-01,-inf,0.0000000000000000e+00
