cmpt_0,logl,logv,weight
-2.7022213939684963e+00,-4.5699387636438615e+00,-4.6101660193249021e+00,1.0306973263128440e-04
2.3599448833043803e+00,-3.7036084587506020e+00,-4.6201660193248868e+00,2.4267815001243997e-04
-2.1223594250069824e+00,-3.1711432970913238e+00,-4.6301660193248999e+00,4.0919885729855641e-04
-1.8669200910232571e+00,-2.6616338457664828e+00,-4.6401660193248961e+00,6.7432399008709640e-04
-1.7843805474809327e+00,-2.5109455017475160e+00,-4.6501660193249013e+00,7.7619132054679003e-04
1.6669608464135204e+00,-2.3083177643711794e+00,-4.6601660193248975e+00,9.4107870352765771e-04
1.6524519359711600e+00,-2.2842372329807565e+00,-4.6701660193249008e+00,9.5442332092953526e-04
1.6522943437508451e+00,-2.2839768318288574e+00,-4.6801660193248891e+00,9.4517274224073522e-04
-1.6341554415988384e+00,-2.2541705362868867e+00,-4.6901660193248995e+00,9.6407973356047870e-04
-1.5953126807695708e+00,-2.1914498073454367e+00,-4.7001660193248913e+00,1.0162703967811295e-03
-1.5767514871001582e+00,-2.1620111586696193e+00,-4.7101660193249000e+00,1.0362185746618715e-03
-1.5716655978340872e+00,-2.1540049083409292e+00,-4.7201660193248962e+00,1.0341546723551850e-03
-1.5498710810119440e+00,-2.1199887165119056e+00,-4.7301660193248987e+00,1.0592917698271248e-03
-1.5484964858750372e+00,-2.1178592160170089e+00,-4.7401660193249038e+00,1.0509873373607077e-03
-1.5340625115317483e+00,-2.0956124272768872e+00,-4.7501660193248929e+00,1.0639376955386486e-03
1.5299030790363981e+00,-2.0892402482558650e+00,-4.7601660193248980e+00,1.0600849128748965e-03
1.5225458001609544e+00,-2.0780113894272199e+00,-4.7701660193248987e+00,1.0613884083211062e-03
1.5035654280972570e+00,-2.0492930309179833e+00,-4.7801660193248923e+00,1.0814429657119813e-03
-1.4648036298362654e+00,-1.9917633696240888e+00,-4.7901660193248956e+00,1.1340846956437852e-03
1.4586046628069029e+00,-1.9827023138143589e+00,-4.8001660193248954e+00,1.1330203531648255e-03
1.4536635197110994e+00,-1.9755073469027704e+00,-4.8101660193248987e+00,1.1298466468409251e-03
1.4397877207482741e+00,-1.9554328730420945e+00,-4.8201660193249003e+00,1.1412867872894370e-03
1.3762174097029649e+00,-1.8659257120181088e+00,-4.8301660193249010e+00,1.2357320501624228e-03
1.3489981794610830e+00,-1.8288365767279977e+00,-4.8401660193248999e+00,1.2696644880486226e-03
-1.3188261966894661e+00,-1.7885898011705406e+00,-4.8501660193248908e+00,1.3086544323925020e-03
-1.2473272453727264e+00,-1.6968511611578965e+00,-4.8601660193248915e+00,1.4201153468629451e-03
1.2383331444582228e+00,-1.6856730209652344e+00,-4.8701660193248957e+00,1.4217894277886694e-03
-1.2381951355828904e+00,-1.6855021295239057e+00,-4.8801660193249008e+00,1.4078829612002963e-03
-1.2225991430842273e+00,-1.6663128649684831e+00,-4.8901660193249050e+00,1.4208799953278832e-03
-1.2137858876145955e+00,-1.6555766231195150e+00,-4.9001660193248906e+00,1.4219264918328151e-03
-1.2011255293466907e+00,-1.6402898012575235e+00,-4.9101660193248922e+00,1.4294638707296381e-03
-1.1918460490696350e+00,-1.6291870349747888e+00,-4.9201660193249026e+00,1.4310411047890824e-03
-1.1667104699547592e+00,-1.5995451929843671e+00,-4.9301660193248953e+00,1.4594272535621742e-03
1.1473531606229630e+00,-1.5771481702290908e+00,-4.9401660193248880e+00,1.4776324181981508e-03
-1.1462089202249441e+00,-1.5758359770349557e+00,-4.9501660193249064e+00,1.4648506364391752e-03
1.1377498555123129e+00,-1.5661758994924839e+00,-4.9601660193248920e+00,1.4643527854311083e-03
-1.1317598205786332e+00,-1.5593786783714294e+00,-4.9701660193249033e+00,1.4596702897603786e-03
1.1289057018496729e+00,-1.5561525744676907e+00,-4.9801660193248907e+00,1.4498160483670888e-03
1.1181208980068631e+00,-1.5440357039131765e+00,-4.9901660193248940e+00,1.4528883719777334e-03
-1.1024149974806545e+00,-1.5265979459684753e+00,-5.0001660193249080e+00,1.4637348908976625e-03
1.0528405711126538e+00,-1.4731751667237489e+00,-5.0101660193248980e+00,1.5286944843206866e-03
1.0469022482384580e+00,-1.4669406913167085e+00,-5.0201660193248872e+00,1.5229489718679753e-03
1.0467009131288658e+00,-1.4667299334057402e+00,-5.0301660193248994e+00,1.5081131896996932e-03
-1.0415106426589593e+00,-1.4613107420192786e+00,-5.0401660193249072e+00,1.5012206106555495e-03
1.0327023904014745e+00,-1.4521756462037991e+00,-5.0501660193248954e+00,1.4999227600066573e-03
-1.0251684289190195e+00,-1.4444236864594848e+00,-5.0601660193248881e+00,1.4965546604918450e-03
-1.0222717018633563e+00,-1.4414582488486407e+00,-5.0701660193248976e+00,1.4860639952443172e-03
1.0010176360181724e+00,-1.4199566864430446e+00,-5.0801660193248974e+00,1.5032547236348017e-03
1.0006796846220563e+00,-1.4196184482409886e+00,-5.0901660193249070e+00,1.4888005732928296e-03
9.8768812700239983e-01,-1.4067024507440937e+00,-5.1001660193248899e+00,1.4931482478613271e-03
9.7930935411442843e-01,-1.3984619381613490e+00,-5.1101660193248888e+00,1.4905233821933485e-03
-9.7480293174679400e-01,-1.3940589105044119e+00,-5.1201660193249117e+00,1.4822042666932846e-03
9.7300003300431503e-01,-1.3923030647465384e+00,-5.1301660193248875e+00,1.4700349777726277e-03
9.7234438002117651e-01,-1.3916653293127226e+00,-5.1401660193248944e+00,1.4563363465532216e-03
-9.6756536830256668e-01,-1.3870299036025802e+00,-5.1501660193248933e+00,1.4485446403108373e-03
-9.6534531424005210e-01,-1.3848843204959520e+00,-5.1601660193249019e+00,1.4372117317735925e-03
9.4853214126579088e-01,-1.3687951441404727e+00,-5.1701660193248982e+00,1.4459898661496700e-03
-9.3579245705137026e-01,-1.3567922939704598e+00,-5.1801660193248997e+00,1.4488888693643721e-03
-9.2074945337580572e-01,-1.3428283105792620e+00,-5.1901660193249066e+00,1.4546436391486687e-03
9.0738608805729526e-01,-1.3306132890333002e+00,-5.2001660193248975e+00,1.4578692772612173e-03
8.3837451851260114e-01,-1.2703744492789575e+00,-5.2101660193248884e+00,1.5329819267855828e-03
8.2676450431261816e-01,-1.2607083054289840e+00,-5.2201660193248891e+00,1.5324702167649658e-03
7.7907247663394663e-01,-1.2224154945576151e+00,-5.2301660193248987e+00,1.5764472907560296e-03
-7.6819367705424679e-01,-1.2139992953664016e+00,-5.2401660193248967e+00,1.5739524884184060e-03
-7.6694524241155693e-01,-1.2130410350622003e+00,-5.2501660193248982e+00,1.5597853639673454e-03
-7.6024844444731210e-01,-1.2079273812756184e+00,-5.2601660193248856e+00,1.5521823033813414e-03
7.5784685321293022e-01,-1.2061044590957097e+00,-5.2701660193249014e+00,1.5395417397655621e-03
-7.5697812335928760e-01,-1.2054464722556140e+00,-5.2801660193248923e+00,1.5252262922348459e-03
-7.5118650308310553e-01,-1.2010791138404517e+00,-5.2901660193249151e+00,1.5166593889925258e-03
-7.3512947448669563e-01,-1.1891462047628822e+00,-5.3001660193248936e+00,1.5195937887434710e-03
-7.3041766971320454e-01,-1.1856935187479736e+00,-5.3101660193248952e+00,1.5096770305688904e-03
-7.2467263436186036e-01,-1.1815137461298186e+00,-5.3201660193249030e+00,1.5009158876318263e-03
-7.2067707000888503e-01,-1.1786262522516351e+00,-5.3301660193248930e+00,1.4902784883200546e-03
-7.1256514321906506e-01,-1.1728130742987428e+00,-5.3401660193248937e+00,1.4840520011812262e-03
7.0989390480633074e-01,-1.1709132106739293e+00,-5.3501660193248943e+00,1.4720795323604923e-03
7.0864831219420732e-01,-1.1700297478211890e+00,-5.3601660193249012e+00,1.4587202523317292e-03
6.9606051211560749e-01,-1.1611886508966602e+00,-5.3701660193248957e+00,1.4570307161384977e-03
-6.9393833215019252e-01,-1.1597137370470350e+00,-5.3801660193248910e+00,1.4446622000013854e-03
6.9258691882352341e-01,-1.1587768526960704e+00,-5.3901660193249050e+00,1.4316282128928194e-03
-6.8500189322229088e-01,-1.1535523294924008e+00,-5.4001660193248888e+00,1.4248078038953712e-03
6.7309766500455936e-01,-1.1454687659506344e+00,-5.4101660193248966e+00,1.4220798650696246e-03
-6.6817740443507434e-01,-1.1421690545321359e+00,-5.4201660193249124e+00,1.4125833697451265e-03
-6.6433745872449745e-01,-1.1396106621656013e+00,-5.4301660193248917e+00,1.4021104944026148e-03
-6.5418226813715141e-01,-1.1329157526058733e+00,-5.4401660193249004e+00,1.3974840420445461e-03
6.4635255483405163e-01,-1.1278243452035923e+00,-5.4501660193248966e+00,1.3906411703944062e-03
-6.4387536041262383e-01,-1.1262262725065826e+00,-5.4601660193248893e+00,1.3790060515334491e-03
-6.3886484533768528e-01,-1.1230126779375118e+00,-5.4701660193248998e+00,1.3696792409308143e-03
-6.3648613512261643e-01,-1.1214958327350022e+00,-5.4801660193248960e+00,1.3581091845820679e-03
6.0933636373335809e-01,-1.1045839347172350e+00,-5.4901660193248976e+00,1.3675288130171009e-03
6.0238936290355793e-01,-1.1003750049030168e+00,-5.5001660193248920e+00,1.3596322445395778e-03
5.9767898178838363e-01,-1.0975486152691389e+00,-5.5101660193248962e+00,1.3499136728762362e-03
5.9403898697872026e-01,-1.0953796916586915e+00,-5.5201660193248889e+00,1.3393836801864785e-03
5.8446416612674734e-01,-1.0897377133764565e+00,-5.5301660193248949e+00,1.3335593175873410e-03
5.7148800996725813e-01,-1.0822378054015078e+00,-5.5401660193249169e+00,1.3302294607811297e-03
5.5776732999477607e-01,-1.0744907298380901e+00,-5.5501660193248945e+00,1.3272359276908102e-03
-5.5275112633410128e-01,-1.0717054364651482e+00,-5.5601660193249005e+00,1.3176947695623328e-03
-5.5238430758184753e-01,-1.0715027442646781e+00,-5.5701660193248888e+00,1.3048479432357855e-03
5.5159671337056004e-01,-1.0710679997339414e+00,-5.5801660193249027e+00,1.2924262423903788e-03
-5.4956269941992575e-01,-1.0699481129301973e+00,-5.5901660193248945e+00,1.2810001586037551e-03
-5.4186883054076884e-01,-1.0657494473891498e+00,-5.6001660193248943e+00,1.2735901629555076e-03
-5.4112178158762569e-01,-1.0653449238876225e+00,-5.6101660193248959e+00,1.2614279031353235e-03
5.2653074035998726e-01,-1.0575558429053575e+00,-5.6201660193248966e+00,1.2586420689564635e-03
5.1852229043050846e-01,-1.0533712154699897e+00,-5.6301660193248981e+00,1.2513438379341483e-03
5.0909464163985407e-01,-1.0485272097065452e+00,-5.6401660193248970e+00,1.2449085208033448e-03
-5.0893002227998896e-01,-1.0484434164222944e+00,-5.6501660193248862e+00,1.2326247554035894e-03
-5.0854190887811102e-01,-1.0482459691760360e+00,-5.6601660193248939e+00,1.2206009146605531e-03
-5.0506702828616390e-01,-1.0464848841642478e+00,-5.6701660193248991e+00,1.2105858009771044e-03
4.9898970992771580e-01,-1.0434338979402125e+00,-5.6801660193248944e+00,1.2022025848459129e-03
-4.9837180571875528e-01,-1.0431257610010258e+00,-5.6901660193249093e+00,1.1906072828260946e-03
4.9793617063511608e-01,-1.0429087476467211e+00,-5.7001660193248957e+00,1.1790163769605240e-03
-4.8647883124089158e-01,-1.0372693592560913e+00,-5.7101660193248964e+00,1.1738863376429573e-03
-4.7735666388877585e-01,-1.0328732249128503e+00,-5.7201660193248935e+00,1.1673264338870717e-03
4.6747708929097631e-01,-1.0282059471393212e+00,-5.7301660193249049e+00,1.1611179749739088e-03
-4.6381266739873628e-01,-1.0264996278531049e+00,-5.7401660193248940e+00,1.1515278568786029e-03
4.6351391045293655e-01,-1.0263611052250259e+00,-5.7501660193249133e+00,1.1402278996863113e-03
-4.5625324947532409e-01,-1.0230220464617357e+00,-5.7601660193248856e+00,1.1326581474753652e-03
-4.5504392838658103e-01,-1.0224710210140855e+00,-5.7701660193248978e+00,1.1220060942074034e-03
-4.5122821788826706e-01,-1.0207419849426502e+00,-5.7801660193248940e+00,1.1127642942566128e-03
-4.4307044693914638e-01,-1.0170942431087668e+00,-5.7901660193249018e+00,1.1057181313976316e-03
-4.3934148837027509e-01,-1.0154490043350437e+00,-5.8001660193249007e+00,1.0965186038662835e-03
4.3609053970108513e-01,-1.0140260120417313e+00,-5.8101660193248863e+00,1.0871539730149689e-03
4.3206787546132452e-01,-1.0122798571361709e+00,-5.8201660193248959e+00,1.0782177025565397e-03
-4.2198584000665373e-01,-1.0079745572164001e+00,-5.8301660193249027e+00,1.0720950260687473e-03
-4.1624605462303488e-01,-1.0055689216279606e+00,-5.8401660193248812e+00,1.0639839838454174e-03
-4.1211361788132395e-01,-1.0038573496549563e+00,-5.8501660193249023e+00,1.0552016752171285e-03
-4.0776966596249009e-01,-1.0020765828729199e+00,-5.8601660193249074e+00,1.0465642715993941e-03
-3.9994164993874948e-01,-9.9891519431120412e-01,-5.8701660193248939e+00,1.0394316416405471e-03
-3.9986124056875949e-01,-9.9888303848793314e-01,-5.8801660193248937e+00,1.0291222157398931e-03
3.9960109251649389e-01,-9.9877904920352722e-01,-5.8901660193248944e+00,1.0189882369490723e-03
3.9859688049368036e-01,-9.9837826920298611e-01,-5.9001660193248942e+00,1.0092535421743157e-03
3.9663549868984105e-01,-9.9759839204380896e-01,-5.9101660193248859e+00,9.9999086765514226e-04
3.9645574715826903e-01,-9.9752711236075009e-01,-5.9201660193248999e+00,9.9011136458169091e-04
3.9623784511335225e-01,-9.9744074758337598e-01,-5.9301660193249086e+00,9.8034425545460145e-04
3.9516012858482052e-01,-9.9701429624492544e-01,-5.9401660193248942e+00,9.7100366466105407e-04
-3.9000152339491317e-01,-9.9498912675851603e-01,-5.9501660193249002e+00,9.6329086999884239e-04
-3.8956842908470968e-01,-9.9482031310310370e-01,-5.9601660193248973e+00,9.5386697787485004e-04
3.8738733162113892e-01,-9.9397300498361263e-01,-5.9701660193248847e+00,9.4517635927747392e-04
3.8702900959800490e-01,-9.9383425976854578e-01,-5.9801660193249111e+00,9.3590154021901616e-04
3.8434629109866075e-01,-9.9279956837398764e-01,-5.9901660193249064e+00,9.2754839430195940e-04
-3.7235167480909170e-01,-9.8826141749990726e-01,-6.0001660193248911e+00,9.2249607497822217e-04
3.7221780259022191e-01,-9.8821157891588618e-01,-6.0101660193249042e+00,9.1336260523105432e-04
-3.7059955464574018e-01,-9.8761054758514999e-01,-6.0201660193248863e+00,9.0481815612726796e-04
3.6928576658700130e-01,-9.8712452133521411e-01,-6.0301660193249038e+00,8.9625056050625525e-04
-3.6243977579892339e-01,-9.8461982817392635e-01,-6.0401660193248912e+00,8.8955800027922069e-04
-3.6210454648863677e-01,-9.8449838392721012e-01,-6.0501660193248936e+00,8.8081371354945383e-04
3.6173703953410341e-01,-9.8436537551878822e-01,-6.0601660193249005e+00,8.7216546828993542e-04
-3.5106848263785556e-01,-9.8056307238416263e-01,-6.0701660193248959e+00,8.6677676711818395e-04
3.4347114250211608e-01,-9.7792474549919395e-01,-6.0801660193248939e+00,8.6041926951616130e-04
3.4056659383854804e-01,-9.7693133505273477e-01,-6.0901660193248954e+00,8.5270461980352331e-04
-3.3622116821124504e-01,-9.7546086961000666e-01,-6.1001660193248943e+00,8.4546237667113174e-04
3.3521330797686355e-01,-9.7512251355573520e-01,-6.1101660193249021e+00,8.3733315428105451e-04
3.3483354201332849e-01,-9.7499528306193517e-01,-6.1201660193248895e+00,8.2910703117528321e-04
-3.3218935111459080e-01,-9.7411341513030592e-01,-6.1301660193249070e+00,8.2158148536611117e-04
3.2786270825763286e-01,-9.7268551036635431e-01,-6.1401660193248890e+00,8.1456890980294511e-04
3.1916839023354082e-01,-9.6987276329547434e-01,-6.1501660193248942e+00,8.0873538563845768e-04
-3.1791457426321490e-01,-9.6947337089782004e-01,-6.1601660193248957e+00,8.0100818680106992e-04
-3.1577751396358150e-01,-9.6879625179584938e-01,-6.1701660193249035e+00,7.9357518520867081e-04
3.1253485713882151e-01,-9.6777755109673125e-01,-6.1801660193248864e+00,7.8647975971780362e-04
3.1058857610222385e-01,-9.6717116443594287e-01,-6.1901660193249004e+00,7.7912646403523016e-04
3.1055990701449687e-01,-9.6716226055576593e-01,-6.2001660193248940e+00,7.7138089444013904e-04
-3.0633133712919292e-01,-9.6585797668701912e-01,-6.2101660193249044e+00,7.6470226496994466e-04
3.0542049214214451e-01,-9.6557937114351433e-01,-6.2201660193248891e+00,7.5730431009138105e-04
-3.0402241494568127e-01,-9.6515334702804145e-01,-6.2301660193249182e+00,7.5008849403110356e-04
3.0053650071547899e-01,-9.6409962676449201e-01,-6.2401660193248949e+00,7.4340792023451529e-04
-2.9723430118263594e-01,-9.6311264753310444e-01,-6.2501660193249009e+00,7.3673767389873782e-04
2.9482074865455038e-01,-9.6239816955195423e-01,-6.2601660193249007e+00,7.2992834302700006e-04
-2.9414514850626761e-01,-9.6219921682822662e-01,-6.2701660193248960e+00,7.2280922522254790e-04
-2.9396286876491773e-01,-9.6214561673958954e-01,-6.2801660193248861e+00,7.1565551143479224e-04
2.9206231687735962e-01,-9.6158873110322507e-01,-6.2901660193248929e+00,7.0892930275684397e-04
2.9164759525673262e-01,-9.6146769254285691e-01,-6.3001660193249061e+00,7.0196029745638901e-04
-2.9054430937379078e-01,-9.6114653048808596e-01,-6.3101660193248987e+00,6.9519891145676689e-04
2.8890968867740968e-01,-9.6067293673917831e-01,-6.3201660193248861e+00,6.8860760975774597e-04
-2.8349072371492401e-01,-9.5912202784954514e-01,-6.3301660193249081e+00,6.8281401111067099e-04
-2.8252511989011120e-01,-9.5884875431780037e-01,-6.3401660193248830e+00,6.7620466177119472e-04
2.8049345487264815e-01,-9.5827682174653661e-01,-6.3501660193249094e+00,6.6985931779206889e-04
-2.7844831492039201e-01,-9.5770526467434236e-01,-6.3601660193248941e+00,6.6357326784295646e-04
2.7826451843012645e-01,-9.5765410374191451e-01,-6.3701660193248877e+00,6.5700421559677447e-04
2.7627454659693679e-01,-9.5710234518201098e-01,-6.3801660193248928e+00,6.5082591414352970e-04
2.7592638562494759e-01,-9.5700621777536310e-01,-6.3901660193248988e+00,6.4441203077753712e-04
-2.7104413477990696e-01,-9.5567099413263368e-01,-6.4001660193248995e+00,6.3885246562678981e-04
2.6698902781083728e-01,-9.5458010311902752e-01,-6.4101660193248904e+00,6.3318613782928660e-04
-2.6412847241481791e-01,-9.5382045760343204e-01,-6.4201660193248964e+00,6.2736222242167007e-04
-2.6335793581820416e-01,-9.5361723381255215e-01,-6.4301660193248935e+00,6.2124610316940552e-04
2.6300370810741891e-01,-9.5352400787246572e-01,-6.4401660193249013e+00,6.1512194380870995e-04
-2.6088751466392474e-01,-9.5296968028709927e-01,-6.4501660193249020e+00,6.0933905805072295e-04
-2.6035204016922769e-01,-9.5283012504347908e-01,-6.4601660193249000e+00,6.0336022932864076e-04
-2.5954806871164471e-01,-9.5262113261931181e-01,-6.4701660193248838e+00,5.9748155080794826e-04
-2.5465205934648821e-01,-9.5136236829804310e-01,-6.4801660193249280e+00,5.9228158393698682e-04
-2.5119033317423461e-01,-9.5048682437343102e-01,-6.4901660193248931e+00,5.8690191723033674e-04
2.4635967222510091e-01,-9.4928507668276907e-01,-6.5001660193248920e+00,5.8176085542492725e-04
-2.3947110993289175e-01,-9.4761173887958505e-01,-6.5101660193248971e+00,5.7693684114318679e-04
-2.3576354912388875e-01,-9.4673075818108565e-01,-6.5201660193249014e+00,5.7169965823118847e-04
-2.3340385172143396e-01,-9.4617721163253998e-01,-6.5301660193248852e+00,5.6632455183846359e-04
-2.3278997574581234e-01,-9.4603411903720747e-01,-6.5401660193249009e+00,5.6076976465599859e-04
2.2699378175746418e-01,-9.4470162111161715e-01,-6.5501660193249043e+00,5.5593029491189552e-04
2.2558661093531002e-01,-9.4438319214997890e-01,-6.5601660193248890e+00,5.5057398684627966e-04
-2.2395252654565101e-01,-9.4401589970642974e-01,-6.5701660193248967e+00,5.4529593044179371e-04
-2.2266680881694739e-01,-9.4372878650770098e-01,-6.5801660193249019e+00,5.4002517137625647e-04
2.2254823807779545e-01,-9.4370239176910498e-01,-6.5901660193248821e+00,5.3466594332300481e-04
2.1891102974656412e-01,-9.4289955210568999e-01,-6.6001660193249112e+00,5.2977107884619840e-04
-2.1766512906096727e-01,-9.4262758683790326e-01,-6.6101660193249039e+00,5.2464243365590315e-04
2.1635379166045060e-01,-9.4234301421626632e-01,-6.6201660193248770e+00,5.1956998857676992e-04
2.1590534832510744e-01,-9.4224609235103240e-01,-6.6301660193249310e+00,5.1445003985263807e-04
2.1372869050718057e-01,-9.4177850920629658e-01,-6.6401660193248597e+00,5.0956938678881438e-04
-2.1307301644800805e-01,-9.4163858780246601e-01,-6.6501660193249164e+00,5.0456968183311293e-04
2.0853529425885384e-01,-9.4068201710915289e-01,-6.6601660193248859e+00,5.0002721229450381e-04
-2.0602003114875991e-01,-9.4016065925060743e-01,-6.6701660193249168e+00,4.9531002487169476e-04
-2.0364213455816629e-01,-9.3967359211704260e-01,-6.6801660193248669e+00,4.9062051471973232e-04
2.0318586056487642e-01,-9.3958077960008413e-01,-6.6901660193249173e+00,4.8578384376116889e-04
1.9664153579919641e-01,-9.3827247943407277e-01,-6.7001660193248824e+00,4.8157985278690711e-04
-1.9660363352085009e-01,-9.3826502699013981e-01,-6.7101660193249124e+00,4.7679160643808644e-04
-1.9566535195890386e-01,-9.3808099761194030e-01,-6.7201660193248767e+00,4.7213432927973513e-04
1.9313257958621466e-01,-9.3758862928215225e-01,-6.7301660193249155e+00,4.6766672181525838e-04
-1.9050393755704367e-01,-9.3708440774570845e-01,-6.7401660193248771e+00,4.6324688035910176e-04
1.9008972373674421e-01,-9.3700558416849533e-01,-6.7501660193249133e+00,4.5867364975731229e-04
1.8940367161203780e-01,-9.3687540804339975e-01,-6.7601660193248811e+00,4.5416888878548078e-04
-1.8335655736913137e-01,-9.3574834619846925e-01,-6.7701660193249182e+00,4.5015690170157122e-04
-1.8123849486662325e-01,-9.3536222864409901e-01,-6.7801660193248727e+00,4.4584988292623192e-04
1.7771547078606084e-01,-9.3472992691169510e-01,-6.7901660193249160e+00,4.4169279731211990e-04
-1.7539201684100700e-01,-9.3431971241911749e-01,-6.8001660193248785e+00,4.3747730327364467e-04
-1.7264074733561013e-01,-9.3384094645363847e-01,-6.8101660193249165e+00,4.3333174621139364e-04
-1.7226240682696120e-01,-9.3377570103624818e-01,-6.8201660193248683e+00,4.2904801579851740e-04
-1.7004696211299231e-01,-9.3339651729526818e-01,-6.8301660193249196e+00,4.2494001651172125e-04
-1.6852460551424520e-01,-9.3313880396520543e-01,-6.8401660193248786e+00,4.2082022971014058e-04
-1.6681650718654861e-01,-9.3285240616829934e-01,-6.8501660193249103e+00,4.1675233832419705e-04
1.6669736782831204e-01,-9.3283253885378326e-01,-6.8601660193249190e+00,4.1261378071876914e-04
1.6651473870899636e-01,-9.3280211173700212e-01,-6.8701660193248753e+00,4.0852063491921274e-04
1.6643025184576407e-01,-9.3278804699806173e-01,-6.8801660193249150e+00,4.0446147528991208e-04
-1.5889963233510182e-01,-9.3156307921145476e-01,-6.8901660193248739e+00,4.0092783937416396e-04
-1.5876920850267565e-01,-9.3154236341762253e-01,-6.9001660193249190e+00,3.9694676369993241e-04
1.5871494269377395e-01,-9.3153374915048348e-01,-6.9101660193248833e+00,3.9300046280479331e-04
1.5623348200503731e-01,-9.3114298308304866e-01,-6.9201660193249088e+00,3.8924211575967852e-04
-1.5483870982899334e-01,-9.3092604566409309e-01,-6.9301660193248731e+00,3.8545270204096632e-04
1.5386848784668150e-01,-9.3077628840945170e-01,-6.9401660193249235e+00,3.8167453782501963e-04
1.5384890013715241e-01,-9.3077327467004523e-01,-6.9501660193248753e+00,3.7787795154392681e-04
-1.5106447716664353e-01,-9.3034877076415512e-01,-6.9601660193249106e+00,3.7427685137057847e-04
1.4978477400707468e-01,-9.3015627189551464e-01,-6.9701660193248811e+00,3.7062407232377979e-04
-1.4942277654848443e-01,-9.3010211570906864e-01,-6.9801660193249200e+00,3.6695617359642639e-04
1.4788505042705857e-01,-9.2987352670324630e-01,-6.9901660193248638e+00,3.6338795566058561e-04
1.4540582043152611e-01,-9.2950995894102206e-01,-7.0001660193249240e+00,3.5990301043693269e-04
-1.4508508522440336e-01,-9.2946337361062570e-01,-7.0101660193248723e+00,3.5633851540974656e-04
-1.4389086394723555e-01,-9.2929082299708043e-01,-7.0201660193249227e+00,3.5285376782137487e-04
-1.3974720043534969e-01,-9.2870317264809832e-01,-7.0301660193248745e+00,3.4954816592760427e-04
-1.3928630393379027e-01,-9.2863886986510757e-01,-7.0401660193249143e+00,3.4609235755019544e-04
-1.3790961280549682e-01,-9.2844806328542051e-01,-7.0501660193248732e+00,3.4271406691513661e-04
-1.3417594694896798e-01,-9.2794012500316558e-01,-7.0601660193249218e+00,3.3947639424411279e-04
-1.3313379561705976e-01,-9.2780083640104194e-01,-7.0701660193248737e+00,3.3614536564057781e-04
1.2596109807500971e-01,-9.2687163174747056e-01,-7.0801660193249205e+00,3.3311004701120484e-04
-1.2505260904718493e-01,-9.2675761014809355e-01,-7.0901660193248635e+00,3.2983315262324263e-04
-1.2456664784653423e-01,-9.2669695751120074e-01,-7.1001660193249299e+00,3.2657106471511814e-04
-1.2366871825138928e-01,-9.2658550857031019e-01,-7.1101660193249048e+00,3.2335766418958628e-04
1.2203363404043518e-01,-9.2638463655189685e-01,-7.1201660193248903e+00,3.2020451534010066e-04
-1.2161098729086758e-01,-9.2633314874826922e-01,-7.1301660193249061e+00,3.1703475018093370e-04
1.2025184298881200e-01,-9.2616878550444237e-01,-7.1401660193248810e+00,3.1393179631748899e-04
1.1779369068990909e-01,-9.2587620941651450e-01,-7.1501660193249181e+00,3.1089907108135153e-04
1.1763786903835849e-01,-9.2585786674928250e-01,-7.1601660193248691e+00,3.0781121966386859e-04
-1.1748363241054532e-01,-9.2583973457552748e-01,-7.1701660193249195e+00,3.0475397265621338e-04
-1.1606358847004918e-01,-9.2567391091761198e-01,-7.1801660193248802e+00,3.0177165669391121e-04
1.1481340294997314e-01,-9.2552959138181590e-01,-7.1901660193249199e+00,2.9881209985184828e-04
1.1327514389721915e-01,-9.2535416174580731e-01,-7.2001660193248691e+00,2.9589077323838916e-04
1.1260884427080294e-01,-9.2527890853734240e-01,-7.2101660193249142e+00,2.9296865685444833e-04
1.1164672177808049e-01,-9.2517102787523553e-01,-7.2201660193248784e+00,2.9008486287157017e-04
-1.1077222261181685e-01,-9.2507377528452039e-01,-7.2301660193249093e+00,2.8722640241263681e-04
-1.1075137121047018e-01,-9.2507146574583909e-01,-7.2401660193248807e+00,2.8436910871770875e-04
1.1045389857597947e-01,-9.2503856448865585e-01,-7.2501660193249204e+00,2.8154885196815792e-04
-1.1025491491631166e-01,-9.2501660576494105e-01,-7.2601660193248732e+00,2.7875351508757450e-04
-1.0940775440149209e-01,-9.2492356099492812e-01,-7.2701660193249209e+00,2.7600555094774799e-04
1.0665709866033615e-01,-9.2462640098065985e-01,-7.2801660193248701e+00,2.7334046361840512e-04
1.0578910032778581e-01,-9.2453419950742066e-01,-7.2901660193249196e+00,2.7064563333806989e-04
-1.0571349617453141e-01,-9.2452620427006083e-01,-7.3001660193248741e+00,2.6795480664502274e-04
-1.0389520346911811e-01,-9.2433563928528417e-01,-7.3101660193249165e+00,2.6533917130873344e-04
1.0251893451055327e-01,-9.2419359859992900e-01,-7.3201660193248701e+00,2.6273631903788954e-04
1.0085702676695575e-01,-9.2402460255747465e-01,-7.3301660193249187e+00,2.6016601229485951e-04
1.0044954892780189e-01,-9.2398358857323892e-01,-7.3401660193248670e+00,2.5758788170839525e-04
9.9975176380209446e-02,-9.2393605057946648e-01,-7.3501660193249228e+00,2.5503696311857815e-04
-9.9755444264300136e-02,-9.2391410696352338e-01,-7.3601660193249163e+00,2.5250484374396437e-04
9.8881161970701736e-02,-9.2382727472967752e-01,-7.3701660193248806e+00,2.5001408690873429e-04
9.8032886437796937e-02,-9.2374375604500247e-01,-7.3801660193249123e+00,2.4754707912203589e-04
9.6673027742569945e-02,-9.2361136977979730e-01,-7.3901660193248775e+00,2.4511639242573067e-04
-9.5377489166270757e-02,-9.2348696535317054e-01,-7.4001660193249128e+00,2.4270763559647648e-04
-9.4930906925773828e-02,-9.2344447117821449e-01,-7.4101660193248815e+00,2.4030286552700203e-04
9.4196039806208900e-02,-9.2337497959092596e-01,-7.4201660193249213e+00,2.3792834550836372e-04
9.3564303205667332e-02,-9.2331567205052045e-01,-7.4301660193248713e+00,2.3557488986778580e-04
9.3564240946631405e-02,-9.2331566622529915e-01,-7.4401660193249155e+00,2.3323088190769107e-04
9.2614965969186433e-02,-9.2322729859407626e-01,-7.4501660193248709e+00,2.3093060174652166e-04
9.2473247524912164e-02,-9.2321418338724126e-01,-7.4601660193249204e+00,2.2863580245290291e-04
-9.1373903230563963e-02,-9.2311312772913368e-01,-7.4701660193248687e+00,2.2638371440695610e-04
8.9102301491603697e-02,-9.2290814269888977e-01,-7.4801660193249200e+00,2.2417710705367223e-04
8.8953288969285130e-02,-9.2289487644256607e-01,-7.4901660193248718e+00,2.2194945198765836e-04
-8.7453584672401483e-02,-9.2276259736936594e-01,-7.5001660193249187e+00,2.1977008710187250e-04
-8.7416943399568819e-02,-9.2275939363000115e-01,-7.5101660193248811e+00,2.1758403527967948e-04
8.6962276917441073e-02,-9.2271975143667229e-01,-7.5201660193249156e+00,2.1542757780752963e-04
8.6561337552971532e-02,-9.2268496521281917e-01,-7.5301660193248807e+00,2.1329145706866140e-04
-8.6267532400244040e-02,-9.2265957620655303e-01,-7.5401660193249151e+00,2.1117453305442044e-04
-8.5659834582863192e-02,-9.2260733626372116e-01,-7.5501660193248670e+00,2.0908423360571616e-04
8.4816137553509877e-02,-9.2253542122808740e-01,-7.5601660193249183e+00,2.0701869794262622e-04
8.4726641320286719e-02,-9.2252783450804776e-01,-7.5701660193248737e+00,2.0496038245221781e-04
-8.3335711328285600e-02,-9.2241095302463516e-01,-7.5801660193249241e+00,2.0294471166473584e-04
8.3330529966520711e-02,-9.2241052124559009e-01,-7.5901660193248759e+00,2.0092546479934072e-04
-8.1749017285473652e-02,-9.2227998354690977e-01,-7.6001660193249183e+00,1.9895219208684772e-04
-8.0737529217764711e-02,-9.2219780694543418e-01,-7.6101660193249154e+00,1.9698877190230652e-04
-8.0698692978650677e-02,-9.2219467215757078e-01,-7.6201660193248788e+00,1.9502931224690121e-04
-7.9684753997581431e-02,-9.2211336264316701e-01,-7.6301660193249159e+00,1.9310443875608437e-04
7.9073262392593727e-02,-9.2206482304604342e-01,-7.6401660193248722e+00,1.9119229765856774e-04
7.7215034066057453e-02,-9.2191961337625072e-01,-7.6501660193249155e+00,1.8931739123098277e-04
-7.6224693529937604e-02,-9.2184363458520591e-01,-7.6601660193248744e+00,1.8744789323734651e-04
-7.6115016111297645e-02,-9.2183528047215102e-01,-7.6701660193249159e+00,1.8558430592205597e-04
-7.5730824700763644e-02,-9.2180611153826841e-01,-7.6801660193248740e+00,1.8374307073590963e-04
-7.5008097221141268e-02,-9.2175163995770759e-01,-7.6901660193249164e+00,1.8192470609103092e-04
-7.4991535978450541e-02,-9.2175039786754309e-01,-7.7001660193248771e+00,1.8011474873891737e-04
7.3168550481677280e-02,-9.2161535102313430e-01,-7.7101660193249213e+00,1.7834666057221256e-04
-7.1921795798368882e-02,-9.2152490498877060e-01,-7.7201660193248687e+00,1.7658805261605668e-04
-7.0680567573779052e-02,-9.2143640394961523e-01,-7.7301660193249209e+00,1.7484644554201389e-04
6.9891230566270807e-02,-9.2138092468837329e-01,-7.7401660193248754e+00,1.7311629843844124e-04
6.9582090161013022e-02,-9.2135936626892712e-01,-7.7501660193249249e+00,1.7139745750669301e-04
6.8297649403612590e-02,-9.2127081709036884e-01,-7.7601660193248740e+00,1.6970705106419441e-04
6.6639625587436274e-02,-9.2115895248255630e-01,-7.7701660193249085e+00,1.6803723406010371e-04
-6.6196742593926439e-02,-9.2112953699836275e-01,-7.7801660193248710e+00,1.6637012943081743e-04
-6.5903350519959408e-02,-9.2111015843821775e-01,-7.7901660193249276e+00,1.6471791094881539e-04
-6.5634777187397852e-02,-9.2109249462155918e-01,-7.8001660193248776e+00,1.6308182097233786e-04
6.4720358477550782e-02,-9.2103289503407082e-01,-7.8101660193249041e+00,1.6146875292546515e-04
6.3895529853583544e-02,-9.2097985200097454e-01,-7.8201660193248710e+00,1.5987059178573988e-04
6.3197441902865539e-02,-9.2093549096487248e-01,-7.8301660193249258e+00,1.5828687443285110e-04
-6.3181741602821903e-02,-9.2093449886932233e-01,-7.8401660193248759e+00,1.5671204919017712e-04
-6.2084212653539417e-02,-9.2086575736374443e-01,-7.8501660193249148e+00,1.5516340404662921e-04
6.1437356285446991e-02,-9.2082580700701200e-01,-7.8601660193249234e+00,1.5362563965683253e-04
5.9671065149842537e-02,-9.2071885064139780e-01,-7.8701660193248681e+00,1.5211330761837774e-04
5.7009334582130929e-02,-9.2056356474808809e-01,-7.8801660193249283e+00,1.5062314275193003e-04
5.6044086694256458e-02,-9.2050900246003609e-01,-7.8901660193248713e+00,1.4913255423173284e-04
5.3688079005997424e-02,-9.2037973754701663e-01,-7.9001660193249208e+00,1.4766774754858351e-04
5.3684654125005657e-02,-9.2037955367760016e-01,-7.9101660193248717e+00,1.4619845579201871e-04
-5.3540558801130129e-02,-9.2037182835170805e-01,-7.9201660193249150e+00,1.4474487504827853e-04
-5.2836026962152324e-02,-9.2033435550591214e-01,-7.9301660193248669e+00,1.4331000961087276e-04
-5.2799208284520921e-02,-9.2033241083107553e-01,-7.9401660193249226e+00,1.4188432710844065e-04
-5.2628234877575994e-02,-9.2032339818650410e-01,-7.9501660193248807e+00,1.4047382050024068e-04
5.1616485944672413e-02,-9.2027066344397779e-01,-7.9601660193249080e+00,1.3908341696716449e-04
5.1588384546334617e-02,-9.2026921334338974e-01,-7.9701660193248740e+00,1.3769971352390299e-04
-5.0844716524931138e-02,-9.2023112523258976e-01,-7.9801660193249182e+00,1.3633477111662097e-04
5.0707885377032476e-02,-9.2022417745304463e-01,-7.9901660193248674e+00,1.3497915528040439e-04
4.8325318856513838e-02,-9.2010620085463135e-01,-8.0001660193249204e+00,1.3365185710635492e-04
4.8039681084540348e-02,-9.2009243811269159e-01,-8.0101660193248758e+00,1.3232382003447592e-04
4.7403099651852076e-02,-9.2006205956164122e-01,-8.0201660193249342e+00,1.3101115589481601e-04
-4.7107971168659002e-02,-9.2004811310715306e-01,-8.0301660193248718e+00,1.2970938208633643e-04
4.6942321787006684e-02,-9.2004032342071695e-01,-8.0401660193249018e+00,1.2841975251598912e-04
4.6732714571469547e-02,-9.2003050593894864e-01,-8.0501660193248856e+00,1.2714320284851508e-04
4.6145676794711599e-02,-9.2000324437676051e-01,-8.0601660193249156e+00,1.2588153852311940e-04
4.6042698551425357e-02,-9.1999849767828823e-01,-8.0701660193248692e+00,1.2462958786457997e-04
-4.4963797836550058e-02,-9.1994940419128257e-01,-8.0801660193249205e+00,1.2339556051519534e-04
-4.4684811439090547e-02,-9.1993689882001306e-01,-8.0901660193248794e+00,1.2216928193613513e-04
4.3689633628344819e-02,-9.1989292467662898e-01,-8.1001660193249148e+00,1.2095899622141601e-04
-4.3552562563119554e-02,-9.1988694548624672e-01,-8.1101660193249181e+00,1.1975615014215920e-04
-4.3117567275362090e-02,-9.1986809493721211e-01,-8.1201660193248699e+00,1.1856679156674332e-04
4.3075055855933575e-02,-9.1986626285183537e-01,-8.1301660193249230e+00,1.1738724734208263e-04
-4.2707843732832595e-02,-9.1985051259149353e-01,-8.1401660193248695e+00,1.1622105521276899e-04
4.1272125040844682e-02,-9.1979022678603306e-01,-8.1501660193249172e+00,1.1507157336493262e-04
4.0631062176335400e-02,-9.1976397424012812e-01,-8.1601660193248744e+00,1.1392958298155913e-04
4.0405368380140722e-02,-9.1975482953030685e-01,-8.1701660193249168e+00,1.1279699618108232e-04
4.0321610631429021e-02,-9.1975144877529580e-01,-8.1801660193248757e+00,1.1167502486175240e-04
4.0251832491002060e-02,-9.1974863764278136e-01,-8.1901660193249164e+00,1.1056415060834952e-04
4.0008857405946265e-02,-9.1973888696880413e-01,-8.2001660193248807e+00,1.0946508628158277e-04
3.8682339823563505e-02,-9.1968669434045225e-01,-8.2101660193249213e+00,1.0838154704460321e-04
-3.8551722901135857e-02,-9.1968165030266247e-01,-8.2201660193248713e+00,1.0730367387541342e-04
3.8544434517316373e-02,-9.1968136934946931e-01,-8.2301660193249120e+00,1.0623601432836695e-04
3.7770316030041447e-02,-9.1965183101984405e-01,-8.2401660193248798e+00,1.0518205518030806e-04
-3.7302832579293232e-02,-9.1963428329255881e-01,-8.2501660193249204e+00,1.0413730360162622e-04
-3.7211755229034318e-02,-9.1963088999695219e-01,-8.2601660193248634e+00,1.0310146997105413e-04
3.7056206359183080e-02,-9.1962511384820667e-01,-8.2701660193249236e+00,1.0207618280964324e-04
-3.6935112497423428e-02,-9.1962063390093818e-01,-8.2801660193248807e+00,1.0106096056720139e-04
3.6815734099666479e-02,-9.1961623177198815e-01,-8.2901660193249125e+00,1.0005582766577201e-04
-3.6314684162982225e-02,-9.1959791077626807e-01,-8.3001660193248803e+00,9.9062070445279351e-05
-3.6245467901961953e-02,-9.1959539960505554e-01,-8.3101660193249103e+00,9.8076632662101568e-05
3.5872944458016122e-02,-9.1958196670538339e-01,-8.3201660193248763e+00,9.7102058215240537e-05
-3.5831455349135143e-02,-9.1958047922955799e-01,-8.3301660193249134e+00,9.6136019592596170e-05
3.5732862474955412e-02,-9.1957695136366646e-01,-8.3401660193248848e+00,9.5179785995887562e-05
-3.5696340031448247e-02,-9.1957564697915983e-01,-8.3501660193249077e+00,9.4232854217302567e-05
3.5522953552166184e-02,-9.1956947274787415e-01,-8.3601660193249305e+00,9.3295797679602500e-05
-3.5032332825709556e-02,-9.1955216480494506e-01,-8.3701660193248717e+00,9.2369087687254860e-05
3.4952749026826262e-02,-9.1954937996560560e-01,-8.3801660193249141e+00,9.1450254582237006e-05
3.4806969281577768e-02,-9.1954429518862379e-01,-8.3901660193248748e+00,9.0540769723917739e-05
3.4264171543485968e-02,-9.1952554935912023e-01,-8.4001660193249243e+00,8.9641554402227107e-05
-3.4259728935585272e-02,-9.1952539714670933e-01,-8.4101660193248691e+00,8.8749619541739444e-05
3.2243209295698440e-02,-9.1945834490618261e-01,-8.4201660193249168e+00,8.7872437918906854e-05
-3.1670406556803442e-02,-9.1944003995907608e-01,-8.4301660193248740e+00,8.6999685062809457e-05
3.1496922241431205e-02,-9.1943456068868090e-01,-8.4401660193249217e+00,8.6134495685559641e-05
-3.0610570651281376e-02,-9.1940703615113806e-01,-8.4501660193248753e+00,8.5279790388049099e-05
-3.0466727880975167e-02,-9.1940264338722621e-01,-8.4601660193249177e+00,8.4431613183177199e-05
3.0299361223111061e-02,-9.1939755827860370e-01,-8.4701660193248607e+00,8.3591929668144950e-05
-2.9370926296663775e-02,-9.1936985828910145e-01,-8.4801660193249297e+00,8.2762468558472490e-05
-2.9295700780541438e-02,-9.1936765167545098e-01,-8.4901660193248638e+00,8.1939149044837171e-05
-2.9063416014092541e-02,-9.1936087370854358e-01,-8.5001660193249293e+00,8.1124390745956456e-05
2.8927728379648340e-02,-9.1935693936794283e-01,-8.5101660193248705e+00,8.0317505566842958e-05
-2.8497445415000721e-02,-9.1934458483092996e-01,-8.5201660193249147e+00,7.9519315451854561e-05
-2.7931485338729439e-02,-9.1932861656995335e-01,-8.5301660193248825e+00,7.8729342203604251e-05
2.7613348083100536e-02,-9.1931978112951873e-01,-8.5401660193249089e+00,7.7946660849894246e-05
-2.7287671897466760e-02,-9.1931084115213135e-01,-8.5501660193248750e+00,7.7171768526524900e-05
-2.7196799770230231e-02,-9.1930836559221052e-01,-8.5601660193249245e+00,7.6404085742469801e-05
2.6706087866330025e-02,-9.1929514019790148e-01,-8.5701660193248728e+00,7.5644852813483660e-05
-2.6540495332087629e-02,-9.1929073157957575e-01,-8.5801660193249223e+00,7.4892504123704397e-05
-2.6436479354254302e-02,-9.1928797635366344e-01,-8.5901660193248723e+00,7.4147515549610862e-05
2.6318123105285585e-02,-9.1928485443523200e-01,-8.6001660193249059e+00,7.3409964622367553e-05
-2.6231727369292142e-02,-9.1928258439372790e-01,-8.6101660193249216e+00,7.2679688255627742e-05
2.6066364891644447e-02,-9.1927826032267168e-01,-8.6201660193249285e+00,7.1956824420174083e-05
-2.5991583181853687e-02,-9.1927631383148911e-01,-8.6301660193248182e+00,7.1240980724125204e-05
-2.5866614189539443e-02,-9.1927307349815468e-01,-8.6401660193249246e+00,7.0532349669993760e-05
-2.5673979794287382e-02,-9.1926810925257818e-01,-8.6501660193249190e+00,6.9830887721531037e-05
2.5395998525879836e-02,-9.1926101100390267e-01,-8.6601660193249117e+00,6.9136549525938476e-05
2.5376723031998907e-02,-9.1926052166926087e-01,-8.6701660193248262e+00,6.8448662858446117e-05
-2.5288858939341723e-02,-9.1925829582656637e-01,-8.6801660193249361e+00,6.7767738123506913e-05
-2.5236374312546803e-02,-9.1925696992756101e-01,-8.6901660193249093e+00,6.7093526821918449e-05
2.5144864543173218e-02,-9.1925466473978679e-01,-8.7001660193249268e+00,6.6426088200114439e-05
2.4975725081289507e-02,-9.1925042605500751e-01,-8.7101660193248218e+00,6.5765416337416221e-05
-2.4692369648997604e-02,-9.1924338919278081e-01,-8.7201660193249158e+00,6.5111497690324208e-05
2.4627644581460013e-02,-9.1924179307215481e-01,-8.7301660193249244e+00,6.4463730355271794e-05
2.4259650773506128e-02,-9.1923279796116575e-01,-8.7401660193249224e+00,6.3822879612391876e-05
2.3892855791297102e-02,-9.1922396691227137e-01,-8.7501660193248281e+00,6.3188389366939846e-05
2.3846896844177637e-02,-9.1922286987788793e-01,-8.7601660193249113e+00,6.2559723017740807e-05
-2.3835055012325017e-02,-9.1922258755705977e-01,-8.7701660193249147e+00,6.1937260859284382e-05
-2.3777404130625637e-02,-9.1922121510693500e-01,-8.7801660193249216e+00,6.1321058976650242e-05
-2.3636620030091534e-02,-9.1921787753656292e-01,-8.7901660193248361e+00,6.0711106872414159e-05
2.3625164385886507e-02,-9.1921760682946951e-01,-8.8001660193249105e+00,6.0107037537156298e-05
2.3412848985822757e-02,-9.1921261338215599e-01,-8.8101660193249192e+00,5.9509259676427072e-05
-2.3353645143895950e-02,-9.1921122900409302e-01,-8.8201660193249243e+00,5.8917214212824811e-05
2.3056147545651884e-02,-9.1920432560316290e-01,-8.8301660193248264e+00,5.8331380819895693e-05
2.2705704032917419e-02,-9.1919630713115463e-01,-8.8401660193249132e+00,5.7751436959516282e-05
-2.2575609190162913e-02,-9.1919336169849297e-01,-8.8501660193249236e+00,5.7176968971207873e-05
-2.2375290653707594e-02,-9.1918885944925843e-01,-8.8601660193249199e+00,5.6608303488343239e-05
-2.2209250498509730e-02,-9.1918515803719225e-01,-8.8701660193249179e+00,5.6045248903633384e-05
2.1824673384015402e-02,-9.1917669081749898e-01,-8.8801660193248253e+00,5.5488059187076533e-05
2.1588816866765961e-02,-9.1917157114019288e-01,-8.8901660193249210e+00,5.4936225028248453e-05
-2.1526082237057889e-02,-9.1917021874157778e-01,-8.9001660193249155e+00,5.4389674012494699e-05
2.1498898130426727e-02,-9.1916963394375073e-01,-8.9101660193249224e+00,5.3848519204229222e-05
2.1246754775349541e-02,-9.1916424492758142e-01,-8.9201660193248227e+00,5.3313004789662085e-05
-2.1157744461281856e-02,-9.1916235770868393e-01,-8.9301660193249202e+00,5.2782631140953313e-05
-2.1071587334867949e-02,-9.1916053852974500e-01,-8.9401660193249217e+00,5.2257530251656376e-05
2.1005242932072822e-02,-9.1915914274865718e-01,-8.9501660193249108e+00,5.1737631352152019e-05
2.0992382423927494e-02,-9.1915887269325569e-01,-8.9601660193248343e+00,5.1222847151782486e-05
2.0884910850891430e-02,-9.1915662238396434e-01,-8.9701660193249229e+00,5.0713285427225814e-05
-2.0592614003170698e-02,-9.1915056050908128e-01,-8.9801660193249120e+00,5.0208984165757086e-05
2.0257161861849539e-02,-9.1914370893668806e-01,-8.9901660193249135e+00,4.9709737014717391e-05
-2.0166579103605902e-02,-9.1914187808971048e-01,-9.0001660193248298e+00,4.9215206972570324e-05
2.0026472198334009e-02,-9.1913906242769483e-01,-9.0101660193249202e+00,4.8725644675873535e-05
1.9847343347532055e-02,-9.1913549115231685e-01,-9.0201660193249253e+00,4.8240988692216814e-05
1.9817762191878842e-02,-9.1913490448248636e-01,-9.0301660193249251e+00,4.7761010854560712e-05
-1.9767416633120170e-02,-9.1913390801351313e-01,-9.0401660193248290e+00,4.7285827975091557e-05
-1.9229546901982877e-02,-9.1912342037036721e-01,-9.0501660193249069e+00,4.6815817110436345e-05
-1.9024593732205497e-02,-9.1911950021667721e-01,-9.0601660193249227e+00,4.6350173646466321e-05
1.8985558392597891e-02,-9.1911875834707879e-01,-9.0701660193249172e+00,4.5889015756582380e-05
1.8941952124759610e-02,-9.1911793140848785e-01,-9.0801660193248264e+00,4.5432449990552085e-05
-1.8888938863837239e-02,-9.1911692863904038e-01,-9.0901660193249256e+00,4.4980434664942040e-05
1.8826012665684122e-02,-9.1911574200978374e-01,-9.1001660193249148e+00,4.4532924706031676e-05
1.8433744857566898e-02,-9.1910843410807641e-01,-9.1101660193249199e+00,4.4090136906780048e-05
1.8123596646503468e-02,-9.1910276501104204e-01,-9.1201660193249197e+00,4.3651680179444898e-05
-1.7758733211416682e-02,-9.1909621893597659e-01,-9.1301660193248377e+00,4.3217621609404042e-05
1.7701146444420252e-02,-9.1909519792606287e-01,-9.1401660193249104e+00,4.2787642776006949e-05
-1.7496890269157891e-02,-9.1909160321788497e-01,-9.1501660193249137e+00,4.2362050895841468e-05
1.7440080295388689e-02,-9.1909061083369425e-01,-9.1601660193249241e+00,4.1940583067852147e-05
-1.7426885479468912e-02,-9.1909038080209671e-01,-9.1701660193248227e+00,4.1523276845339000e-05
-1.7387878865927516e-02,-9.1908970179906757e-01,-9.1801660193249273e+00,4.1110141251345172e-05
-1.7379243915001764e-02,-9.1908955169286799e-01,-9.1901660193249111e+00,4.0701094620785933e-05
1.7261235940305077e-02,-9.1908750776643289e-01,-9.2001660193249304e+00,4.0296194325090174e-05
1.7046329508368735e-02,-9.1908382130819344e-01,-9.2101660193248271e+00,3.9895387564692921e-05
1.6388178064460922e-02,-9.1907281882347569e-01,-9.2201660193249193e+00,3.9498856408952442e-05
-1.6161366922691225e-02,-9.1906912752374437e-01,-9.2301660193249120e+00,3.9105980572595085e-05
1.6061333108451332e-02,-9.1906751584394974e-01,-9.2401660193249135e+00,3.8716931963742615e-05
1.5914014075791745e-02,-9.1906516055534171e-01,-9.2501660193248334e+00,3.8331782336288230e-05
1.5697191307105993e-02,-9.1906173354080545e-01,-9.2601660193249202e+00,3.7950504786056834e-05
-1.5681938861412486e-02,-9.1906149423656602e-01,-9.2701660193249200e+00,3.7572899945485787e-05
1.5633033274421414e-02,-9.1906072849801901e-01,-9.2801660193249234e+00,3.7199071829254486e-05
-1.5393622833691889e-02,-9.1905701444531240e-01,-9.2901660193248219e+00,3.6829071665039777e-05
1.5370936634539999e-02,-9.1905666547985099e-01,-9.3001660193249194e+00,3.6462629003301251e-05
1.5314285534926770e-02,-9.1905579630406209e-01,-9.3101660193249209e+00,3.6099851159878860e-05
-1.5273475853914815e-02,-9.1905517216566956e-01,-9.3201660193249243e+00,3.5740673946327483e-05
-1.5154603581762547e-02,-9.1905336363819967e-01,-9.3301660193248210e+00,3.5385112293538144e-05
1.5079573673812949e-02,-9.1905222940443143e-01,-9.3401660193249239e+00,3.5033064279071454e-05
-1.4816161439542196e-02,-9.1904829195324078e-01,-9.3501660193249112e+00,3.4684616033932926e-05
1.4301604863731710e-02,-9.1904080058417859e-01,-9.3601660193249216e+00,3.4339755588867662e-05
1.4236659090979596e-02,-9.1903987386437580e-01,-9.3701660193249214e+00,3.3998100818444198e-05
-1.4107259595830091e-02,-9.1903804001999156e-01,-9.3801660193248235e+00,3.3659875790009040e-05
1.4100558570045057e-02,-9.1903794550933315e-01,-9.3901660193249157e+00,3.3324957579476577e-05
-1.4018097476894188e-02,-9.1903678616177531e-01,-9.4001660193249190e+00,3.2993406962062323e-05
1.3671333082436576e-02,-9.1903198530746488e-01,-9.4101660193249153e+00,3.2665273898453160e-05
-1.3539171157690332e-02,-9.1903018721115803e-01,-9.4201660193248333e+00,3.2340307143471788e-05
1.3396809340752118e-02,-9.1902826988359565e-01,-9.4301660193249237e+00,3.2018577100829917e-05
1.3369447579245410e-02,-9.1902790369762655e-01,-9.4401660193249128e+00,3.1699998543654469e-05
-1.3346587525881280e-02,-9.1902759833263248e-01,-9.4501660193249091e+00,3.1384587871747114e-05
-1.3320292663676412e-02,-9.1902724773166244e-01,-9.4601660193248378e+00,3.1072316898694145e-05
1.3201752497077474e-02,-9.1902567576783656e-01,-9.4701660193249246e+00,3.0763190538335642e-05
1.2907584395455331e-02,-9.1902183550080241e-01,-9.4801660193249191e+00,3.0457208641663066e-05
-1.2783377957555575e-02,-9.1902024000934235e-01,-9.4901660193249171e+00,3.0154202462876430e-05
1.2700687279048006e-02,-9.1901918636201951e-01,-9.5001660193248281e+00,2.9854194590987840e-05
1.2614130485279684e-02,-9.1901809077728924e-01,-9.5101660193249202e+00,2.9557172773889530e-05
1.2571493590900814e-02,-9.1901755385889250e-01,-9.5201660193249129e+00,2.9263089702771945e-05
1.2499698569506341e-02,-9.1901665386550369e-01,-9.5301660193249216e+00,2.8971943169761720e-05
1.2184303306334618e-02,-9.1901276125686981e-01,-9.5401660193248290e+00,2.8683779173124733e-05
1.1964550360542128e-02,-9.1901010786600446e-01,-9.5501660193249105e+00,2.8398446153725318e-05
1.1828940634750061e-02,-9.1900849455160971e-01,-9.5601660193249280e+00,2.8115922253015443e-05
-1.1749990207799370e-02,-9.1900756376828119e-01,-9.5701660193249172e+00,2.7836190061752384e-05
-1.1623421027613517e-02,-9.1900608459153210e-01,-9.5801660193248193e+00,2.7559256107831599e-05
-1.1615438854871511e-02,-9.1900599184323506e-01,-9.5901660193249221e+00,2.7285039458447415e-05
-1.1532258777389290e-02,-9.1900502912959381e-01,-9.6001660193249201e+00,2.7013574785999860e-05
1.1509522996868145e-02,-9.1900476719314717e-01,-9.6101660193249252e+00,2.6744792231284647e-05
-1.1373060390726223e-02,-9.1900320588466500e-01,-9.6201660193249161e+00,2.6478718443655062e-05
1.1370973022254956e-02,-9.1900318214707588e-01,-9.6301660193248182e+00,2.6215251415321164e-05
1.1355247814894179e-02,-9.1900300345980834e-01,-9.6401660193249246e+00,2.5954409943150781e-05
-1.1324248112630875e-02,-9.1900265193099773e-01,-9.6501660193249208e+00,2.5696168282216188e-05
1.1232063100969672e-02,-9.1900161225409149e-01,-9.6601660193249206e+00,2.5440513585699499e-05
-1.1208115563979743e-02,-9.1900134356058727e-01,-9.6701660193248262e+00,2.5187383013702881e-05
-1.0966648247326108e-02,-9.1899866632022975e-01,-9.6801660193249184e+00,2.4936831127092191e-05
1.0786510029191777e-02,-9.1899670703264436e-01,-9.6901660193249217e+00,2.4688753883930219e-05
1.0776454888982033e-02,-9.1899659862332661e-01,-9.7001660193249073e+00,2.4443099328119155e-05
-1.0734523113173095e-02,-9.1899614762657311e-01,-9.7101660193248343e+00,2.4199897340193240e-05
-1.0618209114908083e-02,-9.1899490581574339e-01,-9.7201660193249193e+00,2.3959134091096895e-05
1.0548620782804885e-02,-9.1899416933354916e-01,-9.7301660193249244e+00,2.3720754193571049e-05
1.0495516692012940e-02,-9.1899361056865558e-01,-9.7401660193249100e+00,2.3484741868195870e-05
-1.0394909822837013e-02,-9.1899255970845195e-01,-9.7501660193248352e+00,2.3251089215882710e-05
-1.0308799276922511e-02,-9.1899166830460544e-01,-9.7601660193249096e+00,2.3019757532561308e-05
-1.0288024082776612e-02,-9.1899145435310337e-01,-9.7701660193249271e+00,2.2790711994164619e-05
-1.0285083422167187e-02,-9.1899142410383994e-01,-9.7801660193249109e+00,2.2563941303390794e-05
1.0157046694281158e-02,-9.1899011543211440e-01,-9.7901660193248308e+00,2.2339455571144574e-05
-1.0118743622871962e-02,-9.1898972711959215e-01,-9.8001660193249229e+00,2.2117182862633959e-05
-1.0081118336403233e-02,-9.1898934710679570e-01,-9.8101660193249209e+00,2.1897121537335548e-05
-1.0041848549688096e-02,-9.1898895199448694e-01,-9.8201660193249207e+00,2.1679250103361266e-05
9.8621568962521319e-03,-9.1898716370266265e-01,-9.8301660193248281e+00,2.1463576343745211e-05
-9.8461786638010459e-03,-9.1898700625047924e-01,-9.8401660193249114e+00,2.1250013536646547e-05
9.7916178542083593e-03,-9.1898647052344085e-01,-9.8501660193249254e+00,2.1038583640059263e-05
-9.6822407231236998e-03,-9.1898540552604968e-01,-9.8601660193249128e+00,2.0829268418263626e-05
9.4391504081952887e-03,-9.1898308141355378e-01,-9.8701660193249161e+00,2.0622061662554125e-05
-9.3924215466138876e-03,-9.1898264142459407e-01,-9.8801660193248235e+00,2.0416877703777522e-05
9.3272240267188826e-03,-9.1898203118736177e-01,-9.8901660193249263e+00,2.0213738711472137e-05
-9.3068529576813205e-03,-9.1898184138932737e-01,-9.9001660193249155e+00,2.0012612449096487e-05
-9.2982459920261246e-03,-9.1898176132260356e-01,-9.9101660193249259e+00,1.9813485214515073e-05
9.2951525694559209e-03,-9.1898173256398419e-01,-9.9201660193248209e+00,1.9616338306763090e-05
-9.2599452299489474e-03,-9.1898140592617028e-01,-9.9301660193249290e+00,1.9421158823059988e-05
-9.2320883455467087e-03,-9.1898114836094946e-01,-9.9401660193249146e+00,1.9227920016429834e-05
9.1874082170355816e-03,-9.1898073686821269e-01,-9.9501660193249215e+00,1.9036606849032365e-05
9.0264528898289075e-03,-9.1897927105922561e-01,-9.9601660193248200e+00,1.8847217072434596e-05
8.9345527530839321e-03,-9.1897844574978826e-01,-9.9701660193249140e+00,1.8659699529216357e-05
8.8647783280356128e-03,-9.1897782478074208e-01,-9.9801660193249155e+00,1.8474043888515919e-05
-8.6270178141418657e-03,-9.1897574535152227e-01,-9.9901660193249349e+00,1.8290262113765584e-05
-8.3771649184311327e-03,-9.1897362107937475e-01,-1.0000166019324832e+01,1.8108309431900716e-05
8.3070371203960332e-03,-9.1897303606619929e-01,-1.0010166019324906e+01,1.7928139230725028e-05
8.2420992099563190e-03,-9.1897249873303288e-01,-1.0020166019324913e+01,1.7749760802343744e-05
8.2087551528327012e-03,-9.1897222446391902e-01,-1.0030166019324934e+01,1.7573152551219872e-05
-8.1190964342485877e-03,-9.1897149249679377e-01,-1.0040166019324820e+01,1.7398309496771908e-05
-8.1168556689780839e-03,-9.1897147430631498e-01,-1.0050166019324921e+01,1.7225193738128403e-05
8.0511983825456868e-03,-9.1897094353103703e-01,-1.0060166019324909e+01,1.7053809248469394e-05
8.0184587983800713e-03,-9.1897068047409014e-01,-1.0070166019324937e+01,1.6884125452722578e-05
-8.0103238452426812e-03,-9.1897061527739232e-01,-1.0080166019324814e+01,1.6716126687306364e-05
-7.9774109385766564e-03,-9.1897035217598089e-01,-1.0090166019324927e+01,1.6549802801971713e-05
7.9699209523012224e-03,-9.1897029245333239e-01,-1.0100166019324906e+01,1.6385130491237316e-05
7.9675207989868910e-03,-9.1897027332718062e-01,-1.0110166019324932e+01,1.6222096029073763e-05
7.7700657872685989e-03,-9.1896871959450865e-01,-1.0120166019324918e+01,1.6060708430675805e-05
-7.4949366689447804e-03,-9.1896661967117521e-01,-1.0130166019324829e+01,1.5900935102395426e-05
-7.4437812965733284e-03,-9.1896623757333507e-01,-1.0140166019324921e+01,1.5742724169841222e-05
7.3172026397088415e-03,-9.1896530336057469e-01,-1.0150166019324912e+01,1.5586096007833431e-05
-7.3075599676086875e-03,-9.1896523284967957e-01,-1.0160166019324924e+01,1.5431012849408358e-05
7.1332383024740216e-03,-9.1896397417767939e-01,-1.0170166019324821e+01,1.5277490935477573e-05
7.0852003983712976e-03,-9.1896363266568204e-01,-1.0180166019324924e+01,1.5125482526305303e-05
6.9950735389525754e-03,-9.1896299816024718e-01,-1.0190166019324915e+01,1.4974990962254786e-05
6.8657191354378547e-03,-9.1896210168296277e-01,-1.0200166019324918e+01,1.4826000603742384e-05
-6.7905911004199869e-03,-9.1896158869708600e-01,-1.0210166019324834e+01,1.4678486962756030e-05
-6.7533180530286903e-03,-9.1896133628570220e-01,-1.0220166019324910e+01,1.4532437245316943e-05
-6.7063116134395678e-03,-9.1896101994106771e-01,-1.0230166019324926e+01,1.4387841630211832e-05
6.5303276309455101e-03,-9.1895985522282320e-01,-1.0240166019324919e+01,1.4244696805049270e-05
-6.4565292374070393e-03,-9.1895937601823618e-01,-1.0250166019324823e+01,1.4102966461852291e-05
-6.4478512351811793e-03,-9.1895932002611502e-01,-1.0260166019324917e+01,1.3962640382723472e-05
6.2098649869921363e-03,-9.1895781384491781e-01,-1.0270166019324925e+01,1.3823730610642120e-05
6.1986296021881420e-03,-9.1895774413781206e-01,-1.0280166019324911e+01,1.3686183146883898e-05
6.1981326002764252e-03,-9.1895774105720474e-01,-1.0290166019324831e+01,1.3550003390976401e-05
-6.1907179102281551e-03,-9.1895769512746150e-01,-1.0300166019324918e+01,1.3415179220691388e-05
-6.1878374866908611e-03,-9.1895767729972033e-01,-1.0310166019324917e+01,1.3281696193943443e-05
6.1548107446258273e-03,-9.1895747348099055e-01,-1.0320166019324926e+01,1.3149543788843603e-05
6.0724802700440695e-03,-9.1895697014165445e-01,-1.0330166019324832e+01,1.3018710194850543e-05
-6.0640852238769763e-03,-9.1895691919814071e-01,-1.0340166019324913e+01,1.2889172520659034e-05
-6.0394004998698021e-03,-9.1895676981253838e-01,-1.0350166019324915e+01,1.2760925017541133e-05
-5.9598473391476170e-03,-9.1895629252349242e-01,-1.0360166019324931e+01,1.2633957722150183e-05
-5.9549711342109912e-03,-9.1895626347394410e-01,-1.0370166019324907e+01,1.2508248105768053e-05
-5.8732605607005640e-03,-9.1895578022814639e-01,-1.0380166019324827e+01,1.2383794942025434e-05
-5.8199540962249399e-03,-9.1895546856618060e-01,-1.0390166019324919e+01,1.2260577944690165e-05
-5.6210039138769310e-03,-9.1895433047583941e-01,-1.0400166019324926e+01,1.2138596970621226e-05
-5.6194780134444944e-03,-9.1895432189991122e-01,-1.0410166019324912e+01,1.2017816015775813e-05
5.5973005783059929e-03,-9.1895419752022145e-01,-1.0420166019324832e+01,1.1898238228346963e-05
5.5769872326532624e-03,-9.1895408402663603e-01,-1.0430166019324925e+01,1.1779850116819157e-05
-5.3922270962045993e-03,-9.1895307068986798e-01,-1.0440166019324909e+01,1.1662650467933649e-05
-5.3883921139477450e-03,-9.1895305001812633e-01,-1.0450166019324922e+01,1.1546605395540667e-05
5.3435674522270254e-03,-9.1895280948989777e-01,-1.0460166019324834e+01,1.1431717501873710e-05
-5.2606505932501360e-03,-9.1895236985567164e-01,-1.0470166019324921e+01,1.1317974987964618e-05
5.1549513480093033e-03,-9.1895181939503967e-01,-1.0480166019324907e+01,1.1205365423322625e-05
-5.1251932303025896e-03,-9.1895166643616344e-01,-1.0490166019324928e+01,1.1093871871365047e-05
5.0353213212707380e-03,-9.1895120986374368e-01,-1.0500166019324826e+01,1.0983491016638569e-05
5.0287473892136249e-03,-9.1895117678349170e-01,-1.0510166019324917e+01,1.0874203814728923e-05
-5.0178052401495810e-03,-9.1895112181805350e-01,-1.0520166019324920e+01,1.0766004270685012e-05
4.9852002910510933e-03,-9.1895095874431043e-01,-1.0530166019324913e+01,1.0658882476518327e-05
4.8868335478325017e-03,-9.1895047320440160e-01,-1.0540166019324840e+01,1.0552829947648526e-05
4.8344676765959037e-03,-9.1895021867219751e-01,-1.0550166019324916e+01,1.0447830194560770e-05
-4.8110892628194235e-03,-9.1895010592328685e-01,-1.0560166019324909e+01,1.0343873713424932e-05
4.7736627425086350e-03,-9.1894992656132912e-01,-1.0570166019324919e+01,1.0240952287135727e-05
-4.7463154232368771e-03,-9.1894979638838792e-01,-1.0580166019324839e+01,1.0139054429143148e-05
4.7263903530243741e-03,-9.1894970201622406e-01,-1.0590166019324910e+01,1.0038170099270013e-05
4.7257358940275031e-03,-9.1894969892320955e-01,-1.0600166019324927e+01,9.9382886686672360e-06
4.7102527287843374e-03,-9.1894962587372397e-01,-1.0610166019324909e+01,9.8394017629286340e-06
-4.6323644179048044e-03,-9.1894926203338956e-01,-1.0620166019324923e+01,9.7415016239291878e-06
-4.6220881746824646e-03,-9.1894921448288669e-01,-1.0630166019324825e+01,9.6445725218435607e-06
-4.5787065369618865e-03,-9.1894901491011527e-01,-1.0640166019324919e+01,9.5486093274743452e-06
-4.5576410155236044e-03,-9.1894891867915263e-01,-1.0650166019324928e+01,9.4535999869306327e-06
4.5291102184811961e-03,-9.1894878905302502e-01,-1.0660166019324910e+01,9.3595363086323557e-06
-4.4520854969326935e-03,-9.1894844316597546e-01,-1.0670166019324833e+01,9.2664105714623269e-06
-4.3375607277214420e-03,-9.1894793984987277e-01,-1.0680166019324911e+01,9.1742128632550043e-06
4.2288490324907729e-03,-9.1894747421540923e-01,-1.0690166019324916e+01,9.0829321493702944e-06
-4.2170439965226562e-03,-9.1894742436337373e-01,-1.0700166019324927e+01,8.9925559127361439e-06
-4.1875200571643602e-03,-9.1894730029545402e-01,-1.0710166019324834e+01,8.9030795909718435e-06
4.1757937424271264e-03,-9.1894725126002907e-01,-1.0720166019324918e+01,8.8144929011189417e-06
-4.1503589626035592e-03,-9.1894714537309874e-01,-1.0730166019324907e+01,8.7267881553888783e-06
4.1373033956199883e-03,-9.1894709127303320e-01,-1.0740166019324917e+01,8.6399556298290396e-06
4.1370971187728624e-03,-9.1894709041962452e-01,-1.0750166019324839e+01,8.5539866422131400e-06
4.0975051240182414e-03,-9.1894692740746009e-01,-1.0760166019324920e+01,8.4688744335444832e-06
-4.0857537225485836e-03,-9.1894687932508012e-01,-1.0770166019324915e+01,8.3846081281252372e-06
-4.0851902063158922e-03,-9.1894687702285038e-01,-1.0780166019324922e+01,8.3011799024134778e-06
-4.0497615028538426e-03,-9.1894673291745443e-01,-1.0790166019324817e+01,8.2185829666493310e-06
4.0293830065435132e-03,-9.1894665059704617e-01,-1.0800166019324926e+01,8.1368073696092968e-06
4.0199177849843427e-03,-9.1894661250283849e-01,-1.0810166019324919e+01,8.0558450904117867e-06
3.9063765267821956e-03,-9.1894616252212391e-01,-1.0820166019324914e+01,7.9756916813779151e-06
-3.8936640524828915e-03,-9.1894611294321626e-01,-1.0830166019324826e+01,7.8963326146750557e-06
3.8867974927502746e-03,-9.1894608623071428e-01,-1.0840166019324926e+01,7.8177630012183929e-06
-3.8135628766777356e-03,-9.1894580426424666e-01,-1.0850166019324922e+01,7.7399771420604060e-06
-3.7949561907437883e-03,-9.1894573347958430e-01,-1.0860166019324911e+01,7.6629636251396307e-06
3.7826373642695136e-03,-9.1894568680605426e-01,-1.0870166019324923e+01,7.5867162171941319e-06
-3.7574664581246061e-03,-9.1894559191043146e-01,-1.0880166019324829e+01,7.5112278423184947e-06
3.7062449174107806e-03,-9.1894540075903342e-01,-1.0890166019324914e+01,7.4364912980344796e-06
-3.6503773889371271e-03,-9.1894519526088025e-01,-1.0900166019324921e+01,7.3624984862758101e-06
3.6327555700158684e-03,-9.1894513108985520e-01,-1.0910166019324921e+01,7.2892408700739179e-06
-3.5981945165275211e-03,-9.1894500613522889e-01,-1.0920166019324830e+01,7.2167126133365488e-06
-3.5519409511016731e-03,-9.1894484077559957e-01,-1.0930166019324911e+01,7.1449063045277447e-06
-3.5335439041873718e-03,-9.1894477559960086e-01,-1.0940166019324918e+01,7.0738137599938962e-06
-3.5161063532438220e-03,-9.1894471413528311e-01,-1.0950166019324925e+01,7.0034285675154336e-06
-3.4846005991629294e-03,-9.1894460385400734e-01,-1.0960166019324824e+01,6.9337440536056301e-06
-3.4419290576312420e-03,-9.1894445607115838e-01,-1.0970166019324925e+01,6.8647531620235365e-06
-3.3467478260043827e-03,-9.1894413299384492e-01,-1.0980166019324916e+01,6.7964499225689727e-06
3.3354748994522190e-03,-9.1894409532974186e-01,-1.0990166019324912e+01,6.7288243693591119e-06
-3.3293201150462514e-03,-9.1894407481955365e-01,-1.1000166019324835e+01,6.6618715848480942e-06
3.2701130127716985e-03,-9.1894387945289757e-01,-1.1010166019324924e+01,6.5955861435940626e-06
3.2512464032255551e-03,-9.1894381793492674e-01,-1.1020166019324909e+01,6.5299593666535396e-06
3.2331492556173808e-03,-9.1894375926039407e-01,-1.1030166019324918e+01,6.4649855646741057e-06
-3.1958571883406181e-03,-9.1894363938492363e-01,-1.1040166019324836e+01,6.4006586507788096e-06
3.1734713530863793e-03,-9.1894356809355393e-01,-1.1050166019324916e+01,6.3369714848595986e-06
-3.1512813976968907e-03,-9.1894349792056318e-01,-1.1060166019324919e+01,6.2739180053180085e-06
3.1397669680331068e-03,-9.1894346170164620e-01,-1.1070166019324917e+01,6.2114917030945211e-06
3.1343209438702922e-03,-9.1894344461722910e-01,-1.1080166019324830e+01,6.1496864330474127e-06
3.1333453076336521e-03,-9.1894344155974794e-01,-1.1090166019324920e+01,6.0884960492630188e-06
-3.1288875190668714e-03,-9.1894342760189296e-01,-1.1100166019324915e+01,6.0279145854921103e-06
-3.1213850478799213e-03,-9.1894340415564801e-01,-1.1110166019324931e+01,5.9679359731462369e-06
-3.0924853452665817e-03,-9.1894331436614485e-01,-1.1120166019324916e+01,5.9085545485653542e-06
3.0681313551581303e-03,-9.1894323934834576e-01,-1.1130166019324824e+01,5.8497638873419509e-06
-3.0400686007211412e-03,-9.1894315364188806e-01,-1.1140166019324923e+01,5.7915582605081397e-06
3.0287708015686431e-03,-9.1894311935962369e-01,-1.1150166019324914e+01,5.7339314895369067e-06
-3.0114193231950154e-03,-9.1894306695650951e-01,-1.1160166019324912e+01,5.6768782154312279e-06
2.9904213600735171e-03,-9.1894300394329487e-01,-1.1170166019324832e+01,5.6203926875614192e-06
-2.9688733290177578e-03,-9.1894293973776131e-01,-1.1180166019324929e+01,5.5644692031943814e-06
-2.9679871714536074e-03,-9.1894293710726438e-01,-1.1190166019324913e+01,5.5091018240167265e-06
2.9618403007676515e-03,-9.1894291888232305e-01,-1.1200166019324914e+01,5.4542854443790224e-06
2.8859473898597268e-03,-9.1894269697950803e-01,-1.1210166019324838e+01,5.4000155957068972e-06
-2.8668087766024752e-03,-9.1894264192962027e-01,-1.1220166019324919e+01,5.3462848370844669e-06
-2.8297423634567873e-03,-9.1894253635426126e-01,-1.1230166019324917e+01,5.2930889729509203e-06
2.8087870482420806e-03,-9.1894247727568068e-01,-1.1240166019324921e+01,5.2404221672862881e-06
2.7902884422844991e-03,-9.1894242548813510e-01,-1.1250166019324830e+01,5.1882793641859687e-06
2.7673604309257378e-03,-9.1894236177521682e-01,-1.1260166019324902e+01,5.1366554492274791e-06
2.7275490773865526e-03,-9.1894225239532423e-01,-1.1270166019324925e+01,5.0855454297906953e-06
2.6918220230992525e-03,-9.1894215558624148e-01,-1.1280166019324914e+01,5.0349438947164451e-06
2.6373772507691283e-03,-9.1894201051272095e-01,-1.1290166019324838e+01,4.9848460890699089e-06
-2.6327015542926984e-03,-9.1894199819207645e-01,-1.1300166019324918e+01,4.9352461025538710e-06
-2.6041612785876944e-03,-9.1894192346132186e-01,-1.1310166019324919e+01,4.8861399484895954e-06
2.5846480139760388e-03,-9.1894187283601758e-01,-1.1320166019324907e+01,4.8375222885783882e-06
-2.5763488778494902e-03,-9.1894185142010965e-01,-1.1330166019324832e+01,4.7893882401343792e-06
2.5630846856351613e-03,-9.1894181733489233e-01,-1.1340166019324920e+01,4.7417331925278506e-06
2.5602797318969089e-03,-9.1894181014949228e-01,-1.1350166019324927e+01,4.6945521926773080e-06
2.5188423647103733e-03,-9.1894170491676863e-01,-1.1360166019324913e+01,4.6478411069919828e-06
2.5041620424149169e-03,-9.1894166804710675e-01,-1.1370166019324921e+01,4.6015944849291562e-06
-2.4355210910621304e-03,-9.1894149851483198e-01,-1.1380166019324825e+01,4.5558086271421700e-06
-2.4353658850915548e-03,-9.1894149813683657e-01,-1.1390166019324928e+01,4.5104775755996035e-06
2.4352732785426386e-03,-9.1894149791131008e-01,-1.1400166019324908e+01,4.4655975748589354e-06
2.3964433943882506e-03,-9.1894140410381076e-01,-1.1410166019324913e+01,4.4211645513181311e-06
-2.3723532179865062e-03,-9.1894134666323490e-01,-1.1420166019324826e+01,4.3771734804379666e-06
-2.2803809275715146e-03,-9.1894113270192690e-01,-1.1430166019324929e+01,4.3336208038255120e-06
2.2781592328734003e-03,-9.1894112763808466e-01,-1.1440166019324918e+01,4.2905005780858426e-06
-2.2545693532327032e-03,-9.1894107417482374e-01,-1.1450166019324923e+01,4.2478096111363296e-06
2.2465782397051003e-03,-9.1894105619023303e-01,-1.1460166019324815e+01,4.2055432749390680e-06
2.2168906787632752e-03,-9.1894098993548023e-01,-1.1470166019324935e+01,4.1636976960426063e-06
2.1974876019527135e-03,-9.1894094710921981e-01,-1.1480166019324903e+01,4.1222683882902430e-06
2.1962015803340396e-03,-9.1894094428403017e-01,-1.1490166019324933e+01,4.0812511440263961e-06
-2.1125161411428067e-03,-9.1894076399556279e-01,-1.1500166019324825e+01,4.0406427451135942e-06
2.1108489038042925e-03,-9.1894076047488682e-01,-1.1510166019324924e+01,4.0004376921233413e-06
2.0966907880567345e-03,-9.1894073068946980e-01,-1.1520166019324906e+01,3.9606327899797944e-06
2.0929174040848417e-03,-9.1894072278496963e-01,-1.1530166019324925e+01,3.9212238662562374e-06
2.0608097758176014e-03,-9.1894065610180553e-01,-1.1540166019324827e+01,3.8822072957584949e-06
-2.0478974810866843e-03,-9.1894062957538603e-01,-1.1550166019324914e+01,3.8435787897015491e-06
2.0429982450237650e-03,-9.1894061955425410e-01,-1.1560166019324919e+01,3.8053345798795891e-06
-2.0311703894549155e-03,-9.1894059545991491e-01,-1.1570166019324919e+01,3.7674709589444695e-06
-2.0270253516173069e-03,-9.1894058704922754e-01,-1.1580166019324828e+01,3.7299840279298588e-06
-2.0265675850006867e-03,-9.1894058612142770e-01,-1.1590166019324917e+01,3.6928700701649265e-06
-1.9824494315411755e-03,-9.1894049768621378e-01,-1.1600166019324924e+01,3.6561257223542880e-06
1.9672037194559885e-03,-9.1894046757857639e-01,-1.1610166019324916e+01,3.6197467725649673e-06
1.9648211840919026e-03,-9.1894046289448217e-01,-1.1620166019324918e+01,3.5837297071785515e-06
-1.9554326996601007e-03,-9.1894044449186096e-01,-1.1630166019324824e+01,3.5480710660882234e-06
1.9422836530708482e-03,-9.1894041886623401e-01,-1.1640166019324917e+01,3.5127672591274145e-06
1.9318599818744057e-03,-9.1894039867483424e-01,-1.1650166019324921e+01,3.4778147111205485e-06
1.8658334168977029e-03,-9.1894027330050931e-01,-1.1660166019324921e+01,3.4432103082454558e-06
-1.8475652499325174e-03,-9.1894023938201586e-01,-1.1670166019324830e+01,3.4089499088685860e-06
-1.8020077396916452e-03,-9.1894015624928638e-01,-1.1680166019324918e+01,3.3750305711097767e-06
-1.7994643656944040e-03,-9.1894015166934118e-01,-1.1690166019324923e+01,3.3414484711292281e-06
1.7903736933745349e-03,-9.1894013535232044e-01,-1.1700166019324916e+01,3.3082005573029046e-06
1.7777097703423432e-03,-9.1894011275935328e-01,-1.1710166019324824e+01,3.2752834857653217e-06
1.7365216154743063e-03,-9.1894004038699995e-01,-1.1720166019324919e+01,3.2426941052444372e-06
1.7197539630044718e-03,-9.1894001141018611e-01,-1.1730166019324912e+01,3.2104288528246838e-06
-1.7152131286476157e-03,-9.1894000361137784e-01,-1.1740166019324928e+01,3.1784845767909535e-06
1.6274870039650843e-03,-9.1893985699031355e-01,-1.1750166019324828e+01,3.1468585882222119e-06
-1.6213292763937372e-03,-9.1893984698765074e-01,-1.1760166019324918e+01,3.1155468532650223e-06
1.5847379165387131e-03,-9.1893978833047152e-01,-1.1770166019324913e+01,3.0845468250436105e-06
-1.5659335017545574e-03,-9.1893975870720546e-01,-1.1780166019324925e+01,3.0538551617910745e-06
1.5644281949797191e-03,-9.1893975635112812e-01,-1.1790166019324820e+01,3.0234688023491381e-06
-1.5487221176455749e-03,-9.1893973190343836e-01,-1.1800166019324919e+01,2.9933848582926024e-06
-1.5216890241308088e-03,-9.1893969040208257e-01,-1.1810166019324919e+01,2.9636003042933001e-06
-1.4944304876767386e-03,-9.1893964929458072e-01,-1.1820166019324926e+01,2.9341121091785607e-06
1.4762719753062400e-03,-9.1893962232281201e-01,-1.1830166019324830e+01,2.9049172842446904e-06
-1.4432224715833150e-03,-9.1893957407889071e-01,-1.1840166019324917e+01,2.8760130130714317e-06
1.4353690066543324e-03,-9.1893956277543209e-01,-1.1850166019324911e+01,2.8473962376372583e-06
-1.4330820366936839e-03,-9.1893955949540140e-01,-1.1860166019324920e+01,2.8190641809373664e-06
1.4130092924502569e-03,-9.1893953093096969e-01,-1.1870166019324916e+01,2.7910141033890126e-06
-1.4038155105423559e-03,-9.1893951798233331e-01,-1.1880166019324841e+01,2.7632430848323154e-06
-1.4012998975185108e-03,-9.1893951445404087e-01,-1.1890166019324910e+01,2.7357483663991035e-06
1.4010414784564461e-03,-9.1893951409195163e-01,-1.1900166019324924e+01,2.7085272163136805e-06
-1.3961572558876109e-03,-9.1893950726088103e-01,-1.1910166019324915e+01,2.6815769385345225e-06
-1.3929336200972607e-03,-9.1893950276537451e-01,-1.1920166019324835e+01,2.6548948141170161e-06
1.3886043380811975e-03,-9.1893949674434339e-01,-1.1930166019324909e+01,2.6284781851640325e-06
1.3385817028892055e-03,-9.1893942853382715e-01,-1.1940166019324927e+01,2.6023245677408162e-06
1.3342230731343710e-03,-9.1893942270894391e-01,-1.1950166019324907e+01,2.5764310206606326e-06
-1.3272976604024786e-03,-9.1893941349287911e-01,-1.1960166019324832e+01,2.5507951271797412e-06
-1.3104488575941071e-03,-9.1893939127144364e-01,-1.1970166019324923e+01,2.5254143477105938e-06
-1.2988758914629422e-03,-9.1893937617263022e-01,-1.1980166019324914e+01,2.5002860928500111e-06
-1.2815782052812367e-03,-9.1893935385468761e-01,-1.1990166019324908e+01,2.4754078857975359e-06
1.2628613672207231e-03,-9.1893933004275585e-01,-1.2000166019324832e+01,2.4507772241531578e-06
1.2491428550883820e-03,-9.1893931281227570e-01,-1.2010166019324933e+01,2.4263916251367287e-06
1.2468272804689331e-03,-9.1893930992247308e-01,-1.2020166019324913e+01,2.4022486320190623e-06
-1.2089697851760724e-03,-9.1893926343731025e-01,-1.2030166019324918e+01,2.3783459693124230e-06
-1.2069639231481440e-03,-9.1893926101429535e-01,-1.2040166019324822e+01,2.3546810372214257e-06
1.1799565604307064e-03,-9.1893922878208167e-01,-1.2050166019324918e+01,2.3312516445745670e-06
1.1636199163557951e-03,-9.1893920963899434e-01,-1.2060166019324924e+01,2.3080553473218131e-06
1.1403061832334711e-03,-9.1893918278243525e-01,-1.2070166019324917e+01,2.2850898742695075e-06
1.1106310008396772e-03,-9.1893914938394949e-01,-1.2080166019324830e+01,2.2623529256817916e-06
-1.0931022311039546e-03,-9.1893913006958328e-01,-1.2090166019324926e+01,2.2398421812141170e-06
-1.0834242695604173e-03,-9.1893911953741336e-01,-1.2100166019324918e+01,2.2175554024910982e-06
-1.0799310362878452e-03,-9.1893911575886100e-01,-1.2110166019324915e+01,2.1954903658616655e-06
1.0395826390130153e-03,-9.1893907299937116e-01,-1.2120166019324907e+01,2.1736449646632025e-06
1.0372494037461189e-03,-9.1893907057650226e-01,-1.2130166019324840e+01,2.1520168411087208e-06
-1.0315523637896287e-03,-9.1893906468347908e-01,-1.2140166019324914e+01,2.1306039283206378e-06
-1.0194957857456906e-03,-9.1893905231916806e-01,-1.2150166019324926e+01,2.1094040911004769e-06
-1.0175259925372970e-03,-9.1893905031291223e-01,-1.2160166019324903e+01,2.0884151738937837e-06
-1.0149365285961340e-03,-9.1893904768141799e-01,-1.2170166019324839e+01,2.0676351011538844e-06
-1.0118152410201907e-03,-9.1893904451838049e-01,-1.2180166019324918e+01,2.0470617946261182e-06
9.8723433964772317e-04,-9.1893901994916016e-01,-1.2190166019324915e+01,2.0266932392381401e-06
9.8109809560181869e-04,-9.1893901391007604e-01,-1.2200166019324913e+01,2.0065273166858741e-06
9.7170802181051948e-04,-9.1893900474157930e-01,-1.2210166019324841e+01,1.9865620545119441e-06
9.5108089322725278e-04,-9.1893898491077219e-01,-1.2220166019324921e+01,1.9667954708049403e-06
9.5003950392918079e-04,-9.1893898392086903e-01,-1.2230166019324912e+01,1.9472255308166306e-06
9.4741462216173765e-04,-9.1893898143057262e-01,-1.2240166019324922e+01,1.9278503178580383e-06
9.4185075977201022e-04,-9.1893897617476628e-01,-1.2250166019324828e+01,1.9086678967204007e-06
9.3438637749254823e-04,-9.1893896917229068e-01,-1.2260166019324920e+01,1.8896763470626444e-06
9.2945496648893025e-04,-9.1893896457660684e-01,-1.2270166019324909e+01,1.8708737618470742e-06
-9.2889903809870340e-04,-9.1893896406005093e-01,-1.2280166019324920e+01,1.8522582578391516e-06
9.2180465684969706e-04,-9.1893895749525212e-01,-1.2290166019324831e+01,1.8338279922730502e-06
9.1226414144795890e-04,-9.1893894874627136e-01,-1.2300166019324918e+01,1.8155811147588296e-06
-9.0114886694274703e-04,-9.1893893866797971e-01,-1.2310166019324921e+01,1.7975157989409914e-06
8.9715648795973759e-04,-9.1893893507822144e-01,-1.2320166019324917e+01,1.7796302242914797e-06
8.9475358432898329e-04,-9.1893893292532780e-01,-1.2330166019324830e+01,1.7619226114881618e-06
8.7243976236546896e-04,-9.1893891320890897e-01,-1.2340166019324917e+01,1.7443912229757505e-06
8.6826576717613209e-04,-9.1893890957606073e-01,-1.2350166019324922e+01,1.7270342465746920e-06
-8.6276608441165589e-04,-9.1893890481599771e-01,-1.2360166019324923e+01,1.7098499768393867e-06
-8.5548867048861781e-04,-9.1893889856377209e-01,-1.2370166019324918e+01,1.6928366958898595e-06
8.5395340233729614e-04,-9.1893889725154609e-01,-1.2380166019324825e+01,1.6759926915296810e-06
8.5253063331353898e-04,-9.1893889603757983e-01,-1.2390166019324919e+01,1.6593162876279818e-06
-8.2469163651179499e-04,-9.1893887269148711e-01,-1.2400166019324923e+01,1.6428058530564595e-06
-8.2087433272744876e-04,-9.1893886955067450e-01,-1.2410166019324906e+01,1.6264596668091414e-06
-8.1951525038425005e-04,-9.1893886843596229e-01,-1.2420166019324832e+01,1.6102761245192321e-06
-8.1529656252446545e-04,-9.1893886498758193e-01,-1.2430166019324915e+01,1.5942536148679788e-06
8.1519214885628685e-04,-9.1893886490245924e-01,-1.2440166019324931e+01,1.5783905264883852e-06
8.0526337869383461e-04,-9.1893885685789400e-01,-1.2450166019324913e+01,1.5626852909122404e-06
7.9153465987361299e-04,-9.1893884589689834e-01,-1.2460166019324825e+01,1.5471363294282234e-06
7.9065739697866191e-04,-9.1893884520289915e-01,-1.2470166019324926e+01,1.5317420668005842e-06
-7.7575389564180628e-04,-9.1893883353039274e-01,-1.2480166019324912e+01,1.5165009962839151e-06
-7.7559827134275107e-04,-9.1893883340967875e-01,-1.2490166019324914e+01,1.5014115594325770e-06
7.7314043058850481e-04,-9.1893883150640221e-01,-1.2500166019324830e+01,1.4864722676345930e-06
-7.6848055151522020e-04,-9.1893882791451853e-01,-1.2510166019324931e+01,1.4716816267303388e-06
-7.5929197071919257e-04,-9.1893882089548784e-01,-1.2520166019324915e+01,1.4570381601030963e-06
7.5640488539795441e-04,-9.1893881870751482e-01,-1.2530166019324918e+01,1.4425403913324980e-06
7.4216692277006863e-04,-9.1893880803921013e-01,-1.2540166019324827e+01,1.4281868898516630e-06
-7.3899011196676379e-04,-9.1893880568653230e-01,-1.2550166019324916e+01,1.4139761961868857e-06
-7.2984303534643659e-04,-9.1893879896876762e-01,-1.2560166019324921e+01,1.3999069073643445e-06
7.2704075636903683e-04,-9.1893879692747016e-01,-1.2570166019324910e+01,1.3859776037295881e-06
-7.2134415131499489e-04,-9.1893879280203183e-01,-1.2580166019324832e+01,1.3721869018135307e-06
7.0584371358802184e-04,-9.1893878174101351e-01,-1.2590166019324927e+01,1.3585334290399033e-06
6.9953435243570901e-04,-9.1893877730749463e-01,-1.2600166019324918e+01,1.3450158015268103e-06
-6.9446019443326142e-04,-9.1893877377082034e-01,-1.2610166019324918e+01,1.3316326754011725e-06
-6.9280205854035536e-04,-9.1893877262068557e-01,-1.2620166019324911e+01,1.3183827104122174e-06
-6.8330150480449517e-04,-9.1893876608381275e-01,-1.2630166019324916e+01,1.3052645917937370e-06
6.7817648436593360e-04,-9.1893876259501139e-01,-1.2640166019324916e+01,1.2922769966125618e-06
6.7007698106376660e-04,-9.1893875713491979e-01,-1.2650166019324741e+01,1.2794186326401085e-06
-6.5587477373888023e-04,-9.1893874771919892e-01,-1.2660166019324919e+01,1.2666882164674837e-06
6.5364968977116018e-04,-9.1893874626229799e-01,-1.2670166019324922e+01,1.2540844599527368e-06
6.4438325350131185e-04,-9.1893874024822819e-01,-1.2680166019324925e+01,1.2416061185507231e-06
6.3629696695367496e-04,-9.1893873507025459e-01,-1.2690166019324916e+01,1.2292519376181387e-06
-6.3001347567010391e-04,-9.1893873109182922e-01,-1.2700166019324916e+01,1.2170206813165063e-06
-6.1752190048124209e-04,-9.1893872329998827e-01,-1.2710166019324921e+01,1.2049111325951768e-06
6.1104693682923611e-04,-9.1893871932251892e-01,-1.2720166019324909e+01,1.1929220712532025e-06
6.0653630033507861e-04,-9.1893871657648130e-01,-1.2730166019324743e+01,1.1810523015633562e-06
5.9130284143866889e-04,-9.1893870745286466e-01,-1.2740166019324914e+01,1.1693006454799234e-06
-5.9125204294438590e-04,-9.1893870742282857e-01,-1.2750166019324929e+01,1.1576659096949470e-06
5.8720767584963924e-04,-9.1893870503976671e-01,-1.2760166019324917e+01,1.1461469441619162e-06
-5.8259665889759068e-04,-9.1893870234277297e-01,-1.2770166019324918e+01,1.1347425945800131e-06
-5.7902849212335128e-04,-9.1893870027033686e-01,-1.2780166019324913e+01,1.1234517194403299e-06
-5.7471683281210689e-04,-9.1893869778305848e-01,-1.2790166019324912e+01,1.1122731908236486e-06
-5.6663435956459912e-04,-9.1893869317058818e-01,-1.2800166019324932e+01,1.1012058927378681e-06
5.5892621010125796e-04,-9.1893868883259366e-01,-1.2810166019324729e+01,1.0902487157584449e-06
-5.3094872480462479e-04,-9.1893867358661363e-01,-1.2820166019324930e+01,1.0794005762381958e-06
5.2869705695203603e-04,-9.1893867239362848e-01,-1.2830166019324908e+01,1.0686603623283011e-06
-5.2028972197460006e-04,-9.1893866798403689e-01,-1.2840166019324926e+01,1.0580270187229079e-06
5.1542007616224008e-04,-9.1893866546226688e-01,-1.2850166019324920e+01,1.0474994766303009e-06
-5.1500015952220886e-04,-9.1893866524592160e-01,-1.2860166019324923e+01,1.0370766829145340e-06
5.1448399293610491e-04,-9.1893866498022891e-01,-1.2870166019324920e+01,1.0267575977774793e-06
-5.1279120262054086e-04,-9.1893866411074820e-01,-1.2880166019324902e+01,1.0165411898641696e-06
-5.1231803672533078e-04,-9.1893866386822487e-01,-1.2890166019324923e+01,1.0064264362682625e-06
-5.0814682722423021e-04,-9.1893866173993843e-01,-1.2900166019324743e+01,9.9641232802899112e-07
-4.9455783361543326e-04,-9.1893865492706484e-01,-1.2910166019324922e+01,9.8649786643143294e-07
-4.8862212642103572e-04,-9.1893865200913072e-01,-1.2920166019324915e+01,9.7668205150425026e-07
4.8045672371709752e-04,-9.1893864805267111e-01,-1.2930166019324918e+01,9.6696390654332860e-07
-4.8005583692542876e-04,-9.1893864786014279e-01,-1.2940166019324920e+01,9.5734245509898287e-07
4.7194849532666757e-04,-9.1893864400103054e-01,-1.2950166019324909e+01,9.4781674216950983e-07
4.6796012223808485e-04,-9.1893864212667742e-01,-1.2960166019324920e+01,9.3838580976845779e-07
4.6710424957729230e-04,-9.1893864172652950e-01,-1.2970166019324925e+01,9.2904871532559186e-07
-4.6327965081315058e-04,-9.1893863994735692e-01,-1.2980166019324731e+01,9.1980452778965110e-07
-4.5974647656395597e-04,-9.1893863831675082e-01,-1.2990166019324924e+01,9.1065232130461419e-07
-4.5973167734747190e-04,-9.1893863830994704e-01,-1.3000166019324919e+01,9.0159117931706619e-07
-4.5545051986720390e-04,-9.1893863635092754e-01,-1.3010166019324913e+01,8.9262019894124317e-07
-4.5423908435922897e-04,-9.1893863579991231e-01,-1.3020166019324918e+01,8.8373848004987588e-07
-4.4978003104196522e-04,-9.1893863378437768e-01,-1.3030166019324922e+01,8.7494513701460277e-07
-4.4203530118578477e-04,-9.1893863033094325e-01,-1.3040166019324923e+01,8.6623929043244862e-07
-4.3591442375428202e-04,-9.1893862764403189e-01,-1.3050166019324914e+01,8.5762006778400057e-07
4.3563663627585534e-04,-9.1893862752297895e-01,-1.3060166019324743e+01,8.4908660563242969e-07
4.2910784087575192e-04,-9.1893862470010901e-01,-1.3070166019324910e+01,8.4063805511790341e-07
-4.2610230970179636e-04,-9.1893862341492860e-01,-1.3080166019324921e+01,8.3227356778231687e-07
-4.2570334142160641e-04,-9.1893862324500697e-01,-1.3090166019324931e+01,8.2399230755671623e-07
4.2456046427561566e-04,-9.1893862275913341e-01,-1.3100166019324909e+01,8.1579344750350956e-07
4.2379950196221863e-04,-9.1893862243634838e-01,-1.3110166019324923e+01,8.0767616733520499e-07
4.1740690096260589e-04,-9.1893861974759994e-01,-1.3120166019324909e+01,7.9963965734342666e-07
-4.1568247675950694e-04,-9.1893861902930019e-01,-1.3130166019324918e+01,7.9168311038076049e-07
4.0303258933496527e-04,-9.1893861385097353e-01,-1.3140166019324919e+01,7.8380573587329601e-07
-3.8412850946266549e-04,-9.1893860641069536e-01,-1.3150166019324745e+01,7.7600674426684330e-07
3.8279774162435940e-04,-9.1893860590039500e-01,-1.3160166019324924e+01,7.6828534854153920e-07
3.6853363432047222e-04,-9.1893860054185927e-01,-1.3170166019324922e+01,7.6064078567139569e-07
-3.6496472530179189e-04,-9.1893859923296484e-01,-1.3180166019324909e+01,7.5307228438250344e-07
3.5968894895418502e-04,-9.1893859732140948e-01,-1.3190166019324922e+01,7.4557909137921027e-07
3.5629386760490029e-04,-9.1893859610599948e-01,-1.3200166019324922e+01,7.3816045636401072e-07
-3.5397569469027598e-04,-9.1893859528273569e-01,-1.3210166019324912e+01,7.3081563770505914e-07
-3.5391036471539886e-04,-9.1893859525961263e-01,-1.3220166019324923e+01,7.2354390062790885e-07
3.5164644451274139e-04,-9.1893859446095039e-01,-1.3230166019324736e+01,7.1634451909913690e-07
-3.5137943502898839e-04,-9.1893859436709313e-01,-1.3240166019324921e+01,7.0921677210766264e-07
-3.4925846903019996e-04,-9.1893859362407859e-01,-1.3250166019324915e+01,7.0215994783903188e-07
3.4314412145417862e-04,-9.1893859150728352e-01,-1.3260166019324927e+01,6.9517334109488949e-07
-3.4286966838952275e-04,-9.1893859141314427e-01,-1.3270166019324918e+01,6.8825625084264632e-07
-3.3900388136406923e-04,-9.1893859009515522e-01,-1.3280166019324904e+01,6.8140798762168599e-07
3.3070472816869052e-04,-9.1893858731614808e-01,-1.3290166019324918e+01,6.7462786673499160e-07
3.2216134379445586e-04,-9.1893858452730515e-01,-1.3300166019324930e+01,6.6791520916623678e-07
-3.1817823620098430e-04,-9.1893858325203448e-01,-1.3310166019324738e+01,6.6126934263699852e-07
3.1727604584635353e-04,-9.1893858296538411e-01,-1.3320166019324915e+01,6.5468960292873312e-07
3.0954949089515330e-04,-9.1893858054378308e-01,-1.3330166019324921e+01,6.4817533410651957e-07
3.0626483165348349e-04,-9.1893857953241298e-01,-1.3340166019324910e+01,6.4172588242149959e-07
3.0618920273517642e-04,-9.1893857950925339e-01,-1.3350166019324929e+01,6.3534060321864619e-07
-3.0102266679173350e-04,-9.1893857794066247e-01,-1.3360166019324907e+01,6.2901885957740335e-07
-2.8630577996679947e-04,-9.1893857361883924e-01,-1.3370166019324918e+01,6.2276002004115259e-07
2.8350355324181147e-04,-9.1893857282047187e-01,-1.3380166019324925e+01,6.1656345479961069e-07
-2.7997842932399666e-04,-9.1893857182729988e-01,-1.3390166019324912e+01,6.1042854652643639e-07
2.7734569699870151e-04,-9.1893857109365729e-01,-1.3400166019324752e+01,6.0435468144772173e-07
-2.7633572260756943e-04,-9.1893857081405528e-01,-1.3410166019324905e+01,5.9834125206005452e-07
-2.7621238931061284e-04,-9.1893857077998142e-01,-1.3420166019324924e+01,5.9238765714749856e-07
2.7301173034106354e-04,-9.1893856990104195e-01,-1.3430166019324915e+01,5.8649330198943768e-07
2.7082518868457874e-04,-9.1893856930648088e-01,-1.3440166019324923e+01,5.8065759647487560e-07
2.6964058240979989e-04,-9.1893856898636128e-01,-1.3450166019324927e+01,5.7487995703917022e-07
2.6472835589335097e-04,-9.1893856767389070e-01,-1.3460166019324916e+01,5.6915980663937073e-07
2.6226134165595148e-04,-9.1893856702384513e-01,-1.3470166019324919e+01,5.6349657230631416e-07
2.5790718182197624e-04,-9.1893856589139666e-01,-1.3480166019324729e+01,5.5788968836198001e-07
2.5669539714479636e-04,-9.1893856557960296e-01,-1.3490166019324928e+01,5.5233859338525918e-07
2.5171273985188133e-04,-9.1893856431299115e-01,-1.3500166019324915e+01,5.4684273324696951e-07
2.4715154559644040e-04,-9.1893856317528266e-01,-1.3510166019324920e+01,5.4140155775405726e-07
2.4598298698352687e-04,-9.1893856288715436e-01,-1.3520166019324925e+01,5.3601452240038335e-07
-2.4515651858938732e-04,-9.1893856268419882e-01,-1.3530166019324909e+01,5.3068108889735270e-07
-2.4480694265273167e-04,-9.1893856259855911e-01,-1.3540166019324916e+01,5.2540072388164320e-07
-2.4471280382318673e-04,-9.1893856257551765e-01,-1.3550166019324925e+01,5.2017289934269424e-07
-2.4017286955289267e-04,-9.1893856147484310e-01,-1.3560166019324743e+01,5.1499709308199510e-07
-2.3961975122345903e-04,-9.1893856134215202e-01,-1.3570166019324901e+01,5.0987278645470872e-07
-2.3727658504681644e-04,-9.1893856078342839e-01,-1.3580166019324936e+01,5.0479946774473455e-07
-2.3647683672650579e-04,-9.1893856059398660e-01,-1.3590166019324911e+01,4.9977662921203479e-07
2.2964994926238296e-04,-9.1893855900288901e-01,-1.3600166019324927e+01,4.9480376945036765e-07
-2.2889612025380160e-04,-9.1893855883005637e-01,-1.3610166019324902e+01,4.8988038976747768e-07
-2.2653764422366309e-04,-9.1893855829299154e-01,-1.3620166019324929e+01,4.8500599870673609e-07
2.2607396150185578e-04,-9.1893855818805747e-01,-1.3630166019324919e+01,4.8018010843734431e-07
2.2152087476784389e-04,-9.1893855716908845e-01,-1.3640166019324914e+01,4.7540223701247340e-07
-2.1930449462358517e-04,-9.1893855668057012e-01,-1.3650166019324736e+01,4.7067190594819716e-07
-2.1883575998311411e-04,-9.1893855657788437e-01,-1.3660166019324926e+01,4.6598864228217865e-07
2.1782322347213302e-04,-9.1893855635681776e-01,-1.3670166019324917e+01,4.6135197792246569e-07
2.1502981159096985e-04,-9.1893855575224936e-01,-1.3680166019324920e+01,4.5676144931812841e-07
-2.0924706193490471e-04,-9.1893855452550588e-01,-1.3690166019324918e+01,4.5221659751519736e-07
-2.0545180462539284e-04,-9.1893855373856148e-01,-1.3700166019324916e+01,4.4771696754086463e-07
-2.0539688001108836e-04,-9.1893855372727862e-01,-1.3710166019324921e+01,4.4326210928551394e-07
-2.0374791569881777e-04,-9.1893855338994601e-01,-1.3720166019324910e+01,4.3885157775347206e-07
-2.0238737891422684e-04,-9.1893855311366501e-01,-1.3730166019324745e+01,4.3448493171549662e-07
2.0182973022913117e-04,-9.1893855300095950e-01,-1.3740166019324914e+01,4.3016173445985548e-07
2.0047857408464140e-04,-9.1893855272916880e-01,-1.3750166019324926e+01,4.2588155380297947e-07
-1.9819697723922084e-04,-9.1893855227436039e-01,-1.3760166019324920e+01,4.2164396173124649e-07
-1.9672485449272702e-04,-9.1893855198367369e-01,-1.3770166019324913e+01,4.1744853433471089e-07
1.9594096224249835e-04,-9.1893855182976980e-01,-1.3780166019324914e+01,4.1329485208052127e-07
-1.9101099228263787e-04,-9.1893855087593901e-01,-1.3790166019324918e+01,4.0918249998199661e-07
-1.9045172062122020e-04,-9.1893855076926845e-01,-1.3800166019324918e+01,4.0511106612345808e-07
-1.8999511024229873e-04,-9.1893855068241037e-01,-1.3810166019324740e+01,4.0108014370038643e-07
-1.8574686399400403e-04,-9.1893854988428825e-01,-1.3820166019324924e+01,3.9708932990751265e-07
-1.8302246089788423e-04,-9.1893854938195008e-01,-1.3830166019324921e+01,3.9313822525599110e-07
1.8056489352056003e-04,-9.1893854893517990e-01,-1.3840166019324919e+01,3.8922643472903234e-07
1.8020873788028219e-04,-9.1893854887093407e-01,-1.3850166019324917e+01,3.8535356701901855e-07
1.7889999622583842e-04,-9.1893854863594382e-01,-1.3860166019324911e+01,3.8151923505148311e-07
-1.7684744628789135e-04,-9.1893854827084909e-01,-1.3870166019324918e+01,3.7772305537273271e-07
1.7266213825051962e-04,-9.1893854753944648e-01,-1.3880166019324918e+01,3.7396464844852054e-07
1.6885194658982166e-04,-9.1893854688882937e-01,-1.3890166019324917e+01,3.7024363826541087e-07
1.6463372499986117e-04,-9.1893854618547122e-01,-1.3900166019324743e+01,3.6655965276924412e-07
1.6177782659331863e-04,-9.1893854571937206e-01,-1.3910166019324919e+01,3.6291232345243198e-07
1.6144754655091737e-04,-9.1893854566599464e-01,-1.3920166019324922e+01,3.5930128551878205e-07
-1.5617734946007689e-04,-9.1893854482902171e-01,-1.3930166019324913e+01,3.5572617829146904e-07
1.5365230570717930e-04,-9.1893854443785494e-01,-1.3940166019324923e+01,3.5218664381545570e-07
-1.5199161420591172e-04,-9.1893854418406484e-01,-1.3950166019324920e+01,3.4868232824666271e-07
1.5022371947433788e-04,-9.1893854391692242e-01,-1.3960166019324918e+01,3.4521288120410310e-07
-1.4416916305668077e-04,-9.1893854302571321e-01,-1.3970166019324919e+01,3.4177795594878858e-07
-1.4233608302512309e-04,-9.1893854276311970e-01,-1.3980166019324733e+01,3.3837720855514743e-07
1.4053214412630284e-04,-9.1893854250798124e-01,-1.3990166019324926e+01,3.3501029915994100e-07
-1.4018203357105409e-04,-9.1893854245884077e-01,-1.4000166019324912e+01,3.3167689100386180e-07
1.3684925213225911e-04,-9.1893854199719838e-01,-1.4010166019324926e+01,3.2837665094840257e-07
-1.3653990722969445e-04,-9.1893854195491265e-01,-1.4020166019324920e+01,3.2510924869232397e-07
1.3331020112431968e-04,-9.1893854151914434e-01,-1.4030166019324911e+01,3.2187435775841740e-07
-1.3188634099386498e-04,-9.1893854133034292e-01,-1.4040166019324918e+01,3.1867165444700501e-07
-1.3014115373078435e-04,-9.1893854110169937e-01,-1.4050166019324914e+01,3.1550081857796816e-07
-1.2907377946037158e-04,-9.1893854096335970e-01,-1.4060166019324750e+01,3.1236153302410669e-07
-1.2831587573485491e-04,-9.1893854086582150e-01,-1.4070166019324919e+01,3.0925348387026397e-07
-1.2703535342119124e-04,-9.1893854070232994e-01,-1.4080166019324917e+01,3.0617636034216397e-07
1.2541782711137912e-04,-9.1893854049815515e-01,-1.4090166019324920e+01,3.0312985471657514e-07
-1.2532894986850814e-04,-9.1893854048701229e-01,-1.4100166019324924e+01,3.0011366226989789e-07
-1.2191948322127998e-04,-9.1893854006551967e-01,-1.4110166019324916e+01,2.9712748156140543e-07
-1.2158064708302735e-04,-9.1893854002426634e-01,-1.4120166019324907e+01,2.9417101373431691e-07
-1.1967675558207004e-04,-9.1893853979460238e-01,-1.4130166019324923e+01,2.9124396330836815e-07
-1.1883455792563161e-04,-9.1893853969416550e-01,-1.4140166019324921e+01,2.8834603748285990e-07
-1.1873919688838274e-04,-9.1893853968283790e-01,-1.4150166019324743e+01,2.8547694647542141e-07
1.1845370312069293e-04,-9.1893853964897931e-01,-1.4160166019324903e+01,2.8263640340673582e-07
-1.1820904006450703e-04,-9.1893853962002803e-01,-1.4170166019324935e+01,2.7982412421239389e-07
-1.1800173070925665e-04,-9.1893853959554372e-01,-1.4180166019324920e+01,2.7703982766227405e-07
-1.1667814546437757e-04,-9.1893853944023429e-01,-1.4190166019324900e+01,2.7428323536153704e-07
-1.1563997178078687e-04,-9.1893853931964098e-01,-1.4200166019324929e+01,2.7155407160261367e-07
-9.9409484662679019e-05,-9.1893853757446231e-01,-inf,0.0000000000000000e+00
-8.7705428078570870e-05,-9.1893853647946055e-01,-inf,0.0000000000000000e+00
-1.2328766247483305e-05,-9.1893853270933867e-01,-inf,0.0000000000000000e+00
2.3028927356584773e-05,-9.1893853289850524e-01,-inf,0.0000000000000000e+00
6.6433658663209605e-05,-9.1893853484005494e-01,-inf,0.0000000000000000e+00
-4.8132555074249469e-06,-9.1893853264492320e-01,-inf,0.0000000000000000e+00
-5.2313370482235241e-05,-9.1893853400168379e-01,-inf,0.0000000000000000e+00
-6.8059582212897176e-05,-9.1893853494939282e-01,-inf,0.0000000000000000e+00
1.1395165564312378e-04,-9.1893853912582935e-01,-inf,0.0000000000000000e+00
-8.9432266761297046e-05,-9.1893853663240466e-01,-inf,0.0000000000000000e+00
-5.0833907193232244e-05,-9.1893853392538249e-01,-inf,0.0000000000000000e+00
-1.3074663841975440e-06,-9.1893853263419423e-01,-inf,0.0000000000000000e+00
-3.5652788181664985e-05,-9.1893853326890007e-01,-inf,0.0000000000000000e+00
9.0635238385528808e-05,-9.1893853674071269e-01,-inf,0.0000000000000000e+00
6.0519726236557092e-05,-9.1893853446465812e-01,-inf,0.0000000000000000e+00
-3.7781640868875671e-05,-9.1893853334706566e-01,-inf,0.0000000000000000e+00
6.8767849279561188e-05,-9.1893853499784806e-01,-inf,0.0000000000000000e+00
1.0183575602673522e-04,-9.1893853781860002e-01,-inf,0.0000000000000000e+00
-5.6212198694045629e-06,-9.1893853264913850e-01,-inf,0.0000000000000000e+00
6.4396210465388971e-05,-9.1893853470677545e-01,-inf,0.0000000000000000e+00
-7.6330719051012630e-05,-9.1893853554652882e-01,-inf,0.0000000000000000e+00
4.8870469392278990e-05,-9.1893853382750090e-01,-inf,0.0000000000000000e+00
-7.6162892589223081e-05,-9.1893853553373261e-01,-inf,0.0000000000000000e+00
8.2348471833961162e-05,-9.1893853602397491e-01,-inf,0.0000000000000000e+00
1.0252985522160441e-04,-9.1893853788952506e-01,-inf,0.0000000000000000e+00
1.1305846424191062e-04,-9.1893853902444766e-01,-inf,0.0000000000000000e+00
3.6063507970003649e-05,-9.1893853328362773e-01,-inf,0.0000000000000000e+00
-1.0502610179482496e-04,-9.1893853814858051e-01,-inf,0.0000000000000000e+00
-9.2481390452669042e-05,-9.1893853690974325e-01,-inf,0.0000000000000000e+00
1.1094886750494281e-04,-9.1893853878816512e-01,-inf,0.0000000000000000e+00
4.5979622617033696e-05,-9.1893853369040235e-01,-inf,0.0000000000000000e+00
5.3110313089812971e-05,-9.1893853404369219e-01,-inf,0.0000000000000000e+00
-1.6023970401719340e-05,-9.1893853276172333e-01,-inf,0.0000000000000000e+00
1.2262183908021948e-05,-9.1893853270852000e-01,-inf,0.0000000000000000e+00
7.0615457522740926e-05,-9.1893853512661083e-01,-inf,0.0000000000000000e+00
1.3046227245074385e-05,-9.1893853271844150e-01,-inf,0.0000000000000000e+00
-1.0097988153533438e-04,-9.1893853773180767e-01,-inf,0.0000000000000000e+00
5.1409771394643734e-05,-9.1893853395482172e-01,-inf,0.0000000000000000e+00
5.6184686896839277e-05,-9.1893853421169902e-01,-inf,0.0000000000000000e+00
3.1626819019071230e-05,-9.1893853313346729e-01,-inf,0.0000000000000000e+00
7.2785979813109420e-05,-9.1893853528223890e-01,-inf,0.0000000000000000e+00
4.8197902697373075e-05,-9.1893853379485835e-01,-inf,0.0000000000000000e+00
3.0200731808852180e-05,-9.1893853308938156e-01,-inf,0.0000000000000000e+00
-1.9673160344815509e-05,-9.1893853282685611e-01,-inf,0.0000000000000000e+00
-2.0351149670770917e-05,-9.1893853284042415e-01,-inf,0.0000000000000000e+00
3.1016000216297062e-05,-9.1893853311433560e-01,-inf,0.0000000000000000e+00
6.6536643678906496e-06,-9.1893853265547509e-01,-inf,0.0000000000000000e+00
-6.0491795975594275e-05,-9.1893853446296814e-01,-inf,0.0000000000000000e+00
1.0511682003353561e-04,-9.1893853815811244e-01,-inf,0.0000000000000000e+00
-1.1752403949941197e-05,-9.1893853270239900e-01,-inf,0.0000000000000000e+00
-5.5794452002055699e-05,-9.1893853418984994e-01,-inf,0.0000000000000000e+00
4.5200185094010934e-05,-9.1893853365486788e-01,-inf,0.0000000000000000e+00
3.6433188575701924e-05,-9.1893853329702813e-01,-inf,0.0000000000000000e+00
1.0960566995255824e-05,-9.1893853269340653e-01,-inf,0.0000000000000000e+00
7.8233080871530238e-05,-9.1893853569354689e-01,-inf,0.0000000000000000e+00
-2.6123116576175085e-05,-9.1893853297454808e-01,-inf,0.0000000000000000e+00
-9.6979023947182217e-05,-9.1893853733580499e-01,-inf,0.0000000000000000e+00
8.5720408608101848e-05,-9.1893853630733369e-01,-inf,0.0000000000000000e+00
1.8397108777439306e-05,-9.1893853280256632e-01,-inf,0.0000000000000000e+00
-8.9226672464095546e-05,-9.1893853661403901e-01,-inf,0.0000000000000000e+00
-1.8053880573552645e-05,-9.1893853279631077e-01,-inf,0.0000000000000000e+00
3.0751019057832980e-05,-9.1893853310615203e-01,-inf,0.0000000000000000e+00
-1.0321278820824947e-04,-9.1893853795977931e-01,-inf,0.0000000000000000e+00
3.5040930080014893e-05,-9.1893853324727282e-01,-inf,0.0000000000000000e+00
-5.2373359961096827e-05,-9.1893853400482384e-01,-inf,0.0000000000000000e+00
-5.1284722879139867e-06,-9.1893853264649006e-01,-inf,0.0000000000000000e+00
7.6164468098922238e-05,-9.1893853553385252e-01,-inf,0.0000000000000000e+00
4.8446433664903091e-05,-9.1893853380686796e-01,-inf,0.0000000000000000e+00
-8.3269873186629385e-05,-9.1893853610027532e-01,-inf,0.0000000000000000e+00
-3.5742780068092218e-05,-9.1893853327211261e-01,-inf,0.0000000000000000e+00
1.0798175395197257e-04,-9.1893853846336904e-01,-inf,0.0000000000000000e+00
-3.7391937571817446e-05,-9.1893853333241793e-01,-inf,0.0000000000000000e+00
6.8226050568424889e-06,-9.1893853265661340e-01,-inf,0.0000000000000000e+00
-5.6231153881944524e-05,-9.1893853421431082e-01,-inf,0.0000000000000000e+00
1.0429548153256940e-04,-9.1893853807211323e-01,-inf,0.0000000000000000e+00
3.1474366327161046e-05,-9.1893853312865736e-01,-inf,0.0000000000000000e+00
1.1470597044806359e-04,-9.1893853921206925e-01,-inf,0.0000000000000000e+00
2.4811457238131922e-05,-9.1893853294114369e-01,-inf,0.0000000000000000e+00
1.1418108767483417e-04,-9.1893853915199986e-01,-inf,0.0000000000000000e+00
-1.5148974234134376e-05,-9.1893853274808512e-01,-inf,0.0000000000000000e+00
-9.9928325830909125e-06,-9.1893853268326786e-01,-inf,0.0000000000000000e+00
-8.9121229248380020e-05,-9.1893853660463620e-01,-inf,0.0000000000000000e+00
9.6966044882394059e-05,-9.1893853733454645e-01,-inf,0.0000000000000000e+00
7.2773388430463008e-05,-9.1893853528132252e-01,-inf,0.0000000000000000e+00
6.4078981321226148e-05,-9.1893853468639741e-01,-inf,0.0000000000000000e+00
-1.0065681360292847e-04,-9.1893853769923650e-01,-inf,0.0000000000000000e+00
-2.4609857525223445e-05,-9.1893853293616201e-01,-inf,0.0000000000000000e+00
5.4755434080184693e-05,-9.1893853413241822e-01,-inf,0.0000000000000000e+00
-5.6360174861480882e-05,-9.1893853422157412e-01,-inf,0.0000000000000000e+00
1.2500623779145801e-05,-9.1893853271147230e-01,-inf,0.0000000000000000e+00
-3.8378805945496556e-05,-9.1893853336980580e-01,-inf,0.0000000000000000e+00
1.2412757833635061e-05,-9.1893853271037773e-01,-inf,0.0000000000000000e+00
-1.1229151858052004e-04,-9.1893853893803201e-01,-inf,0.0000000000000000e+00
-5.1094140950096872e-06,-9.1893853264639247e-01,-inf,0.0000000000000000e+00
-6.3372596940061444e-06,-9.1893853265341985e-01,-inf,0.0000000000000000e+00
7.3450753665291535e-05,-9.1893853533084613e-01,-inf,0.0000000000000000e+00
6.6394224429583036e-06,-9.1893853265538039e-01,-inf,0.0000000000000000e+00
-6.8292451287903480e-05,-9.1893853496526889e-01,-inf,0.0000000000000000e+00
-1.6620994775944954e-06,-9.1893853263472081e-01,-inf,0.0000000000000000e+00
1.0452607015316536e-04,-9.1893853809618908e-01,-inf,0.0000000000000000e+00
