cmpt_0,logl,logv,weight
-2.5271758811925280e+00,-4.1122474998739547e+00,-4.6101660193249021e+00,1.6289356934927525e-04
-2.1689384785862980e+00,-3.2710855945794619e+00,-4.6201660193248868e+00,3.7400117684722886e-04
-2.0524655637101774e+00,-3.0252459777414078e+00,-4.6301660193248999e+00,4.7347473863058800e-04
1.9927007973791524e+00,-2.9043667665710942e+00,-4.6401660193248961e+00,5.2899436100113705e-04
-1.9174972578275260e+00,-2.7573363995213804e+00,-4.6501660193249013e+00,6.0668404652953751e-04
-1.9047025883979634e+00,-2.7328845077582899e+00,-4.6601660193248975e+00,6.1551544016908355e-04
1.6943631757625919e+00,-2.3543718183234876e+00,-4.6701660193249008e+00,8.8977864678594038e-04
1.5469690328389762e+00,-2.1154951269147180e+00,-4.6801660193248891e+00,1.1186181542838845e-03
-1.5397111666609862e+00,-2.1042937710036069e+00,-4.6901660193248995e+00,1.1199628203653459e-03
1.4777130071665361e+00,-2.0107563984079233e+00,-4.7001660193248913e+00,1.2175405254964125e-03
-1.4718377460173049e+00,-2.0020917079339897e+00,-4.7101660193249000e+00,1.2159158170200991e-03
-1.4541018517665445e+00,-1.9761446302887864e+00,-4.7201660193248962e+00,1.2354615554481848e-03
1.4363390563217810e+00,-1.9504734749910118e+00,-4.7301660193248987e+00,1.2549751664092154e-03
1.4105912605717437e+00,-1.9138223848340299e+00,-4.7401660193249038e+00,1.2888713008918252e-03
-1.3814890331737861e+00,-1.8731945070230607e+00,-4.7501660193248929e+00,1.3289574366697806e-03
-1.3785444836253882e+00,-1.8691309793003335e+00,-4.7601660193248980e+00,1.3210914887808664e-03
1.3415263213860620e+00,-1.8187849681191492e+00,-4.7701660193248987e+00,1.3754821050754290e-03
-1.3177525988014780e+00,-1.7871744884573639e+00,-4.7801660193248923e+00,1.4055304432283955e-03
1.3018329484701068e+00,-1.7663230454945253e+00,-4.7901660193248956e+00,1.4208655300957333e-03
1.2721504572499942e+00,-1.7281219255740241e+00,-4.8001660193248954e+00,1.4615058876851488e-03
-1.2708511901441024e+00,-1.7264699063786804e+00,-4.8101660193248987e+00,1.4493560484600497e-03
1.2602869343749994e+00,-1.7131001111115065e+00,-4.8201660193249003e+00,1.4542483199597475e-03
-1.2471261480697420e+00,-1.6966003472329754e+00,-4.8301660193249010e+00,1.4637313760872631e-03
-1.2386281069579113e+00,-1.6860383263064089e+00,-4.8401660193248999e+00,1.4645542549674129e-03
-1.2336554012464205e+00,-1.6798913571455727e+00,-4.8501660193248908e+00,1.4589221395823343e-03
1.2295995438985983e+00,-1.6748960518111597e+00,-4.8601660193248915e+00,1.4516389200796287e-03
1.2280863866216092e+00,-1.6730366191359998e+00,-4.8701660193248957e+00,1.4398697246772911e-03
-1.1849175589244934e+00,-1.6209533433571295e+00,-4.8801660193249008e+00,1.5017572407831313e-03
-1.1617153406903753e+00,-1.5937297990310169e+00,-4.8901660193249050e+00,1.5278468560544682e-03
-1.1596030522847669e+00,-1.5912781520674133e+00,-4.9001660193248906e+00,1.5163575458370323e-03
-1.1453236173176791e+00,-1.5748216268261661e+00,-4.9101660193248922e+00,1.5261796207228788e-03
1.1453222256046534e+00,-1.5748200328653377e+00,-4.9201660193249026e+00,1.5109962882350143e-03
1.1298663718719479e+00,-1.5572375417768789e+00,-4.9301660193248953e+00,1.5224969508594898e-03
-1.1284700630126050e+00,-1.5556608741911759e+00,-4.9401660193248880e+00,1.5097263141108878e-03
1.1284073955720488e+00,-1.5555901578241866e+00,-4.9501660193249064e+00,1.4948099900865006e-03
1.1260172697844397e+00,-1.5528959785597414e+00,-4.9601660193248920e+00,1.4839289720466778e-03
1.1024259971992341e+00,-1.5266100722837024e+00,-4.9701660193249033e+00,1.5082939646724938e-03
1.0858473979246281e+00,-1.5084708184231823e+00,-4.9801660193248907e+00,1.5206204482871755e-03
-1.0514962327105180e+00,-1.4717606963355454e+00,-4.9901660193248940e+00,1.5617836965724364e-03
1.0406016563046043e+00,-1.4603644361852823e+00,-5.0001660193249080e+00,1.5639658760018380e-03
1.0236373002105372e+00,-1.4428551938244982e+00,-5.0101660193248980e+00,1.5757542804072414e-03
-1.0113172486491850e+00,-1.4303198213410182e+00,-5.0201660193248872e+00,1.5797544732972127e-03
-1.0026172707001371e+00,-1.4215592283864353e+00,-5.0301660193248994e+00,1.5777977273258158e-03
9.9708862349832161e-01,-1.4160313941882283e+00,-5.0401660193249072e+00,1.5707573089807705e-03
9.8619765635076440e-01,-1.4052314413292097e+00,-5.0501660193248954e+00,1.5720143434980768e-03
9.8252196124325808e-01,-1.4016132347959886e+00,-5.0601660193248881e+00,1.5620140165820504e-03
9.7339371073004410e-01,-1.3926861906777419e+00,-5.0701660193248976e+00,1.5603389432561530e-03
9.7073831419562173e-01,-1.3901049699570183e+00,-5.0801660193248974e+00,1.5488059662369697e-03
9.6371189675214564e-01,-1.3833088426041487e+00,-5.0901660193249070e+00,1.5438517297752135e-03
-9.5623565857596160e-01,-1.3761318499994410e+00,-5.1001660193248899e+00,1.5394995709035204e-03
9.3321247136267393e-01,-1.3543812909867543e+00,-5.1101660193248888e+00,1.5576962526768824e-03
9.2688182220498649e-01,-1.3484934888003575e+00,-5.1201660193249117e+00,1.5513038499725925e-03
9.2064879870602834e-01,-1.3427356379127660e+00,-5.1301660193248875e+00,1.5447369265047728e-03
9.0727486342421082e-01,-1.3305123715340497e+00,-5.1401660193248944e+00,1.5481751087587064e-03
-9.0150926828927269e-01,-1.3252980130390695e+00,-5.1501660193248933e+00,1.5407837978897649e-03
-8.7733379944429180e-01,-1.3037958304570179e+00,-5.1601660193249019e+00,1.5586084893633521e-03
8.7609961107883016e-01,-1.3027137968995781e+00,-5.1701660193248982e+00,1.5447706654927846e-03
8.5642020371535144e-01,-1.2856663152992616e+00,-5.1801660193248997e+00,1.5556958606721227e-03
8.2104419581336663e-01,-1.2559953183727484e+00,-5.1901660193249066e+00,1.5866009192742703e-03
-8.1005537269031946e-01,-1.2470333860455656e+00,-5.2001660193248975e+00,1.5849547747028780e-03
8.0539992440663222e-01,-1.2432730517504438e+00,-5.2101660193248884e+00,1.5750959765401698e-03
-8.0134210144033435e-01,-1.2400131144037450e+00,-5.2201660193248891e+00,1.5645154278087956e-03
-7.9351021123721466e-01,-1.2337677603022039e+00,-5.2301660193248987e+00,1.5586522403589940e-03
7.8158074823962764e-01,-1.2243727656427477e+00,-5.2401660193248967e+00,1.5577095326298901e-03
7.7772918620225673e-01,-1.2213698761687517e+00,-5.2501660193248982e+00,1.5468481104625167e-03
7.7692098349878036e-01,-1.2207416399336957e+00,-5.2601660193248856e+00,1.5324191334807333e-03
-7.6894109286198764e-01,-1.2145737347792334e+00,-5.2701660193249014e+00,1.5265579954091325e-03
7.5717855621646124e-01,-1.2055982156303617e+00,-5.2801660193248923e+00,1.5249948668090891e-03
-7.0206767975126372e-01,-1.1653880461090009e+00,-5.2901660193249151e+00,1.5717681778138171e-03
6.9790778390991970e-01,-1.1624761700543671e+00,-5.3001660193248936e+00,1.5606666810283384e-03
-6.9481549729722880e-01,-1.1603228202755371e+00,-5.3101660193248952e+00,1.5484685951134430e-03
-6.8490746508661560e-01,-1.1534876504990264e+00,-5.3201660193249030e+00,1.5435757015761613e-03
-6.7443584870250983e-01,-1.1463703896408768e+00,-5.3301660193248930e+00,1.5391323830240547e-03
-6.7230059328458536e-01,-1.1449325764987421e+00,-5.3401660193248937e+00,1.5260103009868237e-03
-6.6092302133562097e-01,-1.1373481526990423e+00,-5.3501660193248943e+00,1.5223285553811277e-03
6.5577981305456190e-01,-1.1339621142382774e+00,-5.3601660193249012e+00,1.5122931563202127e-03
6.5396750568924777e-01,-1.1327752818820476e+00,-5.3701660193248957e+00,1.4990236224095726e-03
-6.4942827086477062e-01,-1.1298170721325425e+00,-5.3801660193248910e+00,1.4885048912949639e-03
6.4202547338345517e-01,-1.1250368868699643e+00,-5.3901660193249050e+00,1.4807554145386081e-03
-6.4123615303495396e-01,-1.1245304346128728e+00,-5.4001660193248888e+00,1.4667643100062873e-03
6.3632184460638785e-01,-1.1213912775949775e+00,-5.4101660193248966e+00,1.4567355127241954e-03
-6.3386385272411538e-01,-1.1198302245284690e+00,-5.4201660193249124e+00,1.4444939247413243e-03
-6.1713443859501782e-01,-1.1093659902833335e+00,-5.4301660193248917e+00,1.4451646639661226e-03
-6.1184125347723184e-01,-1.1061133923616346e+00,-5.4401660193249004e+00,1.4354463803631500e-03
5.9817155207625072e-01,-1.0978431354899949e+00,-5.4501660193248966e+00,1.4329655730488443e-03
-5.9390098940189340e-01,-1.0952977252396134e+00,-5.4601660193248893e+00,1.4223231194234909e-03
-5.9147201874752031e-01,-1.0938581071139730e+00,-5.4701660193248998e+00,1.4101994560020035e-03
5.9071235588270510e-01,-1.0934090763295874e+00,-5.4801660193248960e+00,1.3967948000367951e-03
5.8516268466707944e-01,-1.0901462163967315e+00,-5.4901660193248976e+00,1.3874160263543120e-03
5.7937804836024576e-01,-1.0867779940942031e+00,-5.5001660193248920e+00,1.3782454339692142e-03
-5.7272034342450662e-01,-1.0829428285194820e+00,-5.5101660193248962e+00,1.3697749155700547e-03
5.6470284827816408e-01,-1.0783831860600750e+00,-5.5201660193248889e+00,1.3623430845185651e-03
-5.6339132878588905e-01,-1.0776434273089044e+00,-5.5301660193248949e+00,1.3497856908746184e-03
-5.4955217341093954e-01,-1.0699423282836831e+00,-5.5401660193249169e+00,1.3466862312744828e-03
5.4354531434508535e-01,-1.0666592870065883e+00,-5.5501660193248945e+00,1.3376709071221801e-03
-5.3553250016695819e-01,-1.0623360620008759e+00,-5.5601660193249005e+00,1.3300987633790018e-03
-5.3539756903523639e-01,-1.0622638110977598e+00,-5.5701660193248888e+00,1.3169592076081795e-03
5.3359143780381779e-01,-1.0612984438821123e+00,-5.5801660193249027e+00,1.3051145514029084e-03
5.1391221069864379e-01,-1.0509914127859230e+00,-5.5901660193248945e+00,1.3055153236759152e-03
4.9875334869907750e-01,-1.0433159840526112e+00,-5.6001660193248943e+00,1.3024840847966537e-03
4.8767793230816064e-01,-1.0378534154635208e+00,-5.6101660193248959e+00,1.2965875402978385e-03
4.8543795667956380e-01,-1.0367635375259545e+00,-5.6201660193248966e+00,1.2850861027471443e-03
4.8417162136586023e-01,-1.0361496121013625e+00,-5.6301660193248981e+00,1.2730806190720072e-03
-4.7593706080082515e-01,-1.0321965755552036e+00,-5.6401660193248970e+00,1.2654055758346413e-03
-4.7276411066283885e-01,-1.0306914847987518e+00,-5.6501660193248862e+00,1.2547015993357189e-03
4.6381933437042644e-01,-1.0265027201012522e+00,-5.6601660193248939e+00,1.2474313780507194e-03
-4.6200899537035389e-01,-1.0256646885349012e+00,-5.6701660193248991e+00,1.2360546473473594e-03
-4.5397770606691545e-01,-1.0219864114362287e+00,-5.6801660193248944e+00,1.2282652993669196e-03
-4.4966122183473362e-01,-1.0200361398442923e+00,-5.6901660193249093e+00,1.2184177853754930e-03
-4.4786905458464848e-01,-1.0192318776606129e+00,-5.7001660193248957e+00,1.2072648929996304e-03
4.3746611769177490e-01,-1.0146268346974965e+00,-5.7101660193248964e+00,1.2007692882788016e-03
-4.3641909399679424e-01,-1.0141693454358309e+00,-5.7201660193248935e+00,1.1893654316987485e-03
-4.3056599129682172e-01,-1.0116320690640468e+00,-5.7301660193249049e+00,1.1805225631708607e-03
4.2501767474791197e-01,-1.0092585445574005e+00,-5.7401660193248940e+00,1.1715535811064189e-03
-4.1866532567606057e-01,-1.0065788600950605e+00,-5.7501660193249133e+00,1.1630087528007515e-03
-4.1842838157339546e-01,-1.0064796878864051e+00,-5.7601660193248856e+00,1.1515508185346588e-03
-4.0111493745674953e-01,-9.9938512915880551e-01,-5.7701660193248978e+00,1.1482099110147193e-03
-3.9212052022589960e-01,-9.9581778382445452e-01,-5.7801660193248940e+00,1.1408475782328246e-03
-3.9139058096985979e-01,-9.9553182606930168e-01,-5.7901660193249018e+00,1.1298189894752154e-03
3.8939668863621335e-01,-9.9475342319376348e-01,-5.8001660193249007e+00,1.1194481452968922e-03
-3.8200619103532074e-01,-9.9190289762799644e-01,-5.8101660193248863e+00,1.1114732216279150e-03
-3.8124457892674452e-01,-9.9161224711385487e-01,-5.8201660193248959e+00,1.1007337606335846e-03
-3.7989621597359707e-01,-9.9109910008886848e-01,-5.8301660193249027e+00,1.0903406382424790e-03
-3.7286548795649943e-01,-9.8845286868785864e-01,-5.8401660193248812e+00,1.0823519350331970e-03
-3.6277061215333095e-01,-9.8473979115439070e-01,-5.8501660193249023e+00,1.0755686177737159e-03
3.6230317206860591e-01,-9.8457032687882640e-01,-5.8601660193249074e+00,1.0650470033393273e-03
-3.5827351910500727e-01,-9.8311848987928241e-01,-5.8701660193248939e+00,1.0559816093856905e-03
-3.5567887396329723e-01,-9.8219226332523901e-01,-5.8801660193248937e+00,1.0464432115733632e-03
-3.5378866254221708e-01,-9.8152174150504479e-01,-5.8901660193248944e+00,1.0367258419410991e-03
-3.5211148771110834e-01,-9.8092978252240448e-01,-5.9001660193248942e+00,1.0270180200935956e-03
-3.4973133024223058e-01,-9.8009453430983950e-01,-5.9101660193248859e+00,1.0176486543934965e-03
-3.4448038255076596e-01,-9.7827189961450045e-01,-5.9201660193248999e+00,1.0093609017680651e-03
-3.3761756390230935e-01,-9.7593134236100443e-01,-5.9301660193249086e+00,1.0016592924009362e-03
-3.3527703340367210e-01,-9.7514387719732298e-01,-5.9401660193248942e+00,9.9247384685868995e-04
3.3439890243555526e-01,-9.7484984560839150e-01,-5.9501660193249002e+00,9.8288752458003305e-04
-3.3319274881907390e-01,-9.7444723656614474e-01,-5.9601660193248973e+00,9.7349949111369459e-04
3.3114822834979185e-01,-9.7376810720294238e-01,-5.9701660193248847e+00,9.6446778536094695e-04
-3.2917833456725298e-01,-9.7311772060757462e-01,-5.9801660193249111e+00,9.5549240796298247e-04
3.2165278763032679e-01,-9.7066879052851951e-01,-5.9901660193249064e+00,9.4830458999284003e-04
-3.1748776966457826e-01,-9.6933777457663362e-01,-6.0001660193248911e+00,9.4011928303845867e-04
3.1273324948208081e-01,-9.6783957529915021e-01,-6.0101660193249042e+00,9.3216045635689045e-04
3.1148677618481591e-01,-9.6745053850234430e-01,-6.0201660193248863e+00,9.2324441103475206e-04
-3.0931011092419203e-01,-9.6677490499330743e-01,-6.0301660193249038e+00,9.1467575252422012e-04
-3.0134437836586997e-01,-9.6434274981969581e-01,-6.0401660193248912e+00,9.0777975519395170e-04
2.9502264604844819e-01,-9.6245771347405340e-01,-6.0501660193248936e+00,9.0044296463097253e-04
2.9241658784561791e-01,-9.6169226305697642e-01,-6.0601660193249005e+00,8.9216605501263974e-04
-2.8489346686680722e-01,-9.5952067636503380e-01,-6.0701660193248959e+00,8.8520907697360075e-04
-2.8446371826398742e-01,-9.5939833613762604e-01,-6.0801660193248939e+00,8.7650832515965399e-04
2.8087058203074367e-01,-9.5838267455848380e-01,-6.0901660193248954e+00,8.6866874718160528e-04
-2.8055399881036419e-01,-9.5829380575758238e-01,-6.1001660193248943e+00,8.6010178154792983e-04
2.7880988284621094e-01,-9.5780600801969840e-01,-6.1101660193249021e+00,8.5195910821071817e-04
2.7749227576985730e-01,-9.5743951418930673e-01,-6.1201660193248895e+00,8.4379116103864757e-04
-2.7599301334547566e-01,-9.5702460434109737e-01,-6.1301660193249070e+00,8.3574198435856892e-04
2.7352017802577921e-01,-9.5634517652696649e-01,-6.1401660193248890e+00,8.2798858007684137e-04
2.6739009832500349e-01,-9.5468726497446699e-01,-6.1501660193248942e+00,8.2111015620779508e-04
2.6514687486706612e-01,-9.5408996525922529e-01,-6.1601660193248957e+00,8.1342568750197972e-04
-2.6151542916154757e-01,-9.5313369247811364e-01,-6.1701660193249035e+00,8.0610245205650849e-04
2.5786931115798545e-01,-9.5218682345188643e-01,-6.1801660193248864e+00,7.9883763526685826e-04
2.5420147615277761e-01,-9.5124772787246503e-01,-6.1901660193249004e+00,7.9163213726800969e-04
-2.5407912099710733e-01,-9.5121663249667088e-01,-6.2001660193248940e+00,7.8377963743613943e-04
-2.5042680036381060e-01,-9.5029532380356740e-01,-6.2101660193249044e+00,7.7669614711945898e-04
-2.4933336502524844e-01,-9.5002209609074639e-01,-6.2201660193248891e+00,7.6917802337307379e-04
2.4875943510928364e-01,-9.4987916091128444e-01,-6.2301660193249182e+00,7.6163343059519769e-04
2.4707462104687436e-01,-9.4946146681606780e-01,-6.2401660193248949e+00,7.5437008146954636e-04
-2.4423645453929604e-01,-9.4876425549630228e-01,-6.2501660193249009e+00,7.4738487732992325e-04
2.4232591787723243e-01,-9.4829945787086101e-01,-6.2601660193249007e+00,7.4029227968805259e-04
-2.4126836266483931e-01,-9.4804374404482572e-01,-6.2701660193248960e+00,7.3311369177104558e-04
-2.3661961931630332e-01,-9.4693295475603567e-01,-6.2801660193248861e+00,7.2662576866926458e-04
-2.3056587297794101e-01,-9.4551884352437954e-01,-6.2901660193248929e+00,7.2041374666938533e-04
-2.2935358641559622e-01,-9.4524006643418768e-01,-6.3001660193249061e+00,7.1344437434664139e-04
-2.2325038686740076e-01,-9.4385890025156149e-01,-6.3101660193248987e+00,7.0732173873689459e-04
2.1915911091667062e-01,-9.4295389058223222e-01,-6.3201660193248861e+00,7.0091782029424508e-04
2.1516163501057858e-01,-9.4208579722355223e-01,-6.3301660193249081e+00,6.9454624080859419e-04
2.0733473935382640e-01,-9.4043237970479898e-01,-6.3401660193248830e+00,6.8877327908786529e-04
2.0720785454722668e-01,-9.4040608012637183e-01,-6.3501660193249094e+00,6.8193780489273935e-04
-2.0707694868517290e-01,-9.4037896397172038e-01,-6.3601660193248941e+00,6.7517071814672937e-04
1.9309385239198124e-01,-9.3758115054912761e-01,-6.3701660193248877e+00,6.7032548175540818e-04
-1.9088327927148629e-01,-9.3715674578605757e-01,-6.3801660193248928e+00,6.6393735015801507e-04
-1.8907313803429007e-01,-9.3681285839640627e-01,-6.3901660193248988e+00,6.5755714987920401e-04
1.8805041525126218e-01,-9.3662001197142553e-01,-6.4001660193248995e+00,6.5113990481420339e-04
1.8499914896014336e-01,-9.3605087519132812e-01,-6.4101660193248904e+00,6.4502795919668698e-04
1.8233053857555845e-01,-9.3556074528196609e-01,-6.4201660193248964e+00,6.3892290225958117e-04
-1.8208677438517609e-01,-9.3551632933633844e-01,-6.4301660193248935e+00,6.3259360978003862e-04
-1.7845071717722183e-01,-9.3486086186387185e-01,-6.4401660193249013e+00,6.2670985151620101e-04
1.7774162832580886e-01,-9.3473457585329445e-01,-6.4501660193249020e+00,6.2055234643464130e-04
-1.7357892701161867e-01,-9.3400335458459194e-01,-6.4601660193249000e+00,6.1482715778538987e-04
1.7345667743822335e-01,-9.3398214210729336e-01,-6.4701660193248838e+00,6.0872243772384753e-04
-1.7151860698674498e-01,-9.3364784890467623e-01,-6.4801660193249280e+00,6.0286704894237087e-04
-1.7137556798588399e-01,-9.3362332528458158e-01,-6.4901660193248931e+00,5.9688305913216616e-04
1.7072094505842408e-01,-9.3351135317416023e-01,-6.5001660193248920e+00,5.9101014641003882e-04
1.6975430895097743e-01,-9.3334679533705145e-01,-6.5101660193248971e+00,5.8522579276469263e-04
1.6882505111590451e-01,-9.3318948157548332e-01,-6.5201660193249014e+00,5.7949385402021754e-04
-1.6443866051507150e-01,-9.3245856916933489e-01,-6.5301660193248852e+00,5.7414729188314298e-04
-1.6142658999396353e-01,-9.3196780461187911e-01,-6.5401660193249009e+00,5.6871346681321741e-04
-1.6123822235590196e-01,-9.3193741480758507e-01,-6.5501660193249043e+00,5.6307178465066872e-04
1.5702648999540883e-01,-9.3126719191347862e-01,-6.5601660193248890e+00,5.5784288058896548e-04
1.5512846949356907e-01,-9.3097095365704807e-01,-6.5701660193248967e+00,5.5245588551496711e-04
-1.5355387812508864e-01,-9.3072792937696680e-01,-6.5801660193249019e+00,5.4709179804366662e-04
1.5217752963503822e-01,-9.3051753289625094e-01,-6.5901660193248821e+00,5.4176211655121984e-04
1.5169405121887491e-01,-9.3044407522093675e-01,-6.6001660193249112e+00,5.3641089547330236e-04
-1.5053375420362577e-01,-9.3026873821065825e-01,-6.6101660193249039e+00,5.3116664289134445e-04
1.4960799512941661e-01,-9.3012980873666129e-01,-6.6201660193248770e+00,5.2595451199579756e-04
-1.4937787058058843e-01,-9.3009540674293500e-01,-6.6301660193249310e+00,5.2073909131584572e-04
-1.4807579585600333e-01,-9.2990175329253388e-01,-6.6401660193248597e+00,5.1565749996969508e-04
-1.4566269565781281e-01,-9.2954734308648979e-01,-6.6501660193249164e+00,5.1070759002835831e-04
1.4060981849073600e-01,-9.2882409316133829e-01,-6.6601660193248859e+00,5.0599179081902812e-04
-1.3503082938476010e-01,-9.2805519507550760e-01,-6.6701660193249168e+00,5.0134242144708990e-04
1.3365392967347839e-01,-9.2787021909192102e-01,-6.6801660193248669e+00,4.9644580306314092e-04
-1.3135766301930296e-01,-9.2756595045028589e-01,-6.6901660193249173e+00,4.9165565743086238e-04
1.2658502056474827e-01,-9.2695041634902831e-01,-6.7001660193248824e+00,4.8706331372946410e-04
-1.2653202392934909e-01,-9.2694370917316815e-01,-6.7101660193249124e+00,4.8222018710791196e-04
1.2612802349138041e-01,-9.2689267178826062e-01,-6.7201660193248767e+00,4.7744638306970396e-04
-1.2440081285336083e-01,-9.2667631375262793e-01,-6.7301660193249155e+00,4.7279799476245368e-04
1.2294133788057515e-01,-9.2649581891327237e-01,-6.7401660193248771e+00,4.6817807221167455e-04
1.2141614637760806e-01,-9.2630947293393384e-01,-6.7501660193249133e+00,4.6360600562448447e-04
1.1981636981125748e-01,-9.2611651387071348e-01,-6.7601660193248811e+00,4.5908162420781095e-04
-1.1974942949435850e-01,-9.2610849556545161e-01,-6.7701660193249182e+00,4.5451733016831319e-04
1.1924738910914859e-01,-9.2604850253801385e-01,-6.7801660193248727e+00,4.5002180452990688e-04
-1.1765574143594319e-01,-9.2585996937976023e-01,-6.7901660193249160e+00,4.4562802049705506e-04
-1.1410400486779454e-01,-9.2544839459677430e-01,-6.8001660193248785e+00,4.4137556928322520e-04
1.1285402949169361e-01,-9.2530654861959549e-01,-6.8101660193249165e+00,4.3704579778150855e-04
-1.1279612033756561e-01,-9.2530001501494274e-01,-6.8201660193248683e+00,4.3269994651552426e-04
1.1251476049544351e-01,-9.2526831829801293e-01,-6.8301660193249196e+00,4.2840808902567054e-04
1.1240147283296267e-01,-9.2525557818084914e-01,-6.8401660193248786e+00,4.2415076101264985e-04
1.1237133836020904e-01,-9.2525219147577176e-01,-6.8501660193249103e+00,4.1993181260793739e-04
-1.1214045994546801e-01,-9.2522627401173008e-01,-6.8601660193249190e+00,4.1576419667245230e-04
-1.1171593094130178e-01,-9.2517875724638032e-01,-6.8701660193248753e+00,4.1164683345571861e-04
-1.1160745910929823e-01,-9.2516664509775626e-01,-6.8801660193249150e+00,4.0755581537290275e-04
-1.1102468057766164e-01,-9.2510177248202541e-01,-6.8901660193248739e+00,4.0352674423978777e-04
-1.1066133323395277e-01,-9.2506149796989745e-01,-6.9001660193249190e+00,3.9952767650615995e-04
1.1053000050173367e-01,-9.2504697313879614e-01,-6.9101660193248833e+00,3.9555805507534463e-04
1.0865810498702787e-01,-9.2484182452302544e-01,-6.9201660193249088e+00,3.9170253565643903e-04
1.0850271857447102e-01,-9.2482495260236486e-01,-6.9301660193248731e+00,3.8781157337669888e-04
-1.0837118415329680e-01,-9.2481068941073330e-01,-6.9401660193249235e+00,3.8395826017877224e-04
1.0763152452669353e-01,-9.2473080516930961e-01,-6.9501660193248753e+00,3.8016817989030806e-04
1.0622516355064687e-01,-9.2458042531902029e-01,-6.9601660193249106e+00,3.7644204833974610e-04
1.0597802080562843e-01,-9.2455420308027858e-01,-6.9701660193248811e+00,3.7270616043675621e-04
1.0592513542968590e-01,-9.2454859979123816e-01,-6.9801660193249200e+00,3.6899973978409218e-04
-1.0498134083731105e-01,-9.2444907359533934e-01,-6.9901660193248638e+00,3.6536449255531519e-04
1.0242366052427299e-01,-9.2418383575093521e-01,-7.0001660193249240e+00,3.6182501207219960e-04
-1.0112490630496757e-01,-9.2405165597093375e-01,-7.0101660193248723e+00,3.5827214625222574e-04
1.0000709838090306e-01,-9.2393924249662329e-01,-7.0201660193249227e+00,3.5474715495279732e-04
9.9363451785438456e-02,-9.2387508040869804e-01,-7.0301660193248745e+00,3.5123989734622856e-04
-9.8780073050732414e-02,-9.2381728404929353e-01,-7.0401660193249143e+00,3.4776510094962793e-04
-9.7939376117367999e-02,-9.2373459333046914e-01,-7.0501660193248732e+00,3.4433325236590871e-04
9.6971598353273375e-02,-9.2364027807693372e-01,-7.0601660193249218e+00,3.4093923351306838e-04
-9.6961760570415556e-02,-9.2363932413979677e-01,-7.0701660193248737e+00,3.3754715345681008e-04
-9.6777901985890577e-02,-9.2362151378973478e-01,-7.0801660193249205e+00,3.3419445522963595e-04
-9.6310217848046831e-02,-9.2357636166430856e-01,-7.0901660193248635e+00,3.3088410462332344e-04
9.5901890390915207e-02,-9.2353711892361501e-01,-7.1001660193249299e+00,3.2760460862299706e-04
-9.4888867782357028e-02,-9.2344048124784828e-01,-7.1101660193249048e+00,3.2437623375337102e-04
9.3523778277153857e-02,-9.2331188118495655e-01,-7.1201660193248903e+00,3.2118993869022482e-04
-9.2798874983729740e-02,-9.2324434823246238e-01,-7.1301660193249061e+00,3.1801552120407312e-04
-9.0893282562616265e-02,-9.2306932704084321e-01,-7.1401660193248810e+00,3.1490632435500303e-04
9.0767478292504672e-02,-9.2305790019112965e-01,-7.1501660193249181e+00,3.1177651667726634e-04
-9.0045536476420773e-02,-9.2299263195300263e-01,-7.1601660193248691e+00,3.0869443578768489e-04
8.9955430372100437e-02,-9.2298452236005435e-01,-7.1701660193249195e+00,3.0562535331803554e-04
8.8855766004990289e-02,-9.2288620620950623e-01,-7.1801660193248802e+00,3.0261408063107738e-04
-8.8407149965684328e-02,-9.2284644471586696e-01,-7.1901660193249199e+00,2.9961493311936175e-04
-8.8308190184584912e-02,-9.2283770086017791e-01,-7.2001660193248691e+00,2.9663630845734129e-04
8.8171231313433907e-02,-9.2282561564900301e-01,-7.2101660193249142e+00,2.9368827713554613e-04
8.8160901319640009e-02,-9.2282470489408508e-01,-7.2201660193248784e+00,2.9076629476884993e-04
8.7978724878012476e-02,-9.2280866064891998e-01,-7.2301660193249093e+00,2.8787774053974722e-04
8.7410785364840510e-02,-9.2275885533238855e-01,-7.2401660193248807e+00,2.8502750469305279e-04
8.7170298008752950e-02,-9.2273786306080685e-01,-7.2501660193249204e+00,2.8219735753667684e-04
8.7087171031155514e-02,-9.2273062031244435e-01,-7.2601660193248732e+00,2.7939147046844191e-04
-8.7043381787960283e-02,-9.2272680778988181e-01,-7.2701660193249209e+00,2.7661253347771797e-04
8.6606720853547259e-02,-9.2268889468184156e-01,-7.2801660193248701e+00,2.7387057587046758e-04
8.6242889428644470e-02,-9.2265745062184013e-01,-7.2901660193249196e+00,2.7115404415931896e-04
-8.6013307028514660e-02,-9.2263767712633027e-01,-7.3001660193248741e+00,2.6846132470667616e-04
8.4834855380241631e-02,-9.2253700897703272e-01,-7.3101660193249165e+00,2.6581684783717985e-04
-8.4372514315389169e-02,-9.2249789321928977e-01,-7.3201660193248701e+00,2.6318222037957753e-04
-8.2979479000951983e-02,-9.2238132960097419e-01,-7.3301660193249187e+00,2.6059388752868048e-04
-8.2816402592676697e-02,-9.2236781090253561e-01,-7.3401660193248670e+00,2.5800442288424573e-04
8.2781061308817711e-02,-9.2236488468904654e-01,-7.3501660193249228e+00,2.5543798344806253e-04
-8.1228063182030394e-02,-9.2223753175749146e-01,-7.3601660193249163e+00,2.5292854218629209e-04
-8.0757628298189305e-02,-9.2219942989751369e-01,-7.3701660193248806e+00,2.5042140248140722e-04
7.9055653064470210e-02,-9.2206343077406439e-01,-7.3801660193249123e+00,2.4796338840438138e-04
7.8889094799558218e-02,-9.2205027727248634e-01,-7.3901660193248775e+00,2.4549934062037396e-04
7.8159592117852283e-02,-9.2199299355335396e-01,-7.4001660193249128e+00,2.4307050495045668e-04
7.8050663725634309e-02,-9.2198448568734548e-01,-7.4101660193248815e+00,2.4065396045847394e-04
7.6871905553839298e-02,-9.2189317756507871e-01,-7.4201660193249213e+00,2.3828116955587950e-04
-7.6209666699973519e-02,-9.2184248928260004e-01,-7.4301660193248713e+00,2.3592219049192953e-04
-7.5505883068708951e-02,-9.2178910182233220e-01,-7.4401660193249155e+00,2.3358719576851598e-04
-7.5027797505855642e-02,-9.2175311783262925e-01,-7.4501660193248709e+00,2.3127128625041816e-04
-7.4805142351927020e-02,-9.2173643729448551e-01,-7.4601660193249204e+00,2.2897391787948779e-04
-7.3379550006429872e-02,-9.2163081181291251e-01,-7.4701660193248687e+00,2.2671953542492408e-04
-7.3048561843933671e-02,-9.2160657882707298e-01,-7.4801660193249200e+00,2.2446907784520037e-04
7.1622438753831300e-02,-9.2150341949986259e-01,-7.4901660193248718e+00,2.2225850005723328e-04
7.1319630674375939e-02,-9.2148177749310411e-01,-7.5001660193249187e+00,2.2005175334099278e-04
7.0754575159542102e-02,-9.2144163758634312e-01,-7.5101660193248811e+00,2.1787094695545212e-04
6.8243561879807846e-02,-9.2126712450236103e-01,-7.5201660193249156e+00,2.1574074110910181e-04
-6.8000373614721540e-02,-9.2125055803921030e-01,-7.5301660193248807e+00,2.1359762339584270e-04
6.6532548496958277e-02,-9.2115182263808948e-01,-7.5401660193249151e+00,2.1149317236461611e-04
6.4897068943361474e-02,-9.2104434741205921e-01,-7.5501660193248670e+00,2.0941128545451642e-04
-6.4469261161168773e-02,-9.2101667545067301e-01,-7.5601660193249183e+00,2.0733334559038566e-04
-6.4351891869805389e-02,-9.2100911562695098e-01,-7.5701660193248737e+00,2.0527189614591345e-04
6.3482913779116523e-02,-9.2095357280428281e-01,-7.5801660193249241e+00,2.0324069490101004e-04
6.2097784959229914e-02,-9.2086660008176080e-01,-7.5901660193248759e+00,2.0123591747235419e-04
-6.1627056768394667e-02,-9.2083747969630692e-01,-7.6001660193249183e+00,1.9923938848117096e-04
-5.9271368974443545e-02,-9.2069508022339175e-01,-7.6101660193249154e+00,1.9728501472404111e-04
-5.9087540272531429e-02,-9.2068420134106843e-01,-7.6201660193248788e+00,1.9532412092531450e-04
-5.8690222784474333e-02,-9.2066080375858506e-01,-7.6301660193249159e+00,1.9338513814108987e-04
5.6687722260873263e-02,-9.2054528156090243e-01,-7.6401660193248722e+00,1.9148304313045805e-04
-5.5498247611223968e-02,-9.2047856037729781e-01,-7.6501660193249155e+00,1.8959040429126901e-04
-5.5237013737198824e-02,-9.2046409647664118e-01,-7.6601660193248744e+00,1.8770666319991084e-04
-5.5132360688107430e-02,-9.2045832123086124e-01,-7.6701660193249159e+00,1.8584002396338992e-04
5.4935303509739963e-02,-9.2044747641919311e-01,-7.6801660193248740e+00,1.8399288018621759e-04
5.3831053830131134e-02,-9.2038742381157068e-01,-7.6901660193249164e+00,1.8217306007820369e-04
5.3793151508308323e-02,-9.2038538420793736e-01,-7.7001660193248771e+00,1.8036077570812801e-04
5.3663717040573239e-02,-9.2037842989664487e-01,-7.7101660193249213e+00,1.7856739781364829e-04
-5.3409222456097472e-02,-9.2036480515502195e-01,-7.7201660193248687e+00,1.7679303126139588e-04
-5.2375850881375412e-02,-9.2031014751111351e-01,-7.7301660193249209e+00,1.7504347841099609e-04
-5.2169312431932076e-02,-9.2029935121314976e-01,-7.7401660193248754e+00,1.7330363772730158e-04
5.1817609470710249e-02,-9.2028106495896900e-01,-7.7501660193249249e+00,1.7158237529027288e-04
-5.1604897636728583e-02,-9.2027006536338807e-01,-7.7601660193248740e+00,1.6987697069812996e-04
-5.1284755768896344e-02,-9.2025359572047716e-01,-7.7701660193249085e+00,1.6818943659464166e-04
-5.0816705296572583e-02,-9.2022970140193883e-01,-7.7801660193248710e+00,1.6651990257095649e-04
5.0467760233179490e-02,-9.2021203004481633e-01,-7.7901660193249276e+00,1.6486591523501748e-04
4.9755868796772136e-02,-9.2017635587320024e-01,-7.8001660193248776e+00,1.6323129500670630e-04
4.9241152633274332e-02,-9.2015087818966612e-01,-7.8101660193249041e+00,1.6161123391146844e-04
4.9175842614635555e-02,-9.2014766438176920e-01,-7.8201660193248710e+00,1.6000368948634693e-04
-4.8686669523088172e-02,-9.2012372852796465e-01,-7.8301660193249258e+00,1.5841541793810691e-04
-4.7710204384873584e-02,-9.2007666443456271e-01,-7.8401660193248759e+00,1.5684653985943036e-04
-4.7612245571582446e-02,-9.2007199559752384e-01,-7.8501660193249148e+00,1.5528661571816572e-04
-4.7611036178010012e-02,-9.2007193801631137e-01,-7.8601660193249234e+00,1.5374149692786118e-04
-4.6867336606058956e-02,-9.2003680625361228e-01,-7.8701660193248681e+00,1.5221709103457138e-04
4.5236548600985527e-02,-9.1996170529800414e-01,-7.8801660193249283e+00,1.5071382399974226e-04
4.4586287034826200e-02,-9.1993250112911540e-01,-7.8901660193248713e+00,1.4921855413487845e-04
4.4207670167583341e-02,-9.1991569168416243e-01,-7.9001660193249208e+00,1.4773628805765028e-04
-4.4204921526996413e-02,-9.1991557017694348e-01,-7.9101660193248717e+00,1.4626630520261374e-04
4.3741355857450828e-02,-9.1989518573946349e-01,-7.9201660193249150e+00,1.4481388306840563e-04
4.3668244255124562e-02,-9.1989199041150205e-01,-7.9301660193248669e+00,1.4337341898081602e-04
-4.2826721450602526e-02,-9.1985559666844319e-01,-7.9401660193249226e+00,1.4195199569644990e-04
-4.2823645505200854e-02,-9.1985546494051706e-01,-7.9501660193248807e+00,1.4053956825262355e-04
4.1063110190525547e-02,-9.1978162214259906e-01,-7.9601660193249080e+00,1.3915145113680200e-04
4.1048204752433107e-02,-9.1978101019003833e-01,-7.9701660193248740e+00,1.3776695537076616e-04
-4.0973482234453462e-02,-9.1977794575654803e-01,-7.9801660193249182e+00,1.3639656923852445e-04
4.0494344341509579e-02,-9.1975842859516388e-01,-7.9901660193248674e+00,1.3504203631006114e-04
-3.9568398140862993e-02,-9.1972136169905638e-01,-8.0001660193249204e+00,1.3370330147245314e-04
-3.9220901662255274e-02,-9.1970767219693961e-01,-8.0101660193248758e+00,1.3237474352645112e-04
-3.8883900417054834e-02,-9.1969451148916115e-01,-8.0201660193249342e+00,1.3105931764297501e-04
3.8724686074546134e-02,-9.1968833328912558e-01,-8.0301660193248718e+00,1.2975605730011652e-04
3.8327603741436927e-02,-9.1967303523761978e-01,-8.0401660193249018e+00,1.2846692823657635e-04
3.7475870282100622e-02,-9.1964075306003989e-01,-8.0501660193248856e+00,1.2719276693610434e-04
3.7266379669824101e-02,-9.1963292416018716e-01,-8.0601660193249156e+00,1.2592816363430568e-04
-3.6855148966543086e-02,-9.1961768363601248e-01,-8.0701660193248692e+00,1.2467705759971898e-04
-3.4176468301590518e-02,-9.1952254812612433e-01,-8.0801660193249205e+00,1.2344824390192642e-04
3.3676858545209049e-02,-9.1950559803407650e-01,-8.0901660193248794e+00,1.2222198500807277e-04
-3.3284682433728119e-02,-9.1949246767569648e-01,-8.1001660193249148e+00,1.2100744479841707e-04
-3.2767206042360372e-02,-9.1947537752925068e-01,-8.1101660193249181e+00,1.1980544808024096e-04
-3.0554052786955593e-02,-9.1940530770419349e-01,-8.1201660193248699e+00,1.1862167546294411e-04
3.0303340053999196e-02,-9.1939767884255363e-01,-8.1301660193249230e+00,1.1744226601850997e-04
-3.0278064974761012e-02,-9.1939691324264738e-01,-8.1401660193248695e+00,1.1627378496592248e-04
-3.0216422959722974e-02,-9.1939504874157996e-01,-8.1501660193249172e+00,1.1511705611056646e-04
3.0117923824329439e-02,-9.1939207730108352e-01,-8.1601660193248744e+00,1.1397196092436183e-04
-2.9517865879029728e-02,-9.1937418483636568e-01,-8.1701660193249168e+00,1.1283993993180803e-04
2.8993885625320237e-02,-9.1935885533516659e-01,-8.1801660193248757e+00,1.1171887635127967e-04
2.8937611737138675e-02,-9.1935722531986419e-01,-8.1901660193249164e+00,1.1060743524988897e-04
2.8524901761330070e-02,-9.1934536764358621e-01,-8.2001660193248807e+00,1.0950817138532573e-04
2.7295709412526334e-02,-9.1931106050950595e-01,-8.2101660193249213e+00,1.0842226646764116e-04
2.6316954524140772e-02,-9.1928482368105235e-01,-8.2201660193248713e+00,1.0734626327954961e-04
2.5906665601567399e-02,-9.1927411029463524e-01,-8.2301660193249120e+00,1.0627928871849710e-04
-2.5627236223092209e-02,-9.1926691025155660e-01,-8.2401660193248798e+00,1.0522254973089483e-04
-2.5288678380230092e-02,-9.1925829126044878e-01,-8.2501660193249204e+00,1.0417646575989419e-04
2.5194872182006126e-02,-9.1925592342547324e-01,-8.2601660193248634e+00,1.0314013682469940e-04
-2.4976771770593122e-02,-9.1925045219737966e-01,-8.2701660193249236e+00,1.0211443400598560e-04
2.4363243126370629e-02,-9.1923531644115675e-01,-8.2801660193248807e+00,1.0109990862301141e-04
-2.3829019885329115e-02,-9.1922244372768713e-01,-8.2901660193249125e+00,1.0009523621326758e-04
2.3316060594655876e-02,-9.1921035197416634e-01,-8.3001660193248803e+00,9.9100470263247895e-05
-2.3241929038794237e-02,-9.1920862626606159e-01,-8.3101660193249103e+00,9.8114573425558437e-05
2.3206868408475162e-02,-9.1920781200400359e-01,-8.3201660193248763e+00,9.7138396204426232e-05
2.3167355635465028e-02,-9.1920689581690951e-01,-8.3301660193249134e+00,9.6171941124300356e-05
-2.3014811688703410e-02,-9.1920337341187275e-01,-8.3401660193248848e+00,9.5215349707887718e-05
-2.2909586312713226e-02,-9.1920095720584927e-01,-8.3501660193249077e+00,9.4268168919703474e-05
-2.2772054781951576e-02,-9.1919781587283556e-01,-8.3601660193249305e+00,9.3330478148440359e-05
-2.2526456920700669e-02,-9.1919225326403953e-01,-8.3701660193248717e+00,9.2402338371229853e-05
2.2127566089094972e-02,-9.1918334722385309e-01,-8.3801660193249141e+00,9.1483734496654298e-05
-2.1899730219365976e-02,-9.1917833172517993e-01,-8.3901660193248748e+00,9.0573910401357507e-05
2.1806699960565480e-02,-9.1917629871492457e-01,-8.4001660193249243e+00,8.9672867240544926e-05
-2.1672859195664061e-02,-9.1917338904619705e-01,-8.4101660193248691e+00,8.8780865625850188e-05
-2.1581325530045624e-02,-9.1917140943915632e-01,-8.4201660193249168e+00,8.7897655255620924e-05
2.1525356914150542e-02,-9.1917020312848030e-01,-8.4301660193248740e+00,8.7023163949681356e-05
-2.1281514370817677e-02,-9.1916498406029712e-01,-8.4401660193249217e+00,8.6157718662539359e-05
2.0960501300164414e-02,-9.1915820394071657e-01,-8.4501660193248753e+00,8.5301013387169102e-05
-2.0844508086932872e-02,-9.1915577939203252e-01,-8.4601660193249177e+00,8.4452458881448597e-05
2.0677570816474720e-02,-9.1915231360077465e-01,-8.4701660193248607e+00,8.3612432658027378e-05
2.0556164258177585e-02,-9.1914981057784406e-01,-8.4801660193249297e+00,8.2780682254124347e-05
-2.0248724900668591e-02,-9.1914353806339100e-01,-8.4901660193248638e+00,8.1957514781427610e-05
-2.0190700371756798e-02,-9.1914236482409051e-01,-8.5001660193249293e+00,8.1142119082909322e-05
-2.0134758559337433e-02,-9.1914123688446092e-01,-8.5101660193248705e+00,8.0334832120883992e-05
2.0093588998314330e-02,-9.1914040879275605e-01,-8.5201660193249147e+00,7.9535553048249358e-05
1.9765645667279397e-02,-9.1913387300766169e-01,-8.5301660193248825e+00,7.8744675729166080e-05
1.9667706165179651e-02,-9.1913194196623937e-01,-8.5401660193249089e+00,7.7961303660652200e-05
1.9507451510631487e-02,-9.1912880296555932e-01,-8.5501660193248750e+00,7.7185818014054768e-05
-1.9429512736181178e-02,-9.1912728561592216e-01,-8.5601660193249245e+00,7.6417922245223356e-05
1.9393255792342856e-02,-9.1912658181845308e-01,-8.5701660193248728e+00,7.5657604461955882e-05
-1.9355788929654123e-02,-9.1912585591588414e-01,-8.5801660193249223e+00,7.4904853093021531e-05
-1.9234807203882098e-02,-9.1912352153742471e-01,-8.5901660193248723e+00,7.4159710468384149e-05
1.8909862424602176e-02,-9.1911732408179814e-01,-8.6001660193249059e+00,7.3422264049921227e-05
-1.8557848258451571e-02,-9.1911072949933137e-01,-8.6101660193249216e+00,7.2692179689103835e-05
-1.8364269786638007e-02,-9.1910715583573765e-01,-8.6201660193249285e+00,7.1969137609088839e-05
-1.8138926685818089e-02,-9.1910304296399625e-01,-8.6301660193248182e+00,7.1253325780144659e-05
1.7935178872830172e-02,-9.1909936795393965e-01,-8.6401660193249246e+00,7.0544602594347597e-05
1.7507633600375251e-02,-9.1909179125048202e-01,-8.6501660193249190e+00,6.9843201249655099e-05
1.7453347290106218e-02,-9.1909084229915394e-01,-8.6601660193249117e+00,6.9148315404085834e-05
-1.7430650268648241e-02,-9.1909044641773341e-01,-8.6701660193248262e+00,6.8460305272013565e-05
1.7394750900625346e-02,-9.1908982131278683e-01,-8.6801660193249361e+00,6.7779156222039512e-05
-1.7153184309578878e-02,-9.1908564849931862e-01,-8.6901660193249093e+00,6.7105022365447739e-05
-1.7086747675663837e-02,-9.1908451110640532e-01,-8.7001660193249268e+00,6.6437391802020258e-05
-1.6362105362942980e-02,-9.1907239187929346e-01,-8.7101660193248218e+00,6.5777125871422081e-05
-1.6354484180509721e-02,-9.1907226720974478e-01,-8.7201660193249158e+00,6.5122640652303171e-05
1.6079032511419542e-02,-9.1906780027659107e-01,-8.7301660193249244e+00,6.4474947555756481e-05
-1.5878862776190650e-02,-9.1906460177487204e-01,-8.7401660193249224e+00,6.3833615280164881e-05
-1.5835784093179057e-02,-9.1906391866226234e-01,-8.7501660193248281e+00,6.3198503367421394e-05
1.5571095795844637e-02,-9.1905976214548113e-01,-8.7601660193249113e+00,6.2569927824521033e-05
-1.5322620502078166e-02,-9.1905592398286484e-01,-8.7701660193249147e+00,6.1947584404810631e-05
-1.4909719372857788e-02,-9.1904968249922814e-01,-8.7801660193249216e+00,6.1331578439993576e-05
1.4908812205711738e-02,-9.1904966897403206e-01,-8.7901660193248361e+00,6.0721319859362585e-05
1.4903596619731526e-02,-9.1904959122944130e-01,-8.8001660193249105e+00,6.0117137305569591e-05
1.4833349734509973e-02,-9.1904854676551262e-01,-8.8101660193249192e+00,5.9519023960295699e-05
-1.4489095558659048e-02,-9.1904349957839349e-01,-8.8201660193249243e+00,5.8927097192138608e-05
-1.4464233331169066e-02,-9.1904313965626871e-01,-8.8301660193248264e+00,5.8340783776538646e-05
1.4287078350097486e-02,-9.1904059293723039e-01,-8.8401660193249132e+00,5.7760430378153630e-05
1.4183071046863255e-02,-9.1903911238549962e-01,-8.8501660193249236e+00,5.7185789159627249e-05
-1.4028204906599236e-02,-9.1903692789979019e-01,-8.8601660193249199e+00,5.6616904728988316e-05
-1.3906954699757413e-02,-9.1903523432785006e-01,-8.8701660193249179e+00,5.6053652045139359e-05
1.3878842156393005e-02,-9.1903484376314049e-01,-8.8801660193248253e+00,5.5495930563076841e-05
1.3825598489366965e-02,-9.1903410622013404e-01,-8.8901660193249210e+00,5.4943777351108117e-05
1.3741905132469100e-02,-9.1903295261167439e-01,-8.9001660193249155e+00,5.4397140384981364e-05
-1.3261982497828896e-02,-9.1902647272322580e-01,-8.9101660193249224e+00,5.3856228775804603e-05
-1.2810707189787066e-02,-9.1902058974269074e-01,-8.9201660193248227e+00,5.3320664029353806e-05
1.2633640406489453e-02,-9.1901833706829972e-01,-8.9301660193249202e+00,5.2790233476724893e-05
-1.2562413485281226e-02,-9.1901743974962702e-01,-8.9401660193249217e+00,5.2265008775558427e-05
-1.2533076934614456e-02,-9.1901707164206392e-01,-8.9501660193249108e+00,5.1744982296856870e-05
-1.2469670793909399e-02,-9.1901627897819371e-01,-8.9601660193248343e+00,5.1230151728634881e-05
-1.2246737782965441e-02,-9.1901352392650182e-01,-8.9701660193249229e+00,5.0720542939400303e-05
-1.2216929399656122e-02,-9.1901315931531757e-01,-8.9801660193249120e+00,5.0215883414090720e-05
1.2205812515338064e-02,-9.1901302356291925e-01,-8.9901660193249135e+00,4.9716233774785618e-05
-1.2036984818977088e-02,-9.1901097713510560e-01,-9.0001660193248298e+00,4.9221649711815302e-05
-1.2025833511497521e-02,-9.1901084296916258e-01,-9.0101660193249202e+00,4.8731892652197980e-05
1.1968162166046178e-02,-9.1901015108615580e-01,-9.0201660193249253e+00,4.8247035599883231e-05
-1.1833793537185361e-02,-9.1900855196807985e-01,-9.0301660193249251e+00,4.7767045959640118e-05
1.1576051189412512e-02,-9.1900553511390937e-01,-9.0401660193248290e+00,4.7291898583581396e-05
1.1513818653713658e-02,-9.1900481664333478e-01,-9.0501660193249069e+00,4.6821369970118084e-05
-1.1261174370740732e-02,-9.1900193965744359e-01,-9.0601660193249227e+00,4.6355622919104284e-05
1.1203019256338834e-02,-9.1900128645356838e-01,-9.0701660193249172e+00,4.5894406742793111e-05
1.1202329156725139e-02,-9.1900127872260728e-01,-9.0801660193248264e+00,4.5437750117000604e-05
-1.1191136761486933e-02,-9.1900115340434663e-01,-9.0901660193249256e+00,4.4985642586790355e-05
-1.0789654838964312e-02,-9.1899674095911144e-01,-9.1001660193249148e+00,4.4538224486194647e-05
1.0680977036695051e-02,-9.1899557426856870e-01,-9.1101660193249199e+00,4.4095113193361392e-05
1.0651848836789433e-02,-9.1899526357516037e-01,-9.1201660193249197e+00,4.3656373049983452e-05
-1.0492464581040317e-02,-9.1899357853983166e-01,-9.1301660193248377e+00,4.3222057710864191e-05
-1.0403904072204564e-02,-9.1899265324331125e-01,-9.1401660193249104e+00,4.2792030646233665e-05
-1.0279922279603556e-02,-9.1899137103437678e-01,-9.1501660193249137e+00,4.2366297149502711e-05
-1.0271744798504913e-02,-9.1899128700394228e-01,-9.1601660193249241e+00,4.1944748974067889e-05
-1.0263408659154746e-02,-9.1899120141199186e-01,-9.1701660193248227e+00,4.1527395302841361e-05
1.0148032053556653e-02,-9.1899002391061946e-01,-9.1801660193249273e+00,4.1114239227654328e-05
1.0116359298095807e-02,-9.1898970299606353e-01,-9.1901660193249111e+00,4.0705158774939259e-05
-1.0114238490695392e-02,-9.1898968154346283e-01,-9.2001660193249304e+00,4.0300136542404008e-05
-1.0007708683405116e-02,-9.1898860974988539e-01,-9.2101660193248271e+00,3.9899186247548666e-05
9.9590317299992365e-03,-9.1898812378983907e-01,-9.2201660193249193e+00,3.9502201907596181e-05
9.9391265340155240e-03,-9.1898792575146904e-01,-9.2301660193249120e+00,3.9109156176454718e-05
9.5148401125703490e-03,-9.1898379872452340e-01,-9.2401660193249135e+00,3.8720173369438280e-05
-9.4873094420484493e-03,-9.1898353715356407e-01,-9.2501660193248334e+00,3.8334911234452650e-05
-9.4479564038458565e-03,-9.1898316457344398e-01,-9.2601660193249202e+00,3.7953486635167622e-05
9.2821137800278009e-03,-9.1898161145145218e-01,-9.2701660193249200e+00,3.7575901493262640e-05
-9.2451216484375591e-03,-9.1898126877048669e-01,-9.2801660193249234e+00,3.7202027774804240e-05
-9.1237116696514624e-03,-9.1898015369065489e-01,-9.2901660193248219e+00,3.6831902484069376e-05
-9.1186529001532242e-03,-9.1898010754869619e-01,-9.3001660193249194e+00,3.6465420613600763e-05
9.0989156764450276e-03,-9.1897992776658299e-01,-9.3101660193249209e+00,3.6102590106688206e-05
-9.0763754827328652e-03,-9.1897972292929120e-01,-9.3201660193249243e+00,3.5743370654615399e-05
9.0448110367306826e-03,-9.1897943693668460e-01,-9.3301660193248210e+00,3.5387728294867758e-05
8.9737662127848637e-03,-9.1897879687336037e-01,-9.3401660193249239e+00,3.5035636940109988e-05
-8.9377592216084920e-03,-9.1897847440329117e-01,-9.3501660193249112e+00,3.4687037713382224e-05
-8.9042302989785077e-03,-9.1897817529194814e-01,-9.3601660193249216e+00,3.4341906193437009e-05
8.8314705033402281e-03,-9.1897753006896510e-01,-9.3701660193249214e+00,3.4000220455158414e-05
-8.7246320443850472e-03,-9.1897659223549444e-01,-9.3801660193248235e+00,3.3661944178351045e-05
-8.5711241993367028e-03,-9.1897526471835966e-01,-9.3901660193249157e+00,3.3327046479643093e-05
-8.5659114133918267e-03,-9.1897522005251053e-01,-9.4001660193249190e+00,3.2995438300290523e-05
-8.5204434801818794e-03,-9.1897483161188898e-01,-9.4101660193249153e+00,3.2667140892925748e-05
8.4166044318453211e-03,-9.1897395224842060e-01,-9.4201660193248333e+00,3.2342125850575922e-05
-8.2211956935878093e-03,-9.1897232666265560e-01,-9.4301660193249237e+00,3.2020368373267133e-05
-8.1548185019338845e-03,-9.1897178316573924e-01,-9.4401660193249128e+00,3.1701777614354297e-05
-8.0969678940886955e-03,-9.1897131307787838e-01,-9.4501660193249091e+00,3.1386354410985410e-05
8.0606366411442865e-03,-9.1897101956486971e-01,-9.4601660193248378e+00,3.1074064087231515e-05
-8.0008915718857432e-03,-9.1897053976631204e-01,-9.4701660193249246e+00,3.0764886744416643e-05
7.9656629347660372e-03,-9.1897025852633463e-01,-9.4801660193249191e+00,3.0458779572847115e-05
7.9309993928596157e-03,-9.1896998300902422e-01,-9.4901660193249171e+00,3.0155717960721059e-05
7.6218352807476937e-03,-9.1896757881986291e-01,-9.5001660193248281e+00,2.9855735332350330e-05
7.5755993245421767e-03,-9.1896722748590243e-01,-9.5101660193249202e+00,2.9558676187214844e-05
7.5644993575759416e-03,-9.1896714345860486e-01,-9.5201660193249129e+00,2.9264564904019951e-05
7.5508907143869847e-03,-9.1896704060862977e-01,-9.5301660193249216e+00,2.8973380597877774e-05
-7.4188255209887369e-03,-9.1896605211939486e-01,-9.5401660193248290e+00,2.8685118999000250e-05
7.3115534587754449e-03,-9.1896526204032969e-01,-9.5501660193249105e+00,2.8399719734048141e-05
-7.2822300584704444e-03,-9.1896504807065171e-01,-9.5601660193249280e+00,2.8117143817432388e-05
-7.2210146823127510e-03,-9.1896460415986059e-01,-9.5701660193249172e+00,2.7837385919263940e-05
7.1644386323848628e-03,-9.1896419722379807e-01,-9.5801660193248193e+00,2.7560410516704028e-05
7.1530770350055443e-03,-9.1896411588887383e-01,-9.5901660193249221e+00,2.7286182069438311e-05
-7.1482839649084822e-03,-9.1896408161516097e-01,-9.6001660193249201e+00,2.7014680947390383e-05
-7.0048212669189475e-03,-9.1896306639383019e-01,-9.6101660193249252e+00,2.6745907533752594e-05
6.9750728445620493e-03,-9.1896285845393288e-01,-9.6201660193249161e+00,2.6479786813466219e-05
6.9495941699679736e-03,-9.1896268106290313e-01,-9.6301660193248182e+00,2.6216313182926591e-05
6.8563051119480915e-03,-9.1896203709323354e-01,-9.6401660193249246e+00,2.5955473222801942e-05
6.8086683713340541e-03,-9.1896171161583484e-01,-9.6501660193249208e+00,2.5697220312979230e-05
-6.6037870084070388e-03,-9.1896033763476570e-01,-9.6601660193249206e+00,2.5441563654883614e-05
-6.5871902325642410e-03,-9.1896022817091949e-01,-9.6701660193248262e+00,2.5188418624059845e-05
6.4871304897976554e-03,-9.1895957406433526e-01,-9.6801660193249184e+00,2.4937805983130350e-05
6.4789919694996922e-03,-9.1895952130180991e-01,-9.6901660193249217e+00,2.4689671970356529e-05
-6.3979406817043921e-03,-9.1895899945582282e-01,-9.7001660193249073e+00,2.4444018385582897e-05
-6.2307500899327836e-03,-9.1895794375668105e-01,-9.7101660193248343e+00,2.4200821887583147e-05
6.1869758323775765e-03,-9.1895767196831468e-01,-9.7201660193249193e+00,2.3960026198448370e-05
6.1648544308484376e-03,-9.1895753534841629e-01,-9.7301660193249244e+00,2.3721623195244909e-05
-6.1068600845537897e-03,-9.1895717950338562e-01,-9.7401660193249100e+00,2.3485597457944656e-05
6.0594721053700406e-03,-9.1895689123443736e-01,-9.7501660193248352e+00,2.3251918561544873e-05
6.0157217792431543e-03,-9.1895662708760206e-01,-9.7601660193249096e+00,2.3020564187013331e-05
-6.0110875588021227e-03,-9.1895659922015926e-01,-9.7701660193249271e+00,2.2791506381305207e-05
-5.9650061446118331e-03,-9.1895632328249210e-01,-9.7801660193249109e+00,2.2564733330163710e-05
5.9511748543455926e-03,-9.1895624087441297e-01,-9.7901660193248308e+00,2.2340212323138580e-05
5.9308528559400319e-03,-9.1895612014113892e-01,-9.8001660193249229e+00,2.2117926166811906e-05
5.8992446029663874e-03,-9.1895593317678226e-01,-9.8101660193249209e+00,2.1897853218446206e-05
5.8740678230156662e-03,-9.1895578496973418e-01,-9.8201660193249207e+00,2.1679969151510356e-05
-5.8070671995470152e-03,-9.1895539364806944e-01,-9.8301660193248281e+00,2.1464258253569537e-05
-5.7723989180575811e-03,-9.1895519292797401e-01,-9.8401660193249114e+00,2.1250689580933958e-05
-5.7723830114044718e-03,-9.1895519283615468e-01,-9.8501660193249254e+00,2.1039241688590368e-05
-5.7155879623829392e-03,-9.1895486660621728e-01,-9.8601660193249128e+00,2.0829904531335067e-05
-5.6706860644466879e-03,-9.1895461097356024e-01,-9.8701660193249161e+00,2.0622648790081074e-05
5.5926291266819748e-03,-9.1895417138361379e-01,-9.8801660193248235e+00,2.0417458981396870e-05
5.5435928262915421e-03,-9.1895389834405128e-01,-9.8901660193249263e+00,2.0214307389415242e-05
-5.4712807543173579e-03,-9.1895350008988574e-01,-9.9001660193249155e+00,2.0013179640575930e-05
5.4668562674342301e-03,-9.1895347589206389e-01,-9.9101660193249259e+00,1.9814045655400983e-05
5.4283608941825840e-03,-9.1895326618433826e-01,-9.9201660193248209e+00,1.9616896720844578e-05
5.4148784784754803e-03,-9.1895319308780776e-01,-9.9301660193249290e+00,1.9421706756804020e-05
-5.4063234190846222e-03,-9.1895314679979534e-01,-9.9401660193249146e+00,1.9228458435746280e-05
5.4055723190316899e-03,-9.1895314273938766e-01,-9.9501660193249215e+00,1.9037132154861769e-05
-5.3933142830191851e-03,-9.1895307655281722e-01,-9.9601660193248200e+00,1.8847710772449050e-05
5.3390766235003259e-03,-9.1895278550293524e-01,-9.9701660193249140e+00,1.8660178347855765e-05
5.0853513409527679e-03,-9.1895146303246988e-01,-9.9801660193249155e+00,1.8474530903029726e-05
-5.0826741280835894e-03,-9.1895144942148566e-01,-9.9901660193249349e+00,1.8290706498092613e-05
4.8831509207973387e-03,-9.1895045521479712e-01,-1.0000166019324832e+01,1.8108728931403763e-05
4.8240592500587275e-03,-9.1895016840716348e-01,-1.0010166019324906e+01,1.7928549209987718e-05
-4.8003439716559704e-03,-9.1895005428446253e-01,-1.0020166019324913e+01,1.7750159190408015e-05
-4.7962123364216225e-03,-9.1895003445972745e-01,-1.0030166019324934e+01,1.7573542503875152e-05
4.7941023438173146e-03,-9.1895002434198092e-01,-1.0040166019324820e+01,1.7398683010382977e-05
-4.7913155390419005e-03,-9.1895001098563678e-01,-1.0050166019324921e+01,1.7225563451952974e-05
-4.7461608872292685e-03,-9.1894979565492318e-01,-1.0060166019324909e+01,1.7054169904128177e-05
4.7374672282549293e-03,-9.1894975443120885e-01,-1.0070166019324937e+01,1.6884478774352605e-05
4.6887594294000986e-03,-9.1894952486583281e-01,-1.0080166019324814e+01,1.6716479241015616e-05
-4.5478691723513202e-03,-9.1894887419034388e-01,-1.0090166019324927e+01,1.6550158262215862e-05
4.5427741416609255e-03,-9.1894885103179058e-01,-1.0100166019324906e+01,1.6385481815493624e-05
-4.4153837041121993e-03,-9.1894828043996679e-01,-1.0110166019324932e+01,1.6222452803725350e-05
-4.4048219864138202e-03,-9.1894823386170543e-01,-1.0120166019324918e+01,1.6061037449427420e-05
4.3722350919077274e-03,-9.1894809085318896e-01,-1.0130166019324829e+01,1.5901229730657314e-05
-4.3497602947151267e-03,-9.1894799284065021e-01,-1.0140166019324921e+01,1.5743011394255587e-05
-4.3385090492036558e-03,-9.1894794396372448e-01,-1.0150166019324912e+01,1.5586366575407805e-05
4.2013643737265037e-03,-9.1894735836463992e-01,-1.0160166019324924e+01,1.5431288673281763e-05
-4.1966844979170010e-03,-9.1894733871372702e-01,-1.0170166019324821e+01,1.5277745085741257e-05
-4.1945418580540284e-03,-9.1894732972403892e-01,-1.0180166019324924e+01,1.5125729118174318e-05
-4.1730349504051373e-03,-9.1894723974368808e-01,-1.0190166019324915e+01,1.4975226946259702e-05
-4.1447606037985432e-03,-9.1894712215357088e-01,-1.0200166019324918e+01,1.4826222691917591e-05
4.1311563684691098e-03,-9.1894706585980979e-01,-1.0210166019324834e+01,1.4678700137581594e-05
-4.1118014853313090e-03,-9.1894698608906689e-01,-1.0220166019324910e+01,1.4532645790145344e-05
4.1094060264617845e-03,-9.1894697624228461e-01,-1.0230166019324926e+01,1.4388043690144635e-05
-4.0530013038143292e-03,-9.1894674604312387e-01,-1.0240166019324919e+01,1.4244883542563431e-05
-3.9318392905350833e-03,-9.1894626231344279e-01,-1.0250166019324823e+01,1.4103151405203837e-05
3.9038444465015589e-03,-9.1894615263407076e-01,-1.0260166019324917e+01,1.3962824235493793e-05
-3.8568352552754712e-03,-9.1894597022243263e-01,-1.0270166019324925e+01,1.3823894334658340e-05
3.7969024183278858e-03,-9.1894574086732661e-01,-1.0280166019324911e+01,1.3686347426828052e-05
3.6740227705832317e-03,-9.1894528185499880e-01,-1.0290166019324831e+01,1.3550172214260228e-05
-3.5719411323479342e-03,-9.1894491201506590e-01,-1.0300166019324918e+01,1.3415350709531258e-05
3.5388173323275471e-03,-9.1894479424739528e-01,-1.0310166019324917e+01,1.3281867303832697e-05
3.4140080597639204e-03,-9.1894436035885552e-01,-1.0320166019324926e+01,1.3149716221547885e-05
3.3238525418558072e-03,-9.1894405663119949e-01,-1.0330166019324832e+01,1.3018878313186248e-05
-3.2105857311941354e-03,-9.1894368656370817e-01,-1.0340166019324913e+01,1.2889343079495621e-05
-3.1953816805163982e-03,-9.1894363786538158e-01,-1.0350166019324915e+01,1.2761092594434433e-05
-3.1630270341376212e-03,-9.1894353500334880e-01,-1.0360166019324931e+01,1.2634118901148446e-05
3.1541861288079489e-03,-9.1894350707840700e-01,-1.0370166019324907e+01,1.2508407666946090e-05
-3.0682982771250613e-03,-9.1894323986049820e-01,-1.0380166019324827e+01,1.2383950240340625e-05
-3.0567128945467128e-03,-9.1894320438019927e-01,-1.0390166019324919e+01,1.2260728311620381e-05
-3.0255674429916107e-03,-9.1894310966251547e-01,-1.0400166019324926e+01,1.2138733176316015e-05
-3.0169229047276825e-03,-9.1894308354524601e-01,-1.0410166019324912e+01,1.2017951077013425e-05
-3.0076871051311952e-03,-9.1894305572420065e-01,-1.0420166019324832e+01,1.1898370796828834e-05
2.9984315650346260e-03,-9.1894302792926452e-01,-1.0430166019324925e+01,1.1779980356709035e-05
2.9543866988249543e-03,-9.1894289683372254e-01,-1.0440166019324909e+01,1.1662769122665368e-05
-2.9202550248644717e-03,-9.1894279657804456e-01,-1.0450166019324922e+01,1.1546723788574217e-05
2.9073853784424893e-03,-9.1894275907820888e-01,-1.0460166019324834e+01,1.1431832395918277e-05
2.8999770495574543e-03,-9.1894273756678346e-01,-1.0470166019324921e+01,1.1318084006494380e-05
2.8996454197901290e-03,-9.1894273660511971e-01,-1.0480166019324907e+01,1.1205467199764941e-05
2.8556460181431492e-03,-9.1894260999042998e-01,-1.0490166019324928e+01,1.1093972342868584e-05
2.8475293513160350e-03,-9.1894258684504282e-01,-1.0500166019324826e+01,1.0983585727895354e-05
2.7332510959272769e-03,-9.1894226796411616e-01,-1.0510166019324917e+01,1.0874300691478079e-05
2.7188443868526868e-03,-9.1894222869073938e-01,-1.0520166019324920e+01,1.0766100014557401e-05
-2.6744710240668530e-03,-9.1894210903096873e-01,-1.0530166019324913e+01,1.0658976804990186e-05
-2.6443233433823530e-03,-9.1894202885631160e-01,-1.0540166019324840e+01,1.0552919059794167e-05
-2.6117821938412174e-03,-9.1894194333645352e-01,-1.0550166019324916e+01,1.0447916654221173e-05
-2.6116258449560580e-03,-9.1894194292811648e-01,-1.0560166019324909e+01,1.0343958150760727e-05
2.5586754196098493e-03,-9.1894180604329090e-01,-1.0570166019324919e+01,1.0241035449311156e-05
2.5185205828572033e-03,-9.1894170410630260e-01,-1.0580166019324839e+01,1.0139136477563646e-05
2.5033657533149664e-03,-9.1894166605338690e-01,-1.0590166019324910e+01,1.0038250765956002e-05
-2.4934081612986072e-03,-9.1894164117546884e-01,-1.0600166019324927e+01,9.9383687492129479e-06
-2.4873724563941094e-03,-9.1894162614420793e-01,-1.0610166019324909e+01,9.8394804757961703e-06
2.4138997943483047e-03,-9.1894144608944806e-01,-1.0620166019324923e+01,9.7415777632573387e-06
-2.3794928999300025e-03,-9.1894136362656986e-01,-1.0630166019324825e+01,9.6446482402938946e-06
-2.3690676726073829e-03,-9.1894133887415819e-01,-1.0640166019324919e+01,9.5486826232242011e-06
-2.3154804185367404e-03,-9.1894121335812373e-01,-1.0650166019324928e+01,9.4536728302340451e-06
-2.2950364705756226e-03,-9.1894116622954014e-01,-1.0660166019324910e+01,9.3596076549974543e-06
2.2763824414134049e-03,-9.1894112359184921e-01,-1.0670166019324833e+01,9.2664783978896120e-06
2.2748489052188880e-03,-9.1894112010211026e-01,-1.0680166019324911e+01,9.1742754292859889e-06
-2.2284963763122305e-03,-9.1894101573138909e-01,-1.0690166019324916e+01,9.0829908115318655e-06
2.2112020390850119e-03,-9.1894097734056834e-01,-1.0700166019324927e+01,8.9926138881360763e-06
-2.1838093785126289e-03,-9.1894091714504034e-01,-1.0710166019324834e+01,8.9031364208493918e-06
2.1486062381010987e-03,-9.1894084088772265e-01,-1.0720166019324918e+01,8.8145494054812320e-06
-2.1337905797058081e-03,-9.1894080916445853e-01,-1.0730166019324907e+01,8.7268434503145718e-06
2.1098969919885174e-03,-9.1894075846599788e-01,-1.0740166019324917e+01,8.6400103451740788e-06
2.1061032457284704e-03,-9.1894075046878032e-01,-1.0750166019324839e+01,8.5540408742398971e-06
2.1031059185930494e-03,-9.1894074416059190e-01,-1.0760166019324920e+01,8.4689267988476881e-06
-1.9715554669968612e-03,-9.1894047614881924e-01,-1.0770166019324915e+01,8.3846618164208508e-06
1.9649766987712841e-03,-9.1894046320005285e-01,-1.0780166019324922e+01,8.3012331448811245e-06
-1.9530231230269481e-03,-9.1894043978299900e-01,-1.0790166019324817e+01,8.2186346874597217e-06
-1.9163439887318846e-03,-9.1894036882048102e-01,-1.0800166019324926e+01,8.1368584833756924e-06
-1.8594852130465016e-03,-9.1894026147596819e-01,-1.0810166019324919e+01,8.0558962534628756e-06
-1.8001934595081332e-03,-9.1894015298158527e-01,-1.0820166019324914e+01,7.9757396117644137e-06
1.7829066425999597e-03,-9.1894012201138753e-01,-1.0830166019324826e+01,7.8963799212071536e-06
1.7573594885498742e-03,-9.1894007678952550e-01,-1.0840166019324926e+01,7.8178099817465490e-06
-1.7355726605532079e-03,-9.1894003873956953e-01,-1.0850166019324922e+01,7.7400217672182705e-06
1.7304044653029538e-03,-9.1894002978314626e-01,-1.0860166019324911e+01,7.6630073324826089e-06
1.7249791475031737e-03,-9.1894002040986911e-01,-1.0870166019324923e+01,7.5867592066557674e-06
1.6734950297549801e-03,-9.1893993292614673e-01,-1.0880166019324829e+01,7.5112703483590767e-06
1.6611191601427194e-03,-9.1893991229177152e-01,-1.0890166019324914e+01,7.4365321130855255e-06
1.6446326922694965e-03,-9.1893988504168567e-01,-1.0900166019324921e+01,7.3625375828603936e-06
-1.6334889739152364e-03,-9.1893986677645345e-01,-1.0910166019324921e+01,7.2892792430233180e-06
-1.6325746601632161e-03,-9.1893986528334992e-01,-1.0920166019324830e+01,7.2167497134824997e-06
-1.6053233184058799e-03,-9.1893982116481776e-01,-1.0930166019324911e+01,7.1449421692664816e-06
1.5964415401243034e-03,-9.1893980694613497e-01,-1.0940166019324918e+01,7.0738489074104667e-06
1.5962989182757891e-03,-9.1893980671845776e-01,-1.0950166019324925e+01,7.0034629363429494e-06
1.5865067367923009e-03,-9.1893979113515245e-01,-1.0960166019324824e+01,6.9337774238466708e-06
1.5829890504179076e-03,-9.1893978556050637e-01,-1.0970166019324925e+01,6.8647852240011762e-06
-1.5714709465967360e-03,-9.1893976739380745e-01,-1.0980166019324916e+01,6.7964795932157775e-06
1.5584133249289911e-03,-9.1893974695938507e-01,-1.0990166019324912e+01,6.7288536288431527e-06
-1.5520444078125565e-03,-9.1893973705426135e-01,-1.1000166019324835e+01,6.6619004825461088e-06
-1.5337314832887328e-03,-9.1893970879947084e-01,-1.1010166019324924e+01,6.5956136515553729e-06
-1.5300128527149029e-03,-9.1893970310300421e-01,-1.1020166019324909e+01,6.5299862363940751e-06
-1.5089752811836654e-03,-9.1893967113653907e-01,-1.1030166019324918e+01,6.4650119943898419e-06
-1.5079891575571960e-03,-9.1893966964898910e-01,-1.1040166019324836e+01,6.4006840597539003e-06
1.4759435523774810e-03,-9.1893962183802436e-01,-1.1050166019324916e+01,6.3369964922176977e-06
-1.4589846164149139e-03,-9.1893959695139493e-01,-1.1060166019324919e+01,6.2739424797264534e-06
-1.4554101805232637e-03,-9.1893959174273621e-01,-1.1070166019324917e+01,6.2115157413586939e-06
-1.4425504616995203e-03,-9.1893957310925678e-01,-1.1080166019324830e+01,6.1497102416535570e-06
-1.4353037337845216e-03,-9.1893956268174359e-01,-1.1090166019324920e+01,6.0885196658422276e-06
1.4205600159587083e-03,-9.1893954162871894e-01,-1.1100166019324915e+01,6.0279380098519945e-06
-1.4187729974531648e-03,-9.1893953909174864e-01,-1.1110166019324931e+01,5.9679590396446959e-06
-1.4174900390291130e-03,-9.1893953727234479e-01,-1.1120166019324916e+01,5.9085768657722559e-06
-1.4025483156913016e-03,-9.1893951620422842e-01,-1.1130166019324824e+01,5.8497856668965062e-06
-1.3959566060277933e-03,-9.1893950698076243e-01,-1.1140166019324923e+01,5.7915793803970051e-06
1.3823400978860080e-03,-9.1893948806541259e-01,-1.1150166019324914e+01,5.7339523111669366e-06
1.3809154773253708e-03,-9.1893948609711718e-01,-1.1160166019324912e+01,5.6768985435703100e-06
-1.3788690163577821e-03,-9.1893948327322161e-01,-1.1170166019324832e+01,5.6204124751445793e-06
1.3726944557876401e-03,-9.1893947477837390e-01,-1.1180166019324929e+01,5.5644884838875885e-06
-1.3569827912867571e-03,-9.1893945333448734e-01,-1.1190166019324913e+01,5.5091210165091129e-06
1.3438500549192902e-03,-9.1893943559982449e-01,-1.1200166019324914e+01,5.4543044432291391e-06
-1.3182832295545051e-03,-9.1893940156867615e-01,-1.1210166019324838e+01,5.4000333910061025e-06
1.2972487393956840e-03,-9.1893937406048543e-01,-1.1220166019324919e+01,5.3463023080722166e-06
1.2538428108180709e-03,-9.1893931869423662e-01,-1.1230166019324917e+01,5.2931060043391159e-06
-1.2534214377219652e-03,-9.1893931816598973e-01,-1.1240166019324921e+01,5.2404387223808966e-06
-1.2014311613169179e-03,-9.1893925435175716e-01,-1.1250166019324830e+01,5.1882958169534838e-06
1.1588179667282273e-03,-9.1893920406287943e-01,-1.1260166019324902e+01,5.1366716693333718e-06
-1.1575748527728864e-03,-9.1893920262310935e-01,-1.1270166019324925e+01,5.0855609395694924e-06
-1.1484950080702389e-03,-9.1893919215373121e-01,-1.1280166019324914e+01,5.0349588154549815e-06
1.1475987122185922e-03,-9.1893919112474165e-01,-1.1290166019324838e+01,4.9848601433048669e-06
1.1448425389592584e-03,-9.1893918796555896e-01,-1.1300166019324918e+01,4.9352599717328255e-06
1.1378336148105137e-03,-9.1893917996600694e-01,-1.1310166019324919e+01,4.8861533536100429e-06
1.1320915506633500e-03,-9.1893917344897902e-01,-1.1320166019324907e+01,4.8375353469409714e-06
-1.1150625284486746e-03,-9.1893915431556061e-01,-1.1330166019324832e+01,4.7894011576326067e-06
1.0932367936594902e-03,-9.1893913021668294e-01,-1.1340166019324920e+01,4.7417459341425690e-06
1.0847409403919911e-03,-9.1893912096479335e-01,-1.1350166019324927e+01,4.6945648172122077e-06
-1.0531635017989758e-03,-9.1893908721002027e-01,-1.1360166019324913e+01,4.6478532736929376e-06
1.0101701609516425e-03,-9.1893904285521655e-01,-1.1370166019324921e+01,4.6016065650135332e-06
1.0056992080520761e-03,-9.1893903834878798e-01,-1.1380166019324825e+01,4.5558198352016452e-06
-9.8822082173909793e-04,-9.1893902092353574e-01,-1.1390166019324928e+01,4.5104887490284840e-06
-9.8287055773645625e-04,-9.1893901565060609e-01,-1.1400166019324908e+01,4.4656086596500760e-06
9.7349068133719199e-04,-9.1893900647539284e-01,-1.1410166019324913e+01,4.4211751516406054e-06
9.7126216754491324e-04,-9.1893900430843856e-01,-1.1420166019324826e+01,4.3771837333432749e-06
9.6465265837828037e-04,-9.1893899791071509e-01,-1.1430166019324929e+01,4.3336300552109923e-06
-9.6409373424405397e-04,-9.1893899737170370e-01,-1.1440166019324918e+01,4.2905097180047177e-06
-9.6031778077111749e-04,-9.1893899373845955e-01,-1.1450166019324923e+01,4.2478184484431035e-06
9.5219375282418195e-04,-9.1893898596981094e-01,-1.1460166019324815e+01,4.2055519813496529e-06
-9.3925283275298019e-04,-9.1893897373128142e-01,-1.1470166019324935e+01,4.1637060909158479e-06
9.1874887970488841e-04,-9.1893895468309139e-01,-1.1480166019324903e+01,4.1222766016136758e-06
8.9688584567978818e-04,-9.1893893483544953e-01,-1.1490166019324933e+01,4.0812593450989559e-06
-8.9282229710129770e-04,-9.1893893119916659e-01,-1.1500166019324825e+01,4.0406501507958433e-06
-8.8429321511662490e-04,-9.1893892362058460e-01,-1.1510166019324924e+01,4.0004450403512762e-06
-8.8197220966359038e-04,-9.1893892157082879e-01,-1.1520166019324906e+01,3.9606399552408809e-06
-8.7770606490134755e-04,-9.1893891781730763e-01,-1.1530166019324925e+01,3.9212309439448974e-06
-8.7710917027307867e-04,-9.1893891729358779e-01,-1.1540166019324827e+01,3.8822140461783117e-06
-8.7627277230175303e-04,-9.1893891656032523e-01,-1.1550166019324914e+01,3.8435853738155446e-06
-8.6667821902359100e-04,-9.1893890819890711e-01,-1.1560166019324919e+01,3.8053410921648430e-06
8.6350131541466360e-04,-9.1893890545060031e-01,-1.1570166019324919e+01,3.7674773260108632e-06
8.6009546194525436e-04,-9.1893890251544130e-01,-1.1580166019324828e+01,3.7299903112192714e-06
8.4803160632434659e-04,-9.1893889221214209e-01,-1.1590166019324917e+01,3.6928763255571307e-06
8.4501382305855787e-04,-9.1893888965752002e-01,-1.1600166019324924e+01,3.6561316015140827e-06
-8.4105417377521941e-04,-9.1893888631940113e-01,-1.1610166019324916e+01,3.6197524963272886e-06
-8.3709799285707702e-04,-9.1893888299986426e-01,-1.1620166019324918e+01,3.5837353690983032e-06
8.3302095372752086e-04,-9.1893887959529419e-01,-1.1630166019324824e+01,3.5480766184568015e-06
-8.1578348241281070e-04,-9.1893886538468450e-01,-1.1640166019324917e+01,3.5127727161507780e-06
8.0965376163547650e-04,-9.1893886040294637e-01,-1.1650166019324921e+01,3.4778200609492672e-06
8.0258659633267811e-04,-9.1893885470596182e-01,-1.1660166019324921e+01,3.4432151927682868e-06
7.9790450425290245e-04,-9.1893885095913841e-01,-1.1670166019324830e+01,3.4089546419359121e-06
7.5686092704681956e-04,-9.1893881905257091e-01,-1.1680166019324918e+01,3.3750350841925904e-06
-7.5150353035877962e-04,-9.1893881501211749e-01,-1.1690166019324923e+01,3.3414529375034509e-06
-7.5078793060090682e-04,-9.1893881447459780e-01,-1.1700166019324916e+01,3.3082049270342063e-06
-7.4584367662135003e-04,-9.1893881077473449e-01,-1.1710166019324824e+01,3.2752877501368153e-06
7.4190380329069527e-04,-9.1893880784396609e-01,-1.1720166019324919e+01,3.2426981020069279e-06
7.3841380501377899e-04,-9.1893880526081317e-01,-1.1730166019324912e+01,3.2104327250837650e-06
-7.3152407866456835e-04,-9.1893880019707830e-01,-1.1740166019324928e+01,3.1784884018270407e-06
-7.2678456641274902e-04,-9.1893879674124246e-01,-1.1750166019324828e+01,3.1468619246778744e-06
-7.0779971452719029e-04,-9.1893878312355737e-01,-1.1760166019324918e+01,3.1155501677852148e-06
7.0125701720921447e-04,-9.1893877851404160e-01,-1.1770166019324913e+01,3.0845499398712448e-06
-6.9179695242785420e-04,-9.1893877192485118e-01,-1.1780166019324925e+01,3.0538581752829455e-06
6.9096472114262822e-04,-9.1893877134946245e-01,-1.1790166019324820e+01,3.0234717804724069e-06
-6.8211347919166880e-04,-9.1893876527273877e-01,-1.1800166019324919e+01,2.9933877517917041e-06
-6.8193488066246454e-04,-9.1893876515093020e-01,-1.1810166019324919e+01,2.9636030463691646e-06
-6.8130605060730699e-04,-9.1893876472230673e-01,-1.1820166019324926e+01,2.9341147046139269e-06
6.6442777040231756e-04,-9.1893875336547048e-01,-1.1830166019324830e+01,2.9049198084949880e-06
6.6219232780066978e-04,-9.1893875188267893e-01,-1.1840166019324917e+01,2.8760153777194074e-06
6.6178435632582898e-04,-9.1893875161260663e-01,-1.1850166019324911e+01,2.8473985473401735e-06
-6.5237919715948874e-04,-9.1893874543264786e-01,-1.1860166019324920e+01,2.8190664758334489e-06
6.5181402551411720e-04,-9.1893874506410145e-01,-1.1870166019324916e+01,2.7910162967553881e-06
-6.4065839359804609e-04,-9.1893873785492808e-01,-1.1880166019324841e+01,2.7632452405148121e-06
6.3517129635468766e-04,-9.1893873435462736e-01,-1.1890166019324910e+01,2.7357505005556296e-06
6.2722197921604046e-04,-9.1893872933704512e-01,-1.1900166019324924e+01,2.7085293418445368e-06
6.2626809823707801e-04,-9.1893872873920490e-01,-1.1910166019324915e+01,2.6815790262011066e-06
-6.1488731438203912e-04,-9.1893872167654411e-01,-1.1920166019324835e+01,2.6548968878265123e-06
-6.1019074366641137e-04,-9.1893871879971134e-01,-1.1930166019324909e+01,2.6284802299753208e-06
-6.0051019365545111e-04,-9.1893871293958584e-01,-1.1940166019324927e+01,2.6023264299499581e-06
6.0007176926537935e-04,-9.1893871267640359e-01,-1.1950166019324907e+01,2.5764328500111423e-06
-5.8664257824071276e-04,-9.1893870470809680e-01,-1.1960166019324832e+01,2.5507969351451503e-06
-5.8616505736782971e-04,-9.1893870442807668e-01,-1.1970166019324923e+01,2.5254160822752811e-06
-5.8585883893440488e-04,-9.1893870424862900e-01,-1.1980166019324914e+01,2.5002877728528107e-06
5.7618153690263394e-04,-9.1893869862592115e-01,-1.1990166019324908e+01,2.4754095077565249e-06
5.6260545223443825e-04,-9.1893869089578695e-01,-1.2000166019324832e+01,2.4507787905604908e-06
5.5200285456785409e-04,-9.1893868498691522e-01,-1.2010166019324933e+01,2.4263931484874017e-06
5.4462821437032164e-04,-9.1893868094328546e-01,-1.2020166019324913e+01,2.4022501429839334e-06
-5.4227106891656710e-04,-9.1893867966229559e-01,-1.2030166019324918e+01,2.3783473577317843e-06
-5.3956241818556359e-04,-9.1893867819714103e-01,-1.2040166019324822e+01,2.3546824095703235e-06
-5.3634231792670708e-04,-9.1893867646488048e-01,-1.2050166019324918e+01,2.3312529321653035e-06
-5.3219151342086973e-04,-9.1893867424724296e-01,-1.2060166019324924e+01,2.3080565830359364e-06
5.2690631016816128e-04,-9.1893867144846930e-01,-1.2070166019324917e+01,2.2850910427138733e-06
-5.2046610132456964e-04,-9.1893866807582081e-01,-1.2080166019324830e+01,2.2623540145709040e-06
-5.1849439683699879e-04,-9.1893866705155924e-01,-1.2090166019324926e+01,2.2398432183016577e-06
-5.1748908654659757e-04,-9.1893866653081679e-01,-1.2100166019324918e+01,2.2175564070585500e-06
5.1644630168396822e-04,-9.1893866599173069e-01,-1.2110166019324915e+01,2.1954913533212888e-06
5.1529439692023660e-04,-9.1893866539749725e-01,-1.2120166019324907e+01,2.1736458506451443e-06
5.1494774946657081e-04,-9.1893866521893186e-01,-1.2130166019324840e+01,2.1520177134452180e-06
-5.0406020611382693e-04,-9.1893865967168520e-01,-1.2140166019324914e+01,2.1306047912405337e-06
-5.0123293438067917e-04,-9.1893865825056675e-01,-1.2150166019324926e+01,2.1094049223505615e-06
5.0096150489136110e-04,-9.1893865811455411e-01,-1.2160166019324903e+01,2.0884159929669484e-06
-4.8963188155697925e-04,-9.1893865250302920e-01,-1.2170166019324839e+01,2.0676359182387519e-06
-4.8224916791851690e-04,-9.1893864891546939e-01,-1.2180166019324918e+01,2.0470626044498822e-06
-4.7825865148404614e-04,-9.1893864699900829e-01,-1.2190166019324915e+01,2.0266939950938338e-06
4.7815318259628004e-04,-9.1893864694857252e-01,-1.2200166019324913e+01,2.0065280530042930e-06
4.7417809961957508e-04,-9.1893864505577449e-01,-1.2210166019324841e+01,1.9865627690502436e-06
-4.7162128943144840e-04,-9.1893864384665980e-01,-1.2220166019324921e+01,1.9667961416084058e-06
4.6974971183410077e-04,-9.1893864296573535e-01,-1.2230166019324912e+01,1.9472261947332863e-06
-4.6897931757363114e-04,-9.1893864260413960e-01,-1.2240166019324922e+01,1.9278509710647967e-06
-4.6890125426319088e-04,-9.1893864256753255e-01,-1.2250166019324828e+01,1.9086685334659254e-06
-4.6835481008534411e-04,-9.1893864231145350e-01,-1.2260166019324920e+01,1.8896769647239412e-06
-4.6180270485713705e-04,-9.1893863926420860e-01,-1.2270166019324909e+01,1.8708743704656021e-06
-4.5693667853808094e-04,-9.1893863702890355e-01,-1.2280166019324920e+01,1.8522588635853934e-06
-4.5524748263291414e-04,-9.1893863625847472e-01,-1.2290166019324831e+01,1.8338285813661399e-06
4.5275627873185868e-04,-9.1893863512746343e-01,-1.2300166019324918e+01,1.8155816841593026e-06
4.4344024916466635e-04,-9.1893863095296680e-01,-1.2310166019324921e+01,1.7975163520636731e-06
-4.4185969012815966e-04,-9.1893863025333233e-01,-1.2320166019324917e+01,1.7796307667671477e-06
4.3962887069402866e-04,-9.1893862927011150e-01,-1.2330166019324830e+01,1.7619231465052320e-06
4.3898814027550179e-04,-9.1893862898863310e-01,-1.2340166019324917e+01,1.7443917187671755e-06
-4.3727538185064224e-04,-9.1893862823821926e-01,-1.2350166019324922e+01,1.7270347324548482e-06
-4.3286851127816378e-04,-9.1893862632091350e-01,-1.2360166019324923e+01,1.7098504530242642e-06
4.3204474865832872e-04,-9.1893862596467191e-01,-1.2370166019324918e+01,1.6928371573556803e-06
4.2807811843851071e-04,-9.1893862425877726e-01,-1.2380166019324825e+01,1.6759931490636305e-06
4.2792677640940348e-04,-9.1893862419400241e-01,-1.2390166019324919e+01,1.6593167387025182e-06
-4.2037285295649885e-04,-9.1893862099000723e-01,-1.2400166019324923e+01,1.6428062665531778e-06
-4.1862568018339414e-04,-9.1893862025706952e-01,-1.2410166019324906e+01,1.6264600722751847e-06
4.1751101277458203e-04,-9.1893861979106239e-01,-1.2420166019324832e+01,1.6102765249062283e-06
-4.1458926999637404e-04,-9.1893861857547088e-01,-1.2430166019324915e+01,1.5942540077114277e-06
4.1326694174965365e-04,-9.1893861802812205e-01,-1.2440166019324931e+01,1.5783909161525494e-06
4.1015590152820467e-04,-9.1893861674727129e-01,-1.2450166019324913e+01,1.5626856661296242e-06
-4.0746079542429154e-04,-9.1893861564548940e-01,-1.2460166019324825e+01,1.5471366856585842e-06
4.0642914772339648e-04,-9.1893861522566556e-01,-1.2470166019324926e+01,1.5317424190664280e-06
4.0176852644534109e-04,-9.1893861334231386e-01,-1.2480166019324912e+01,1.5165013301993907e-06
3.8593116739152333e-04,-9.1893860710477249e-01,-1.2490166019324914e+01,1.5014118992094164e-06
-3.7288390865665693e-04,-9.1893860215454415e-01,-1.2500166019324830e+01,1.4864726085598092e-06
3.7061787181387820e-04,-9.1893860131214289e-01,-1.2510166019324931e+01,1.4716819602169298e-06
3.6960963413969563e-04,-9.1893860093898028e-01,-1.2520166019324915e+01,1.4570384805881549e-06
-3.6776194086856695e-04,-9.1893860025776208e-01,-1.2530166019324918e+01,1.4425407064551240e-06
3.6333237150151771e-04,-9.1893859863854555e-01,-1.2540166019324827e+01,1.4281871889149771e-06
3.6133835204522322e-04,-9.1893859791604182e-01,-1.2550166019324916e+01,1.4139764899694418e-06
3.5989944871256955e-04,-9.1893859739714601e-01,-1.2560166019324921e+01,1.3999071895458783e-06
-3.5898360258575690e-04,-9.1893859706795289e-01,-1.2570166019324910e+01,1.3859778807304308e-06
3.5562586616539487e-04,-9.1893859586821780e-01,-1.2580166019324832e+01,1.3721871720435564e-06
3.4910671419052049e-04,-9.1893859357108842e-01,-1.2590166019324927e+01,1.3585336846750620e-06
3.4382146094346337e-04,-9.1893859173993797e-01,-1.2600166019324918e+01,1.3450160511181286e-06
3.3884205420585894e-04,-9.1893859004030831e-01,-1.2610166019324918e+01,1.3316329200627479e-06
-3.3832703837825931e-04,-9.1893858986593191e-01,-1.2620166019324911e+01,1.3183829513529468e-06
3.3264340692556695e-04,-9.1893858795915750e-01,-1.2630166019324916e+01,1.3052648242935622e-06
3.3218551477143471e-04,-9.1893858780694759e-01,-1.2640166019324916e+01,1.2922772224871772e-06
-3.3192639040976774e-04,-9.1893858772090375e-01,-1.2650166019324741e+01,1.2794188493915745e-06
-3.2806413069601020e-04,-9.1893858644637638e-01,-1.2660166019324919e+01,1.2666884207498844e-06
3.2185196033855987e-04,-9.1893858442768162e-01,-1.2670166019324922e+01,1.2540846629070290e-06
3.1766707103452884e-04,-9.1893858308952348e-01,-1.2680166019324925e+01,1.2416063136799468e-06
3.0720061827064994e-04,-9.1893857981944937e-01,-1.2690166019324916e+01,1.2292521284605054e-06
3.0708181864991474e-04,-9.1893857978296112e-01,-1.2700166019324916e+01,1.2170208654625413e-06
-2.9888404111936856e-04,-9.1893857729917450e-01,-1.2710166019324921e+01,1.2049113085131951e-06
-2.9683251463411063e-04,-9.1893857668811030e-01,-1.2720166019324909e+01,1.1929222414049492e-06
2.9667978274045535e-04,-9.1893857664278622e-01,-1.2730166019324743e+01,1.1810524668323801e-06
-2.9546638822897369e-04,-9.1893857628353270e-01,-1.2740166019324914e+01,1.1693007988563174e-06
-2.8899344952510592e-04,-9.1893857439194637e-01,-1.2750166019324929e+01,1.1576660637002747e-06
-2.8755081210955096e-04,-9.1893857397607426e-01,-1.2760166019324917e+01,1.1461470943801754e-06
2.8598863358154187e-04,-9.1893857352808872e-01,-1.2770166019324918e+01,1.1347427407515325e-06
-2.8276486938578723e-04,-9.1893857261132517e-01,-1.2780166019324913e+01,1.1234518628590758e-06
2.8208143960395046e-04,-9.1893857241830879e-01,-1.2790166019324912e+01,1.1122733302635075e-06
2.8132263430767602e-04,-9.1893857220455177e-01,-1.2800166019324932e+01,1.1012060259463891e-06
-2.7563208185553889e-04,-9.1893857061986173e-01,-1.2810166019324729e+01,1.0902488446397317e-06
2.7482474866451814e-04,-9.1893857039766069e-01,-1.2820166019324930e+01,1.0794006876204163e-06
-2.7450679696110539e-04,-9.1893857031033022e-01,-1.2830166019324908e+01,1.0686604714206811e-06
2.7425710907898833e-04,-9.1893857024182035e-01,-1.2840166019324926e+01,1.0580271221368185e-06
-2.7385004619698619e-04,-9.1893857013026337e-01,-1.2850166019324920e+01,1.0474995764905296e-06
-2.7317420312560417e-04,-9.1893856994541212e-01,-1.2860166019324923e+01,1.0370767817484742e-06
-2.7092584758410889e-04,-9.1893856933374696e-01,-1.2870166019324920e+01,1.0267576959832352e-06
-2.6989168722249199e-04,-9.1893856905410087e-01,-1.2880166019324902e+01,1.0165412864931714e-06
-2.6849432535912699e-04,-9.1893856867794088e-01,-1.2890166019324923e+01,1.0064265320702854e-06
2.6775900516432519e-04,-9.1893856848078193e-01,-1.2900166019324743e+01,9.9641242095356900e-07
2.6636259029956966e-04,-9.1893856810785424e-01,-1.2910166019324922e+01,9.8649795207840156e-07
2.6369938827235833e-04,-9.1893856740202318e-01,-1.2920166019324915e+01,9.7668213413849676e-07
-2.5892442148584211e-04,-9.1893856615426750e-01,-1.2930166019324918e+01,9.6696398573613296e-07
-2.5542110003523566e-04,-9.1893856525330864e-01,-1.2940166019324920e+01,9.5734253418201664e-07
-2.5418256551241331e-04,-9.1893856493772774e-01,-1.2950166019324909e+01,9.4781681710703550e-07
2.5410673985300756e-04,-9.1893856491845705e-01,-1.2960166019324920e+01,9.3838588221955890e-07
-2.5348781203977239e-04,-9.1893856476137492e-01,-1.2970166019324925e+01,9.2904878682997388e-07
2.5328278830588917e-04,-9.1893856470942492e-01,-1.2980166019324731e+01,9.1980459699384368e-07
2.5210146205244895e-04,-9.1893856441091304e-01,-1.2990166019324924e+01,9.1065238860713945e-07
-2.5036464744691177e-04,-9.1893856397456786e-01,-1.3000166019324919e+01,9.0159124633719205e-07
2.4819488242872756e-04,-9.1893856343368929e-01,-1.3010166019324913e+01,8.9262026402864545e-07
2.4220696534649476e-04,-9.1893856196544654e-01,-1.3020166019324918e+01,8.8373854530023682e-07
2.4155901425528854e-04,-9.1893856180871814e-01,-1.3030166019324922e+01,8.7494519998935803e-07
2.3668339113016201e-04,-9.1893856064285329e-01,-1.3040166019324923e+01,8.6623935079901230e-07
-2.3474505864484426e-04,-9.1893856018596076e-01,-1.3050166019324914e+01,8.5762012563739801e-07
-2.2913715170224996e-04,-9.1893855888525666e-01,-1.3060166019324743e+01,8.4908666391180149e-07
2.2676132816889713e-04,-9.1893855834368943e-01,-1.3070166019324910e+01,8.4063811089963636e-07
2.2572611127389145e-04,-9.1893855810947811e-01,-1.3080166019324921e+01,8.3227362213431993e-07
2.2465246728195046e-04,-9.1893855786770495e-01,-1.3090166019324931e+01,8.2399236142711170e-07
2.2293452800877927e-04,-9.1893855748324138e-01,-1.3100166019324909e+01,8.1579350075515721e-07
2.1715272370322774e-04,-9.1893855621099219e-01,-1.3110166019324923e+01,8.0767622082384843e-07
-2.1698553471714496e-04,-9.1893855617470055e-01,-1.3120166019324909e+01,7.9963970817884008e-07
-2.1060401522160295e-04,-9.1893855481036513e-01,-1.3130166019324918e+01,7.9168316122180763e-07
-2.0939023018021199e-04,-9.1893855455547369e-01,-1.3140166019324919e+01,7.8380578234945046e-07
-2.0916443815333690e-04,-9.1893855450822060e-01,-1.3150166019324745e+01,7.7600678454351384e-07
2.0850199431069567e-04,-9.1893855436988026e-01,-1.3160166019324924e+01,7.6828538813167991e-07
-2.0461135093759013e-04,-9.1893855356624188e-01,-1.3170166019324922e+01,7.6064082140296621e-07
-2.0427389110547539e-04,-9.1893855349725073e-01,-1.3180166019324909e+01,7.5307231882480278e-07
-2.0079207300101255e-04,-9.1893855279206771e-01,-1.3190166019324922e+01,7.4557912457935739e-07
-2.0075815481234612e-04,-9.1893855278525782e-01,-1.3200166019324922e+01,7.3816048834166917e-07
1.9836636141392527e-04,-9.1893855230794619e-01,-1.3210166019324912e+01,7.3081566911170833e-07
1.9612209083795951e-04,-9.1893855186527673e-01,-1.3220166019324923e+01,7.2354393202561740e-07
1.9566714170086633e-04,-9.1893855177615469e-01,-1.3230166019324736e+01,7.1634454967615734e-07
1.9498809820744147e-04,-9.1893855164351868e-01,-1.3240166019324921e+01,7.0921680240793847e-07
-1.9459731547834562e-04,-9.1893855156739701e-01,-1.3250166019324915e+01,7.0215997736955000e-07
1.9437701325553472e-04,-9.1893855152455106e-01,-1.3260166019324927e+01,6.9517336888981921e-07
-1.9386847609037720e-04,-9.1893855142583247e-01,-1.3270166019324918e+01,6.8825627836416503e-07
1.9121092634908444e-04,-9.1893855091414867e-01,-1.3280166019324904e+01,6.8140801431993759e-07
-1.9086283018829122e-04,-9.1893855084764942e-01,-1.3290166019324918e+01,6.7462789133765796e-07
-1.8970589436565706e-04,-9.1893855062750263e-01,-1.3300166019324930e+01,6.6791523180843056e-07
1.8544598924318185e-04,-9.1893854982844692e-01,-1.3310166019324738e+01,6.6126936473899259e-07
-1.8356183839747024e-04,-9.1893854948081377e-01,-1.3320166019324915e+01,6.5468962485073311e-07
1.8219176487024782e-04,-9.1893854923025908e-01,-1.3330166019324921e+01,6.4817535440317387e-07
1.8095288084859530e-04,-9.1893854900531202e-01,-1.3340166019324910e+01,6.4172590201153180e-07
1.7964567775163005e-04,-9.1893854876962422e-01,-1.3350166019324929e+01,6.3534062274878120e-07
-1.7893043731252752e-04,-9.1893854864139013e-01,-1.3360166019324907e+01,6.2901887800719852e-07
1.7782231194389390e-04,-9.1893854844372680e-01,-1.3370166019324918e+01,6.2276003571920590e-07
-1.7267858994039837e-04,-9.1893854754228721e-01,-1.3380166019324925e+01,6.1656347038521586e-07
1.7219468480098092e-04,-9.1893854745884418e-01,-1.3390166019324912e+01,6.1042856140163757e-07
1.7060259876725947e-04,-9.1893854718596280e-01,-1.3400166019324752e+01,6.0435469589644839e-07
-1.7025875829498280e-04,-9.1893854712736189e-01,-1.3410166019324905e+01,5.9834126623278047e-07
1.6828134656617731e-04,-9.1893854679264531e-01,-1.3420166019324924e+01,5.9238767135730083e-07
-1.6775257409401095e-04,-9.1893854670380248e-01,-1.3430166019324915e+01,5.8649331559446351e-07
1.6736655341352481e-04,-9.1893854663912111e-01,-1.3440166019324923e+01,5.8065760963685027e-07
-1.6673582745480638e-04,-9.1893854653375751e-01,-1.3450166019324927e+01,5.7487996994672202e-07
1.6515576498318745e-04,-9.1893854627155280e-01,-1.3460166019324916e+01,5.6915981882072127e-07
-1.6511364972763800e-04,-9.1893854626459814e-01,-1.3470166019324919e+01,5.6349658400407866e-07
-1.6299555948131803e-04,-9.1893854591711566e-01,-1.3480166019324729e+01,5.5788969950542593e-07
1.6295628421689963e-04,-9.1893854591071478e-01,-1.3490166019324928e+01,5.5233860424914558e-07
1.6227102930997442e-04,-9.1893854579928291e-01,-1.3500166019324915e+01,5.4684274337105722e-07
1.6205407537149796e-04,-9.1893854576410117e-01,-1.3510166019324920e+01,5.4140156718049826e-07
1.6197073477632615e-04,-9.1893854575059897e-01,-1.3520166019324925e+01,5.3601453158582590e-07
-1.5809130484452916e-04,-9.1893854512976980e-01,-1.3530166019324909e+01,5.3068109821315626e-07
1.5652814082151777e-04,-9.1893854488386895e-01,-1.3540166019324916e+01,5.2540073318895430e-07
-1.5505758562766789e-04,-9.1893854465476688e-01,-1.3550166019324925e+01,5.2017290866458342e-07
-1.5325367163881656e-04,-9.1893854437668343e-01,-1.3560166019324743e+01,5.1499710188749752e-07
1.5272620975345153e-04,-9.1893854429598709e-01,-1.3570166019324901e+01,5.0987279514608457e-07
-1.5183068868250449e-04,-9.1893854415961851e-01,-1.3580166019324936e+01,5.0479947613642590e-07
-1.5153015935787632e-04,-9.1893854411403408e-01,-1.3590166019324911e+01,4.9977663744832948e-07
1.4959779663169926e-04,-9.1893854382308982e-01,-1.3600166019324927e+01,4.9480377696138933e-07
-1.4895829763197465e-04,-9.1893854372762673e-01,-1.3610166019324902e+01,4.8988039716586176e-07
-1.4142142050296768e-04,-9.1893854263334851e-01,-1.3620166019324929e+01,4.8500600630175664e-07
-1.4113990265650638e-04,-9.1893854259357555e-01,-1.3630166019324919e+01,4.8018011592550456e-07
-1.3903900307959095e-04,-9.1893854229926164e-01,-1.3640166019324914e+01,4.7540224408162213e-07
1.3878228144053058e-04,-9.1893854226360028e-01,-1.3650166019324736e+01,4.7067191273386031e-07
-1.3857315309029501e-04,-9.1893854223459881e-01,-1.3660166019324926e+01,4.6598864896598689e-07
1.3654551858559619e-04,-9.1893854195567881e-01,-1.3670166019324917e+01,4.6135198456645925e-07
-1.3442184781651425e-04,-9.1893854166795608e-01,-1.3680166019324920e+01,4.5676145575129123e-07
1.3139091996333836e-04,-9.1893854126512642e-01,-1.3690166019324918e+01,4.5221660351176108e-07
1.2831443556207835e-04,-9.1893854086563664e-01,-1.3700166019324916e+01,4.4771697330429115e-07
1.2787467072371641e-04,-9.1893854080930515e-01,-1.3710166019324921e+01,4.4326211501156169e-07
1.2694856410452125e-04,-9.1893854069130843e-01,-1.3720166019324910e+01,4.3885158332628965e-07
-1.2512173193292622e-04,-9.1893854046106338e-01,-1.3730166019324745e+01,4.3448493721286179e-07
-1.2183106860885257e-04,-9.1893854005474407e-01,-1.3740166019324914e+01,4.3016174002882172e-07
1.2159127184752867e-04,-9.1893854002555819e-01,-1.3750166019324926e+01,4.2588155921321290e-07
-1.2056378082758100e-04,-9.1893853990115204e-01,-1.3760166019324920e+01,4.2164396694833501e-07
1.1579900428377923e-04,-9.1893853933804415e-01,-1.3770166019324913e+01,4.1744853961361075e-07
1.1570072817627520e-04,-9.1893853932666869e-01,-1.3780166019324914e+01,4.1329485724798849e-07
1.1523968928695276e-04,-9.1893853927343250e-01,-1.3790166019324918e+01,4.0918250472953962e-07
1.1452218709072223e-04,-9.1893853919100510e-01,-1.3800166019324918e+01,4.0511107081394082e-07
1.1447205766752344e-04,-9.1893853918526547e-01,-1.3810166019324740e+01,4.0108014831166286e-07
1.1411113025509980e-04,-9.1893853914401447e-01,-1.3820166019324924e+01,3.9708933417236108e-07
-1.1241700032599812e-04,-9.1893853895213040e-01,-1.3830166019324921e+01,3.9313822935635229e-07
1.1114620778030702e-04,-9.1893853881007925e-01,-1.3840166019324919e+01,3.8922643866998924e-07
1.1109052277781268e-04,-9.1893853880389165e-01,-1.3850166019324917e+01,3.8535357089838927e-07
1.0881546002686898e-04,-9.1893853855374164e-01,-1.3860166019324911e+01,3.8151923889803770e-07
1.0857764184187877e-04,-9.1893853852789165e-01,-1.3870166019324918e+01,3.7772305905287275e-07
1.0853134968803979e-04,-9.1893853852286644e-01,-1.3880166019324918e+01,3.7396465182040322e-07
1.0788583064112651e-04,-9.1893853845301565e-01,-1.3890166019324917e+01,3.7024364138871727e-07
1.0613828202608386e-04,-9.1893853826600691e-01,-1.3900166019324743e+01,3.6655965567220020e-07
1.0527358921148141e-04,-9.1893853817460380e-01,-1.3910166019324919e+01,3.6291232619052141e-07
-1.0381722334150811e-04,-9.1893853802234737e-01,-1.3920166019324922e+01,3.5930128826515446e-07
1.0342305703154643e-04,-9.1893853798150382e-01,-1.3930166019324913e+01,3.5572618072731049e-07
-1.0303092387981005e-04,-9.1893853794102509e-01,-1.3940166019324923e+01,3.5218664610355236e-07
-1.0145735850772503e-04,-9.1893853778013723e-01,-1.3950166019324920e+01,3.4868233047959927e-07
-1.0131291869045541e-04,-9.1893853776549317e-01,-1.3960166019324918e+01,3.4521288332765583e-07
1.0084823758896386e-04,-9.1893853771852296e-01,-1.3970166019324919e+01,3.4177795776266951e-07
9.6691544986153766e-05,-9.1893853730796693e-01,-1.3980166019324733e+01,3.3837721040104684e-07
9.6415854260277809e-05,-9.1893853728134789e-01,-1.3990166019324926e+01,3.3501030091091703e-07
9.6199773557276603e-05,-9.1893853726053765e-01,-1.4000166019324912e+01,3.3167689272801912e-07
-9.6086149619267199e-05,-9.1893853724961350e-01,-1.4010166019324926e+01,3.2837665250739821e-07
-9.5265885688796274e-05,-9.1893853717113394e-01,-1.4020166019324920e+01,3.2510925024757466e-07
8.9276022636444982e-05,-9.1893853661844360e-01,-1.4030166019324911e+01,3.2187435933582775e-07
-8.8585260911154979e-05,-9.1893853655701374e-01,-1.4040166019324918e+01,3.1867165596812949e-07
8.8213914558282286e-05,-9.1893853652418678e-01,-1.4050166019324914e+01,3.1550082002217680e-07
-8.7904553890656625e-05,-9.1893853649694479e-01,-1.4060166019324750e+01,3.1236153441924291e-07
8.7819690243543820e-05,-9.1893853648948842e-01,-1.4070166019324919e+01,3.0925348522366046e-07
8.7366446284385739e-05,-9.1893853644978740e-01,-1.4080166019324917e+01,3.0617636164419215e-07
8.7063444842201476e-05,-9.1893853642336121e-01,-1.4090166019324920e+01,3.0312985595176682e-07
8.7001253750620548e-05,-9.1893853641794854e-01,-1.4100166019324924e+01,3.0011366349107937e-07
8.6531372838882288e-05,-9.1893853637717871e-01,-1.4110166019324916e+01,2.9712748265731322e-07
-8.5407397154152410e-05,-9.1893853628055122e-01,-1.4120166019324907e+01,2.9417101483560924e-07
-8.4174070507006982e-05,-9.1893853617597654e-01,-1.4130166019324923e+01,2.9124396436227095e-07
8.3743974720678195e-05,-9.1893853613986609e-01,-1.4140166019324921e+01,2.8834603850772821e-07
-8.2834079562378699e-05,-9.1893853606408182e-01,-1.4150166019324743e+01,2.8547694750849254e-07
7.7958408630556111e-05,-9.1893853567209616e-01,-1.4160166019324903e+01,2.8263640453074770e-07
7.3608713984874604e-05,-9.1893853534246084e-01,-inf,0.0000000000000000e+00
1.6209577380980368e-05,-9.1893853276471471e-01,-inf,0.0000000000000000e+00
-6.0070520680611270e-05,-9.1893853443757323e-01,-inf,0.0000000000000000e+00
-7.6125730519688842e-05,-9.1893853553090288e-01,-inf,0.0000000000000000e+00
3.7818424013434752e-06,-9.1893853264049064e-01,-inf,0.0000000000000000e+00
-5.9087061744497521e-05,-9.1893853437897988e-01,-inf,0.0000000000000000e+00
-6.0444194039744070e-05,-9.1893853446008977e-01,-inf,0.0000000000000000e+00
-5.9528818375925217e-05,-9.1893853440517959e-01,-inf,0.0000000000000000e+00
-2.8133458871623970e-05,-9.1893853302908524e-01,-inf,0.0000000000000000e+00
-7.5542853916261976e-05,-9.1893853548670090e-01,-inf,0.0000000000000000e+00
3.2037373841142672e-05,-9.1893853314653617e-01,-inf,0.0000000000000000e+00
-2.4633898901302900e-05,-9.1893853293675398e-01,-inf,0.0000000000000000e+00
1.0294498094258649e-05,-9.1893853268632786e-01,-inf,0.0000000000000000e+00
-7.7277206307018316e-05,-9.1893853561922278e-01,-inf,0.0000000000000000e+00
2.9824900975952093e-05,-9.1893853307810180e-01,-inf,0.0000000000000000e+00
3.1803346601944831e-05,-9.1893853313906593e-01,-inf,0.0000000000000000e+00
6.9504068471993528e-05,-9.1893853504874723e-01,-inf,0.0000000000000000e+00
3.6171283032269459e-05,-9.1893853328752029e-01,-inf,0.0000000000000000e+00
7.2095794390646600e-05,-9.1893853523224123e-01,-inf,0.0000000000000000e+00
7.6889970704236137e-05,-9.1893853558937322e-01,-inf,0.0000000000000000e+00
-2.3518597041029717e-05,-9.1893853290990168e-01,-inf,0.0000000000000000e+00
-6.8557647939055478e-06,-9.1893853265684022e-01,-inf,0.0000000000000000e+00
4.3290428494529525e-05,-9.1893853357037003e-01,-inf,0.0000000000000000e+00
-1.6587517581377899e-05,-9.1893853277091231e-01,-inf,0.0000000000000000e+00
2.4727621640099499e-05,-9.1893853293906713e-01,-inf,0.0000000000000000e+00
5.7806491179816772e-05,-9.1893853430413464e-01,-inf,0.0000000000000000e+00
-1.3840723959813311e-05,-9.1893853272912229e-01,-inf,0.0000000000000000e+00
6.7064902087376349e-05,-9.1893853488219002e-01,-inf,0.0000000000000000e+00
-1.1876446863341733e-05,-9.1893853270386450e-01,-inf,0.0000000000000000e+00
6.5687890381119701e-05,-9.1893853479078891e-01,-inf,0.0000000000000000e+00
-2.4854802164518528e-05,-9.1893853294222005e-01,-inf,0.0000000000000000e+00
1.5850922102450256e-05,-9.1893853275896531e-01,-inf,0.0000000000000000e+00
-1.5118833995882859e-05,-9.1893853274762904e-01,-inf,0.0000000000000000e+00
-5.3508678288798619e-05,-9.1893853406492876e-01,-inf,0.0000000000000000e+00
-7.4860051734036405e-05,-9.1893853543535309e-01,-inf,0.0000000000000000e+00
4.3017096695206738e-05,-9.1893853355857480e-01,-inf,0.0000000000000000e+00
-6.6888836062248432e-05,-9.1893853487039767e-01,-inf,0.0000000000000000e+00
6.2051637483388213e-05,-9.1893853455854235e-01,-inf,0.0000000000000000e+00
4.5083239265936438e-05,-9.1893853364958866e-01,-inf,0.0000000000000000e+00
-7.6305916726998751e-05,-9.1893853554463589e-01,-inf,0.0000000000000000e+00
-2.9265076635092652e-06,-9.1893853263762171e-01,-inf,0.0000000000000000e+00
-2.5903723046807519e-05,-9.1893853296884087e-01,-inf,0.0000000000000000e+00
6.2933132778346005e-05,-9.1893853461362907e-01,-inf,0.0000000000000000e+00
1.5217201983823642e-06,-9.1893853263449732e-01,-inf,0.0000000000000000e+00
6.7145988014744002e-05,-9.1893853488763133e-01,-inf,0.0000000000000000e+00
2.3931101227085970e-05,-9.1893853291968830e-01,-inf,0.0000000000000000e+00
2.5040952740520108e-05,-9.1893853294686412e-01,-inf,0.0000000000000000e+00
-5.6661562193931713e-05,-9.1893853423860583e-01,-inf,0.0000000000000000e+00
3.1698422110339189e-05,-9.1893853313573448e-01,-inf,0.0000000000000000e+00
-7.2187070158479007e-05,-9.1893853523882607e-01,-inf,0.0000000000000000e+00
-7.5309620438529336e-05,-9.1893853546910897e-01,-inf,0.0000000000000000e+00
-4.7356742427931997e-05,-9.1893853375466994e-01,-inf,0.0000000000000000e+00
5.0970721667999395e-05,-9.1893853393234670e-01,-inf,0.0000000000000000e+00
-7.5161115945477876e-05,-9.1893853545793613e-01,-inf,0.0000000000000000e+00
-4.9770558965314660e-05,-9.1893853387189373e-01,-inf,0.0000000000000000e+00
-1.4288596848864219e-05,-9.1893853273542148e-01,-inf,0.0000000000000000e+00
2.1666556372758675e-05,-9.1893853286805927e-01,-inf,0.0000000000000000e+00
7.6386152122054520e-05,-9.1893853555076155e-01,-inf,0.0000000000000000e+00
2.1182522002886373e-05,-9.1893853285768912e-01,-inf,0.0000000000000000e+00
-6.6265749846081674e-05,-9.1893853482891430e-01,-inf,0.0000000000000000e+00
7.1755618325227560e-05,-9.1893853520777380e-01,-inf,0.0000000000000000e+00
1.5290726036995591e-05,-9.1893853275024262e-01,-inf,0.0000000000000000e+00
-2.5477784654747603e-05,-9.1893853295789818e-01,-inf,0.0000000000000000e+00
-6.2166058216754497e-05,-9.1893853456564889e-01,-inf,0.0000000000000000e+00
2.9070387044010256e-05,-9.1893853305588313e-01,-inf,0.0000000000000000e+00
-2.4591207283401078e-05,-9.1893853293570316e-01,-inf,0.0000000000000000e+00
-4.4399862538835216e-05,-9.1893853361901334e-01,-inf,0.0000000000000000e+00
3.3573440285295322e-05,-9.1893853319692742e-01,-inf,0.0000000000000000e+00
3.9750781593156804e-05,-9.1893853342340182e-01,-inf,0.0000000000000000e+00
-2.0424204604244930e-05,-9.1893853284191351e-01,-inf,0.0000000000000000e+00
-1.1104297163187104e-05,-9.1893853269499215e-01,-inf,0.0000000000000000e+00
6.1216005849444658e-05,-9.1893853450703911e-01,-inf,0.0000000000000000e+00
-1.9810019185150764e-05,-9.1893853282955784e-01,-inf,0.0000000000000000e+00
-4.5664678120855857e-05,-9.1893853367597089e-01,-inf,0.0000000000000000e+00
3.7040165410666539e-05,-9.1893853331932640e-01,-inf,0.0000000000000000e+00
-3.8451158125642763e-05,-9.1893853337258524e-01,-inf,0.0000000000000000e+00
2.0071345363879955e-05,-9.1893853283476890e-01,-inf,0.0000000000000000e+00
3.1764759273774017e-05,-9.1893853313783946e-01,-inf,0.0000000000000000e+00
3.6335590101077347e-05,-9.1893853329347697e-01,-inf,0.0000000000000000e+00
-7.7124520523149190e-05,-9.1893853560743533e-01,-inf,0.0000000000000000e+00
7.2564759870187136e-06,-9.1893853265966774e-01,-inf,0.0000000000000000e+00
-4.2198658735730411e-05,-9.1893853352370292e-01,-inf,0.0000000000000000e+00
-7.5587593322660608e-05,-9.1893853549008164e-01,-inf,0.0000000000000000e+00
-7.2348940924238012e-06,-9.1893853265951131e-01,-inf,0.0000000000000000e+00
3.7075387049536810e-05,-9.1893853332063158e-01,-inf,0.0000000000000000e+00
7.5935798414863964e-05,-9.1893853551646221e-01,-inf,0.0000000000000000e+00
-6.7341130922987300e-05,-9.1893853490075339e-01,-inf,0.0000000000000000e+00
7.1763594312452845e-05,-9.1893853520834623e-01,-inf,0.0000000000000000e+00
-3.8532096575356859e-05,-9.1893853337570075e-01,-inf,0.0000000000000000e+00
-1.4510735006989606e-05,-9.1893853273862014e-01,-inf,0.0000000000000000e+00
-3.4341939746034721e-05,-9.1893853322302388e-01,-inf,0.0000000000000000e+00
-6.7612160862732791e-05,-9.1893853491904165e-01,-inf,0.0000000000000000e+00
6.4231524325999612e-05,-9.1893853469618381e-01,-inf,0.0000000000000000e+00
-5.9658049406481256e-05,-9.1893853441288087e-01,-inf,0.0000000000000000e+00
7.2129634438226483e-05,-9.1893853523468150e-01,-inf,0.0000000000000000e+00
-2.5292966144127417e-05,-9.1893853295320649e-01,-inf,0.0000000000000000e+00
-5.9862996770210645e-05,-9.1893853442512863e-01,-inf,0.0000000000000000e+00
-5.0002525391585679e-05,-9.1893853388346569e-01,-inf,0.0000000000000000e+00
-1.9162660033380982e-05,-9.1893853281694327e-01,-inf,0.0000000000000000e+00
5.7820866617302834e-05,-9.1893853430496575e-01,-inf,0.0000000000000000e+00
