cmpt_0,logl,logv,weight
2.0463917089749559e+00,-3.0127980459140598e+00,-4.6101660193249021e+00,4.8908998586805728e-04
-1.9618707314008048e+00,-2.8434069159969040e+00,-4.6201660193248868e+00,5.7360305922177484e-04
-1.7907065073633901e+00,-2.5222534303901352e+00,-4.6301660193248999e+00,7.8296743747546099e-04
-1.7068763744800286e+00,-2.3756520115123827e+00,-4.6401660193248961e+00,8.9757127040083226e-04
1.6849176410632578e+00,-2.3384122612164262e+00,-4.6501660193249013e+00,9.2235693273641907e-04
1.6731448769030317e+00,-2.3186454221867701e+00,-4.6601660193248975e+00,9.3140958034056381e-04
-1.6532310356729851e+00,-2.2855249612895250e+00,-4.6701660193249008e+00,9.5319507399452752e-04
-1.6497014032986863e+00,-2.2796958926561670e+00,-4.6801660193248891e+00,9.4922764245588360e-04
1.6341031322849295e+00,-2.2540850561050485e+00,-4.6901660193248995e+00,9.6416214679370844e-04
-1.6047472006497376e+00,-2.2065453216299242e+00,-4.7001660193248913e+00,1.0010444831202881e-03
-1.5740470707385399e+00,-2.1577506230836283e+00,-4.7101660193249000e+00,1.0406428389493072e-03
-1.5152808506365540e+00,-2.0669765607862587e+00,-4.7201660193248962e+00,1.1281878793017092e-03
1.5010881014871349e+00,-2.0455712768464647e+00,-4.7301660193248987e+00,1.1411288397867206e-03
-1.4952843549826116e+00,-2.0368761837612217e+00,-4.7401660193249038e+00,1.1396407439974495e-03
1.4687936176985026e+00,-1.9976158783292670e+00,-4.7501660193248929e+00,1.1734796341065644e-03
-1.4401245468642256e+00,-1.9559178878737851e+00,-4.7601660193248980e+00,1.2112723932647923e-03
-1.4083762691837862e+00,-1.9107003904333597e+00,-4.7701660193248987e+00,1.2546904254714733e-03
-1.3671273092561975e+00,-1.8534570724903849e+00,-4.7801660193248923e+00,1.3153886682484191e-03
1.3642719261568104e+00,-1.8495574768831462e+00,-4.7901660193248956e+00,1.3073886917940630e-03
1.3602725812241734e+00,-1.8441092802484773e+00,-4.8001660193248954e+00,1.3014512388575493e-03
1.3355706286763442e+00,-1.8108129847248020e+00,-4.8101660193248987e+00,1.3321261501218571e-03
-1.3269728528554223e+00,-1.7993670087409686e+00,-4.8201660193249003e+00,1.3340537658495307e-03
-1.3243988051110935e+00,-1.7959546301231857e+00,-4.8301660193249010e+00,1.3252944080801457e-03
-1.2925268570478468e+00,-1.7542513707283320e+00,-4.8401660193248999e+00,1.3679836794860051e-03
-1.2599503111894013e+00,-1.7126759259664741e+00,-4.8501660193248908e+00,1.4118675530152643e-03
1.2575450600177713e+00,-1.7096483216208895e+00,-4.8601660193248915e+00,1.4020576926793908e-03
-1.2382805319429382e+00,-1.6856078705277824e+00,-4.8701660193248957e+00,1.4218820610093692e-03
-1.2361005711319035e+00,-1.6829108436096485e+00,-4.8801660193249008e+00,1.4115359193720433e-03
1.2277577024667439e+00,-1.6726330206165483e+00,-4.8901660193249050e+00,1.4119281309862061e-03
1.2259391977655294e+00,-1.6704019909423344e+00,-4.9001660193248906e+00,1.4010014029061213e-03
1.2210462690933950e+00,-1.6644155282667892e+00,-4.9101660193248922e+00,1.3953897004056600e-03
-1.2173845584904570e+00,-1.6599511142588419e+00,-4.9201660193249026e+00,1.3876867405947938e-03
-1.2102707980132967e+00,-1.6513162348952104e+00,-4.9301660193248953e+00,1.3857936732150622e-03
1.2078481095348437e+00,-1.6483870604867872e+00,-4.9401660193248880e+00,1.3760295288080492e-03
1.2039518262099431e+00,-1.6436885325504680e+00,-4.9501660193249064e+00,1.3687538496477605e-03
-1.2013949007313720e+00,-1.6406133863850112e+00,-4.9601660193248920e+00,1.3593081720181350e-03
1.1974266469145207e+00,-1.6358538200038155e+00,-4.9701660193249033e+00,1.3522034399727500e-03
1.1819166523140126e+00,-1.6174020191419207e+00,-4.9801660193248907e+00,1.3636804264548160e-03
1.1619954037032985e+00,-1.5940551917471353e+00,-4.9901660193248940e+00,1.3820032374281096e-03
-1.1418971255017596e+00,-1.5709030552479302e+00,-5.0001660193249080e+00,1.4002995869531562e-03
-1.1342480679243176e+00,-1.5621978724283632e+00,-5.0101660193248980e+00,1.3984876283209676e-03
1.1315113855920300e+00,-1.5590975404955372e+00,-5.0201660193248872e+00,1.3888717392582098e-03
1.1296590005031606e+00,-1.5570032613422393e+00,-5.0301660193248994e+00,1.3779349953803115e-03
1.1292591807169430e+00,-1.5565516812500901e+00,-5.0401660193249072e+00,1.3648405087548219e-03
1.1102582878973868e+00,-1.5352752655557578e+00,-5.0501660193248954e+00,1.3803181196677479e-03
1.1077208198830226e+00,-1.5324612400344972e+00,-5.0601660193248881e+00,1.3704347422661422e-03
-1.0995567093489109e+00,-1.5234510111704420e+00,-5.0701660193248976e+00,1.3690789965641998e-03
1.0912534997831085e+00,-1.5143556330277810e+00,-5.0801660193248974e+00,1.3678410577971385e-03
-1.0568141649500624e+00,-1.4773666222528883e+00,-5.0901660193249070e+00,1.4052604192707867e-03
1.0442722680870600e+00,-1.4641908175811857e+00,-5.1001660193248899e+00,1.4097303459253919e-03
1.0250600585498661e+00,-1.4443125944504671e+00,-5.1101660193248888e+00,1.4237249841172136e-03
1.0237184094067071e+00,-1.4429382235124386e+00,-5.1201660193249117e+00,1.4114972721848515e-03
-1.0235551303250421e+00,-1.4427710850406963e+00,-5.1301660193248875e+00,1.3976862272827703e-03
-1.0217564256520564e+00,-1.4409316293139725e+00,-5.1401660193248944e+00,1.3863267597036743e-03
-1.0214776788161988e+00,-1.4406468567932040e+00,-5.1501660193248933e+00,1.3729234931870267e-03
-1.0129928179798018e+00,-1.4320157572726693e+00,-5.1601660193249019e+00,1.3710453833249475e-03
-1.0122757610089412e+00,-1.4312896407964550e+00,-5.1701660193248982e+00,1.3583892446196620e-03
1.0121558940842434e+00,-1.4311683095980765e+00,-5.1801660193248997e+00,1.3450362307601790e-03
1.0068184893158303e+00,-1.4257802678474447e+00,-5.1901660193249066e+00,1.3388472624218327e-03
9.8550547879569506e-01,-1.4045490570015056e+00,-5.2001660193248975e+00,1.3539688964935442e-03
9.8431118284919950e-01,-1.4033727849743345e+00,-5.2101660193248884e+00,1.3420743973531868e-03
9.5901099618103469e-01,-1.3787895780314097e+00,-5.2201660193248891e+00,1.3617895517100767e-03
-9.5168799341885646e-01,-1.3717935510421442e+00,-5.2301660193248987e+00,1.3577049107975554e-03
-9.4464932289445336e-01,-1.3651197042558141e+00,-5.2401660193248967e+00,1.3531964782704732e-03
9.4415980188866544e-01,-1.3646573983845616e+00,-5.2501660193248982e+00,1.3403514574775841e-03
9.4137404636256239e-01,-1.3620310802158513e+00,-5.2601660193248856e+00,1.3305044811392549e-03
-9.1925798101629608e-01,-1.3414561504644180e+00,-5.2701660193249014e+00,1.3446491300806245e-03
9.1507378965569108e-01,-1.3376185528907534e+00,-5.2801660193248923e+00,1.3363883403163820e-03
-9.0619169980446101e-01,-1.3295302310305885e+00,-5.2901660193249151e+00,1.3338360363090126e-03
-9.0063348140382882e-01,-1.3245088665461300e+00,-5.3001660193248936e+00,1.3272118562185806e-03
-8.8512594883430862e-01,-1.3106625052832570e+00,-5.3101660193248952e+00,1.3323266228041310e-03
8.7922329890446504e-01,-1.3054553373015647e+00,-5.3201660193249030e+00,1.3259562832856511e-03
-8.6584991094369579e-01,-1.2937865667739423e+00,-5.3301660193248930e+00,1.3281708473378126e-03
8.6013462297446697e-01,-1.2888543174530538e+00,-5.3401660193248937e+00,1.3214570349565921e-03
-8.4284735057169580e-01,-1.2741343608162030e+00,-5.3501660193248943e+00,1.3277089977489259e-03
-8.4252549769517604e-01,-1.2738631397665916e+00,-5.3601660193249012e+00,1.3148546403876958e-03
-8.2638495024592773e-01,-1.2603945756298218e+00,-5.3701660193248957e+00,1.3194232166579673e-03
8.1352694689784599e-01,-1.2498515792978049e+00,-5.3801660193248910e+00,1.3201398531728881e-03
8.0727259710789456e-01,-1.2447830556540020e+00,-5.3901660193249050e+00,1.3136456408885454e-03
8.0328910574702261e-01,-1.2415752263392652e+00,-5.4001660193248888e+00,1.3047533685773647e-03
-7.8990796753408732e-01,-1.2309158312202557e+00,-5.4101660193248966e+00,1.3056140002970988e-03
7.6576337116883830e-01,-1.2121353029452715e+00,-5.4201660193249124e+00,1.3171284584776453e-03
-7.5370096268404718e-01,-1.2029711032087693e+00,-5.4301660193248917e+00,1.3160280620848719e-03
-7.5010984280487203e-01,-1.2002709207697144e+00,-5.4401660193249004e+00,1.3064562759772603e-03
-7.4658815735435513e-01,-1.1976354709842252e+00,-5.4501660193248966e+00,1.2968701551902280e-03
-7.3869082499868788e-01,-1.1917706001019606e+00,-5.4601660193248893e+00,1.2915185021635050e-03
-7.3268698262267173e-01,-1.1873536398856972e+00,-5.4701660193248998e+00,1.2843279941082847e-03
7.0929697397509972e-01,-1.1704896312784561e+00,-5.4801660193248960e+00,1.2931739571665042e-03
7.0608558199642291e-01,-1.1682169571849530e+00,-5.4901660193248976e+00,1.2832196900109420e-03
-7.0450698477937368e-01,-1.1671035784348018e+00,-5.5001660193248920e+00,1.2718667221221370e-03
6.9666606324952263e-01,-1.1616103344751334e+00,-5.5101660193248962e+00,1.2661476260550553e-03
6.9393790109806053e-01,-1.1597134379235303e+00,-5.5201660193248889e+00,1.2559293566184982e-03
6.7216855826525124e-01,-1.1448438179935327e+00,-5.5301660193248949e+00,1.2620601704957761e-03
-6.6635154107746419e-01,-1.1409507207814953e+00,-5.5401660193249169e+00,1.2543763776899253e-03
6.6469264596362743e-01,-1.1398466894324035e+00,-5.5501660193248945e+00,1.2432669724826294e-03
-6.6332305985961748e-01,-1.1389372735041023e+00,-5.5601660193249005e+00,1.2320161652295573e-03
-6.6054036911605807e-01,-1.1370953222493285e+00,-5.5701660193248888e+00,1.2220062036924543e-03
6.5622092277749111e-01,-1.1342514823788103e+00,-5.5801660193249027e+00,1.2132925469669677e-03
6.5539627044391369e-01,-1.1337106682892353e+00,-5.5901660193248945e+00,1.2018698968581174e-03
-6.5192905693183389e-01,-1.1314442802693545e+00,-5.6001660193248943e+00,1.1926109501230544e-03
6.4444856776067161e-01,-1.1265955108777299e+00,-5.6101660193248959e+00,1.1864833320296138e-03
6.2505722472852043e-01,-1.1142867997259995e+00,-5.6201660193248966e+00,1.1892257438298446e-03
6.2468618276652821e-01,-1.1140549461030476e+00,-5.6301660193248981e+00,1.1776657643921521e-03
6.1937478532614010e-01,-1.1107510949822406e+00,-5.6401660193248970e+00,1.1698062826011484e-03
6.0610958313798413e-01,-1.1026229460191899e+00,-5.6501660193248862e+00,1.1676186276189317e-03
-6.0312937416518220e-01,-1.1008210536237817e+00,-5.6601660193248939e+00,1.1580854946859822e-03
6.0237088125376448e-01,-1.1003638719245579e+00,-5.6701660193248991e+00,1.1470866586479780e-03
-6.0167223138982651e-01,-1.0999432696461460e+00,-5.6801660193248944e+00,1.1361507227909413e-03
5.9973005123546885e-01,-1.0987765998107886e+00,-5.6901660193249093e+00,1.1261589237393872e-03
5.9849126802865626e-01,-1.0980344315866140e+00,-5.7001660193248957e+00,1.1157812453910210e-03
-5.9326617911467705e-01,-1.0949209122740036e+00,-5.7101660193248964e+00,1.1081238359561903e-03
-5.9306673099850327e-01,-1.0948026063419649e+00,-5.7201660193248935e+00,1.0972276204199555e-03
-5.9081637991530334e-01,-1.0934705300214516e+00,-5.7301660193249049e+00,1.0877580352575593e-03
5.8990655834324246e-01,-1.0929334064215241e+00,-5.7401660193248940e+00,1.0775132643651927e-03
-5.8576489547227817e-01,-1.0904987890171640e+00,-5.7501660193249133e+00,1.0693922223971137e-03
5.7447498092301486e-01,-1.0839492844865886e+00,-5.7601660193248856e+00,1.0657086481116098e-03
5.7424659425079139e-01,-1.0838181081376559e+00,-5.7701660193248978e+00,1.0552430837443881e-03
-5.6400233325006754e-01,-1.0779878485890997e+00,-5.7801660193248940e+00,1.0508521548509018e-03
5.5351315957826186e-01,-1.0721269415464947e+00,-5.7901660193249018e+00,1.0465115693378908e-03
-5.4929849039079370e-01,-1.0698029484061420e+00,-5.8001660193249007e+00,1.0385092914149358e-03
5.4616791602993542e-01,-1.0680882288835807e+00,-5.8101660193248863e+00,1.0299404971068904e-03
5.3921801422846516e-01,-1.0643165660675842e+00,-5.8201660193248959e+00,1.0235456158224892e-03
5.3625793512454567e-01,-1.0627248191253602e+00,-5.8301660193249027e+00,1.0149754657552165e-03
5.2343439980900486e-01,-1.0559303180850461e+00,-5.8401660193248812e+00,1.0117271719382905e-03
5.2052329842080169e-01,-1.0544107847327751e+00,-5.8501660193249023e+00,1.0031835316320020e-03
-5.1158233766575378e-01,-1.0497967767391181e+00,-5.8601660193249074e+00,9.9779491769201372e-04
-5.0912707987480843e-01,-1.0485437243642641e+00,-5.8701660193248939e+00,9.8910531695034216e-04
-5.0905626062516673e-01,-1.0485076708741783e+00,-5.8801660193248937e+00,9.7929886111241963e-04
5.0350481019486160e-01,-1.0456970795780212e+00,-5.8901660193248944e+00,9.7228352961644250e-04
-4.8344346216248923e-01,-1.0357973231871664e+00,-5.9001660193248942e+00,9.7218606929129047e-04
4.7470988040903539e-01,-1.0316132679123198e+00,-5.9101660193248859e+00,9.6654829922084289e-04
-4.6909849207723653e-01,-1.0289652302679080e+00,-5.9201660193248999e+00,9.5946833023296716e-04
4.6820267493543605e-01,-1.0285454050416882e+00,-5.9301660193249086e+00,9.5032034555199332e-04
4.6381743505004813e-01,-1.0265018391615424e+00,-5.9401660193248942e+00,9.4278918465250875e-04
4.6189375225485380e-01,-1.0256114518193735e+00,-5.9501660193249002e+00,9.3423974054736227e-04
-4.6133541981007370e-01,-1.0253537174190079e+00,-5.9601660193248973e+00,9.2518232039544778e-04
4.5862041869116532e-01,-1.0241048768535694e+00,-5.9701660193248847e+00,9.1712122581063334e-04
4.5144072463454760e-01,-1.0208378965626221e+00,-5.9801660193249111e+00,9.1096697212680790e-04
-4.5017776257815889e-01,-1.0202685415932780e+00,-5.9901660193249064e+00,9.0241634829927577e-04
4.4890929194890383e-01,-1.0196983088323726e+00,-6.0001660193248911e+00,8.9394676802722044e-04
4.4631376085286556e-01,-1.0185365191966540e+00,-6.0101660193249042e+00,8.8608069066429152e-04
-4.4511317002019984e-01,-1.0180013996960551e+00,-6.0201660193248863e+00,8.7773360720173042e-04
-4.4442489441204991e-01,-1.0176952760199203e+00,-6.0301660193249038e+00,8.6926607408620651e-04
-4.3981742691193582e-01,-1.0156582171410575e+00,-6.0401660193248912e+00,8.6237164591283929e-04
4.3962568765641308e-01,-1.0155739052570265e+00,-6.0501660193248936e+00,8.5386289242041051e-04
-4.3541862827338718e-01,-1.0137332235570786e+00,-6.0601660193249005e+00,8.4692429888753038e-04
4.3351547563751358e-01,-1.0129063664419493e+00,-6.0701660193248959e+00,8.3919086545450859e-04
4.3002702618906896e-01,-1.0114001542598465e+00,-6.0801660193248939e+00,8.3209314225376671e-04
4.2770329792035566e-01,-1.0104035881593136e+00,-6.0901660193248954e+00,8.2463507115469769e-04
-4.2280733930384817e-01,-1.0083215557179392e+00,-6.1001660193248943e+00,8.1813141924441787e-04
-4.2245909928239944e-01,-1.0081743779165875e+00,-6.1101660193249021e+00,8.1011009705724750e-04
-4.2104462378621216e-01,-1.0075778202429759e+00,-6.1201660193248895e+00,8.0252797835997803e-04
4.1163473488544389e-01,-1.0036601101154443e+00,-6.1301660193249070e+00,7.9766158497478613e-04
-4.1108311246848755e-01,-1.0034331953117290e+00,-6.1401660193248890e+00,7.8990394015526473e-04
-3.9760477201353195e-01,-9.9798330999730578e-01,-6.1501660193248942e+00,7.8631795115446056e-04
3.9286586434007387e-01,-9.9611032631517615e-01,-6.1601660193248957e+00,7.7995342964995050e-04
3.9272542138101124e-01,-9.9605516093278590e-01,-6.1701660193249035e+00,7.7223536284108793e-04
3.8263692257536602e-01,-9.9214403989231281e-01,-6.1801660193248864e+00,7.6754760127787530e-04
3.8057832982308021e-01,-9.9135846519880211e-01,-6.1901660193249004e+00,7.6050757594193564e-04
-3.7655311964136107e-01,-9.8983465858916009e-01,-6.2001660193248940e+00,7.5408860928609411e-04
-3.6792283824012406e-01,-9.8662214008267368e-01,-6.2101660193249044e+00,7.4898757796757745e-04
-3.6270634759538933e-01,-9.8471647992633315e-01,-6.2201660193248891e+00,7.4294948811557261e-04
-3.6067349658051884e-01,-9.8398121820114826e-01,-6.2301660193249182e+00,7.3609804298766944e-04
3.5554944238025338e-01,-9.8214623562179404e-01,-6.2401660193248949e+00,7.3011225990967700e-04
-3.4926225425047813e-01,-9.7993059375540226e-01,-6.2501660193249009e+00,7.2445086833877943e-04
-3.4029252607379967e-01,-9.7683803428418325e-01,-6.2601660193249007e+00,7.1946401009112938e-04
-3.3996692743568996e-01,-9.7672728850837132e-01,-6.2701660193248960e+00,7.1238411274207613e-04
3.3064738783594072e-01,-9.7360238017470502e-01,-6.2801660193248861e+00,7.0750320423746402e-04
3.2982862295239945e-01,-9.7333199289267747e-01,-6.2901660193248929e+00,7.0065285174272221e-04
-3.2640951715391098e-01,-9.7221011907766408e-01,-6.3001660193249061e+00,6.9445989889937662e-04
-3.1751995988583886e-01,-9.6934799509629177e-01,-6.3101660193248987e+00,6.8952057933766410e-04
-3.0534128820058337e-01,-9.6555518377333538e-01,-6.3201660193248861e+00,6.8525385089870407e-04
3.0500220831022029e-01,-9.6545170617039500e-01,-6.3301660193249081e+00,6.7850566766583260e-04
-3.0438269255788120e-01,-9.6526294439773230e-01,-6.3401660193248830e+00,6.7188123699460703e-04
2.9976898869591839e-01,-9.6386925592522632e-01,-6.3501660193249094e+00,6.6612362918090228e-04
2.9754325751049460e-01,-9.6320452767831777e-01,-6.3601660193248941e+00,6.5993411940907859e-04
-2.9460111097071878e-01,-9.6233343992593035e-01,-6.3701660193248877e+00,6.5393705373501616e-04
-2.9423207883595376e-01,-9.6222479074140288e-01,-6.3801660193248928e+00,6.4750061792526973e-04
2.9133661680547518e-01,-9.6137704477916963e-01,-6.3901660193248988e+00,6.4160156377865505e-04
-2.9006122608053275e-01,-9.6100629007101046e-01,-6.4001660193248995e+00,6.3545307510267973e-04
2.8697996081096855e-01,-9.6011728158687204e-01,-6.4101660193248904e+00,6.2968976214218173e-04
-2.8631324526536567e-01,-9.5992616984053214e-01,-6.4201660193248964e+00,6.2354339940406500e-04
-2.8628907144568777e-01,-9.5991924884795654e-01,-6.4301660193248935e+00,6.1734331152907761e-04
-2.8450896687718019e-01,-9.5941120875009966e-01,-6.4401660193249013e+00,6.1151123627022248e-04
-2.8444015578726262e-01,-9.5939163374548053e-01,-6.4501660193249020e+00,6.0543844914952532e-04
2.8247946441953831e-01,-9.5883585654271408e-01,-6.4601660193249000e+00,5.9974746928635899e-04
-2.8235956263344136e-01,-9.5880199393861365e-01,-6.4701660193248838e+00,5.9379998953196960e-04
2.7498856406139349e-01,-9.5674788781561304e-01,-6.4801660193249280e+00,5.8910041372277279e-04
2.7497740065993220e-01,-9.5674481807018585e-01,-6.4901660193248931e+00,5.8324055706510287e-04
2.7221340715251163e-01,-9.5598860215012904e-01,-6.5001660193248920e+00,5.7787404892304902e-04
2.7102423352834443e-01,-9.5566560021315272e-01,-6.5101660193248971e+00,5.7230893310680959e-04
-2.7079442859883435e-01,-9.5560334391342405e-01,-6.5201660193249014e+00,5.6664964048731674e-04
2.6379521193744471e-01,-9.5373248955390011e-01,-6.5301660193248852e+00,5.6206193535834090e-04
2.6295062593957397e-01,-9.5351004847434639e-01,-6.5401660193249009e+00,5.5659312106387136e-04
-2.6143857770767093e-01,-9.5311359759024439e-01,-6.5501660193249043e+00,5.5127343649948816e-04
2.6005686071787182e-01,-9.5275331803655672e-01,-6.5601660193248890e+00,5.4598484590272927e-04
-2.5673341330258137e-01,-9.5189455538633649e-01,-6.5701660193248967e+00,5.4101661133896812e-04
2.5575748956335853e-01,-9.5164447936721519e-01,-6.5801660193249019e+00,5.3576737193171083e-04
-2.4925712188376606e-01,-9.5000308903822872e-01,-6.5901660193248821e+00,5.3130776561419982e-04
-2.4871588509810227e-01,-9.4986832838340562e-01,-6.6001660193249112e+00,5.2609205674921473e-04
2.4766570477127980e-01,-9.4960768329326684e-01,-6.6101660193249039e+00,5.2099312992711169e-04
2.4393187741652178e-01,-9.4868991304331396e-01,-6.6201660193248770e+00,5.1628277327211839e-04
2.4351142985376598e-01,-9.4858744086805225e-01,-6.6301660193249310e+00,5.1119805473841338e-04
-2.4260484666021956e-01,-9.4836708844485385e-01,-6.6401660193248597e+00,5.0622308430102870e-04
2.4197188992207430e-01,-9.4821373038956969e-01,-6.6501660193249164e+00,5.0126294726875187e-04
2.3374751592840423e-01,-9.4625748323468928e-01,-6.6601660193248859e+00,4.9724708496525871e-04
2.3343206713635803e-01,-9.4618379761711602e-01,-6.6701660193249168e+00,4.9233567052348103e-04
2.2572183485826447e-01,-9.4441370599923025e-01,-6.6801660193248669e+00,4.8830042070606330e-04
2.2060999766041622e-01,-9.4327291816720393e-01,-6.6901660193249173e+00,4.8399356950039096e-04
-2.1842321161862799e-01,-9.4279288232023739e-01,-6.7001660193248824e+00,4.7940783073642122e-04
2.1827898249515232e-01,-9.4276138973289902e-01,-6.7101660193249124e+00,4.7465259092142995e-04
2.1410606825106127e-01,-9.4185923686430351e-01,-6.7201660193248767e+00,4.7035385846485401e-04
-2.0871928649774163e-01,-9.4072040291140269e-01,-6.7301660193249155e+00,4.6620438655531744e-04
2.0754776092828564e-01,-9.4047656916651190e-01,-6.7401660193248771e+00,4.6167813438728752e-04
2.0496052369929749e-01,-9.3994294077088458e-01,-6.7501660193249133e+00,4.5732833848062174e-04
2.0441402503840297e-01,-9.3983107944953992e-01,-6.7601660193248811e+00,4.5282849664250854e-04
-2.0201105726692620e-01,-9.3934276626239011e-01,-6.7701660193249182e+00,4.4854175320222542e-04
1.9628788260372437e-01,-9.3820299906186622e-01,-6.7801660193248727e+00,4.4458512306479826e-04
-1.9217494118879186e-01,-9.3740413664379729e-01,-6.7901660193249160e+00,4.4051319608846737e-04
1.8599385101618435e-01,-9.3623538894125480e-01,-6.8001660193248785e+00,4.3664004049317117e-04
1.8423097054109772e-01,-9.3590905788659684e-01,-6.8101660193249165e+00,4.3243649393261575e-04
-1.8394765468591423e-01,-9.3585690246556363e-01,-6.8201660193248683e+00,4.2815600899967472e-04
1.7713322238240062e-01,-9.3462662186912593e-01,-6.8301660193249196e+00,4.2441761722254528e-04
-1.7693560483029092e-01,-9.3459163676166990e-01,-6.8401660193248786e+00,4.2020929218150078e-04
1.7664275418399678e-01,-9.3453986393619337e-01,-6.8501660193249103e+00,4.1604967937399157e-04
-1.7189211094303256e-01,-9.3371198153556534e-01,-6.8601660193249190e+00,4.1225107006390632e-04
-1.7033290481097241e-01,-9.3344518186401138e-01,-6.8701660193248753e+00,4.0825801195417153e-04
-1.6730243432752251e-01,-9.3293358489929701e-01,-6.8801660193249150e+00,4.0440261509896606e-04
-1.6042056714017941e-01,-9.3180591181412786e-01,-6.8901660193248739e+00,4.0083049284337871e-04
-1.6014630844212024e-01,-9.3176195268715878e-01,-6.9001660193249190e+00,3.9685960801962288e-04
-1.5590053508916285e-01,-9.3109102105388308e-01,-6.9101660193248833e+00,3.9317449367298881e-04
-1.5344470490244666e-01,-9.3071117136463899e-01,-6.9201660193249088e+00,3.8941023136109291e-04
1.5195215718909832e-01,-9.3048326167054973e-01,-6.9301660193248731e+00,3.8562341211875403e-04
-1.4749034200599262e-01,-9.2981523312586178e-01,-6.9401660193249235e+00,3.8204152447519131e-04
-1.4566550301726788e-01,-9.2954775201797635e-01,-6.9501660193248753e+00,3.7834133341775649e-04
1.4206278707280096e-01,-9.2902945036878548e-01,-6.9601660193249106e+00,3.7477096833172667e-04
1.4128020623981746e-01,-9.2891858097092217e-01,-6.9701660193248811e+00,3.7108307436726736e-04
-1.4081887154030515e-01,-9.2885350992428195e-01,-6.9801660193249200e+00,3.6741464336197946e-04
-1.3870588414151547e-01,-9.2855819378107918e-01,-6.9901660193248638e+00,3.6386624628893230e-04
-1.3722370062721934e-01,-9.2835370464025380e-01,-7.0001660193249240e+00,3.6031939051484860e-04
1.3389531061721524e-01,-9.2790250973597976e-01,-7.0101660193248723e+00,3.5689514562458160e-04
-1.3123559024155415e-01,-9.2754992270636405e-01,-7.0201660193249227e+00,3.5346858606170303e-04
1.3038472083204242e-01,-9.2743862034656432e-01,-7.0301660193248745e+00,3.4999046746309699e-04
-1.2854097395054548e-01,-9.2719992362541692e-01,-7.0401660193249143e+00,3.4659072432218239e-04
-1.2617814090893306e-01,-9.2689899425495670e-01,-7.0501660193248732e+00,3.4324536606578651e-04
1.2467989870533393e-01,-9.2671107120392560e-01,-7.0601660193249218e+00,3.3989388550326568e-04
-1.2306967433980237e-01,-9.2651160500439200e-01,-7.0701660193248737e+00,3.3657901427645376e-04
-1.2298864346566091e-01,-9.2650163584410117e-01,-7.0801660193249205e+00,3.3323331916766040e-04
1.2259309265345630e-01,-9.2645306581650888e-01,-7.0901660193248635e+00,3.2993361673735490e-04
-1.1909267539825991e-01,-9.2603006530009713e-01,-7.1001660193249299e+00,3.2678892505115482e-04
-1.1886555132234117e-01,-9.2600304227892150e-01,-7.1101660193249048e+00,3.2354606399197911e-04
-1.1725836181902437e-01,-9.2581329434158011e-01,-7.1201660193248903e+00,3.2038751396809101e-04
1.1653093368376694e-01,-9.2572826188594470e-01,-7.1301660193249061e+00,3.1722657834753852e-04
1.1487382444019156e-01,-9.2553653040409745e-01,-7.1401660193248810e+00,3.1413034405666714e-04
1.1454832649662275e-01,-9.2549919218492793e-01,-7.1501660193249181e+00,3.1101630748711694e-04
1.1380336746443293e-01,-9.2541413585646182e-01,-7.1601660193248691e+00,3.0794783531924198e-04
1.1185528054091141e-01,-9.2519433452578248e-01,-7.1701660193249195e+00,3.0495072437027959e-04
-1.1181913039552374e-01,-9.2519029159454502e-01,-7.1801660193248802e+00,3.0191763459426371e-04
1.1174063615521602e-01,-9.2518151751752564e-01,-7.1901660193249199e+00,2.9891612663759259e-04
1.0939104777686939e-01,-9.2492173330020011e-01,-7.2001660193248691e+00,2.9601875249447146e-04
1.0818096006098875e-01,-9.2479009269319812e-01,-7.2101660193249142e+00,2.9311189958256142e-04
1.0807853621694632e-01,-9.2477901762873838e-01,-7.2201660193248784e+00,2.9019860140204755e-04
1.0734263075851348e-01,-9.2469975282241879e-01,-7.2301660193249093e+00,2.8733385163180557e-04
1.0728992642975117e-01,-9.2469409678999015e-01,-7.2401660193248807e+00,2.8447644104201067e-04
1.0524482877581695e-01,-9.2447676962536496e-01,-7.2501660193249204e+00,2.8170706910558537e-04
1.0421531082961880e-01,-9.2436894813899650e-01,-7.2601660193248732e+00,2.7893411040303350e-04
1.0343801628184224e-01,-9.2428824423950084e-01,-7.2701660193249209e+00,2.7618095761235237e-04
1.0302704200735807e-01,-9.2424581832573238e-01,-7.2801660193248701e+00,2.7344451205600786e-04
-1.0221783001364136e-01,-9.2416277501968835e-01,-7.2901660193249196e+00,2.7074617642471564e-04
-1.0186012154432622e-01,-9.2412627481385190e-01,-7.3001660193248741e+00,2.6806199109681415e-04
-1.0099840481362760e-01,-9.2403887152078812e-01,-7.3101660193249165e+00,2.6541792710694904e-04
1.0064350939381916e-01,-9.2400309062489139e-01,-7.3201660193248701e+00,2.6278637717008367e-04
1.0062137758902348e-01,-9.2400086344729593e-01,-7.3301660193249187e+00,2.6017218847779866e-04
-9.9259835151285322e-02,-9.2386479007046962e-01,-7.3401660193248670e+00,2.5761848458082570e-04
9.9015307168724073e-02,-9.2384054816019789e-01,-7.3501660193249228e+00,2.5506132092865534e-04
9.8893807937270983e-02,-9.2382852525750636e-01,-7.3601660193249163e+00,2.5252645446399746e-04
9.8720138845623806e-02,-9.2381136554018906e-01,-7.3701660193248806e+00,2.5001806446185769e-04
9.8501909653016820e-02,-9.2378984573598499e-01,-7.3801660193249123e+00,2.4753567001657852e-04
-9.6176727902315934e-02,-9.2356351412833748e-01,-7.3901660193248775e+00,2.4512812291105682e-04
-9.5829941165482796e-02,-9.2353022144522945e-01,-7.4001660193249128e+00,2.4269713723970864e-04
-9.5139559102743188e-02,-9.2346430048647166e-01,-7.4101660193248815e+00,2.4029810053464973e-04
9.4961466321875160e-02,-9.2344737267633981e-01,-7.4201660193249213e+00,2.3791112176477236e-04
-9.4943461893660763e-02,-9.2344566311151599e-01,-7.4301660193248713e+00,2.3554426922815566e-04
-9.3455864927000976e-02,-9.2330553197796639e-01,-7.4401660193249155e+00,2.3323324553911078e-04
-9.2434473225241828e-02,-9.2321059855355347e-01,-7.4501660193248709e+00,2.3093445832913104e-04
8.8523019682127418e-02,-9.2285669514016067e-01,-7.4601660193249204e+00,2.2871755167646449e-04
8.7772774594912256e-02,-9.2279056261338410e-01,-7.4701660193248687e+00,2.2645674967467928e-04
8.5768212332001492e-02,-9.2261662575665315e-01,-7.4801660193249200e+00,2.2424246800488955e-04
8.5481291676973770e-02,-9.2259205824672141e-01,-7.4901660193248718e+00,2.2201667249756112e-04
-8.4040380464469114e-02,-9.2246992540764583e-01,-7.5001660193249187e+00,2.1983441705771998e-04
8.2549351516204419e-02,-9.2234573035121237e-01,-7.5101660193248811e+00,2.1767406042388969e-04
-8.2421771474924410e-02,-9.2233520683987180e-01,-7.5201660193249156e+00,2.1551043524874726e-04
7.9993250236266314e-02,-9.2213799267502039e-01,-7.5301660193248807e+00,2.1340815355020074e-04
7.7993641316995752e-02,-9.2198003667628159e-01,-7.5401660193249151e+00,2.1131808326591510e-04
7.7334222134177094e-02,-9.2192882358988859e-01,-7.5501660193248670e+00,2.0922614804804560e-04
7.7243676301327252e-02,-9.2192182539761158e-01,-7.5601660193249183e+00,2.0714576273174012e-04
7.6718995072224544e-02,-9.2188143473578543e-01,-7.5701660193248737e+00,2.0509291162555701e-04
7.5141704974541229e-02,-9.2176167054657998e-01,-7.5801660193249241e+00,2.0307652289676463e-04
-7.4132768586924011e-02,-9.2168636632252066e-01,-7.5901660193248759e+00,2.0107101865925669e-04
7.3759007287813358e-02,-9.2165872821138128e-01,-7.6001660193249183e+00,1.9907583059926271e-04
-7.3551545757767331e-02,-9.2164344757501793e-01,-7.6101660193249154e+00,1.9709800474820597e-04
7.2451214390675589e-02,-9.2156312186668132e-01,-7.6201660193248788e+00,1.9515252196825535e-04
-7.1112835892659335e-02,-9.2146705034768761e-01,-7.6301660193249159e+00,1.9322928486960702e-04
7.0726033060514670e-02,-9.2143961850957801e-01,-7.6401660193248722e+00,1.9131186932488036e-04
7.0563759258949643e-02,-9.2142815469371697e-01,-7.6501660193249155e+00,1.8941045577347345e-04
-7.0300476694021535e-02,-9.2140961114504283e-01,-7.6601660193248744e+00,1.8752926767475007e-04
6.9972373582551747e-02,-9.2138659916572752e-01,-7.6701660193249159e+00,1.8566759281412725e-04
6.9833578777153557e-02,-9.2137689699575187e-01,-7.6801660193248740e+00,1.8382195286142301e-04
6.8915664122451550e-02,-9.2131321701405877e-01,-7.6901660193249164e+00,1.8200448354305229e-04
6.8260546078475481e-02,-9.2126828370880531e-01,-7.7001660193248771e+00,1.8020160554524752e-04
-6.7912977464905294e-02,-9.2124461888741382e-01,-7.7101660193249213e+00,1.7841279166828903e-04
6.7825248073084737e-02,-9.2123866477142724e-01,-7.7201660193248687e+00,1.7663860645354335e-04
6.6967252620392770e-02,-9.2118083909510118e-01,-7.7301660193249209e+00,1.7489113585882510e-04
6.5798741711486364e-02,-9.2110326983874691e-01,-7.7401660193248754e+00,1.7316437169182937e-04
6.5038191761471686e-02,-9.2105351582714046e-01,-7.7501660193249249e+00,1.7144988751225412e-04
-6.4067170790619132e-02,-9.2099083381989666e-01,-7.7601660193248740e+00,1.6975457285171584e-04
-6.3779715647592994e-02,-9.2097245869738342e-01,-7.7701660193249085e+00,1.6806857488227688e-04
-6.3729280257952159e-02,-9.2096924321443774e-01,-7.7801660193248710e+00,1.6639679966587553e-04
6.2872371437759270e-02,-9.2091500017844330e-01,-7.7901660193249276e+00,1.6475006014665862e-04
-6.2704274271050048e-02,-9.2090444563926899e-01,-7.8001660193248776e+00,1.6311249122646633e-04
-6.2223818214141947e-02,-9.2087443440991279e-01,-7.8101660193249041e+00,1.6149434139216441e-04
-6.1790367109836902e-02,-9.2084755736712365e-01,-7.8201660193248710e+00,1.5989174320622251e-04
-6.1006043263308385e-02,-9.2079940129066185e-01,-7.8301660193249258e+00,1.5830841710785906e-04
6.0920015868402587e-02,-9.2079415680004273e-01,-7.8401660193248759e+00,1.5673404402680586e-04
-5.9750210099101697e-02,-9.2072357643678282e-01,-7.8501660193249148e+00,1.5518546689166767e-04
5.9432907884895594e-02,-9.2070466790316674e-01,-7.8601660193249234e+00,1.5364425085639743e-04
5.9274507978009108e-02,-9.2069526628135701e-01,-7.8701660193248681e+00,1.5211689515569649e-04
-5.8609637305871681e-02,-9.2065607742590239e-01,-7.8801660193249283e+00,1.5060920884619450e-04
-5.8108072449251008e-02,-9.2062680667522312e-01,-7.8901660193248713e+00,1.4911498682300054e-04
5.7952751201965420e-02,-9.2061779331927795e-01,-7.9001660193249208e+00,1.4763259857277682e-04
5.7150344434831434e-02,-9.2057161356784944e-01,-7.9101660193248717e+00,1.4617037962888336e-04
-5.6773312245352509e-02,-9.2055013712499356e-01,-7.9201660193249150e+00,1.4471906806804336e-04
5.6768510836258945e-02,-9.2054986454462273e-01,-7.9301660193248669e+00,1.4327912833618034e-04
-5.6759780533596343e-02,-9.2054936897645046e-01,-7.9401660193249226e+00,1.4185354748703899e-04
-5.6728325860924814e-02,-9.2054758411083115e-01,-7.9501660193248807e+00,1.4044233177674416e-04
-5.5342034255017478e-02,-9.2046990301108123e-01,-7.9601660193249080e+00,1.3905570880774933e-04
-5.4990200183290761e-02,-9.2045049369143861e-01,-7.9701660193248740e+00,1.3767475353435537e-04
5.4675192861859470e-02,-9.2043322099058023e-01,-7.9801660193249182e+00,1.3630722122166377e-04
5.3946590711272460e-02,-9.2039364995802420e-01,-7.9901660193248674e+00,1.3495628196309305e-04
-5.2680068322537979e-02,-9.2032612743257314e-01,-8.0001660193249204e+00,1.3362246674276557e-04
-5.0719947337100141e-02,-9.2022478916227857e-01,-8.0101660193248758e+00,1.3230630799690289e-04
5.0661166497852045e-02,-9.2022180952880106e-01,-8.0201660193249342e+00,1.3099022853858090e-04
-4.9769532062373958e-02,-9.2017703579419330e-01,-8.0301660193248718e+00,1.2969266068217094e-04
4.7549918632411994e-02,-9.2006903001431395e-01,-8.0401660193249018e+00,1.2841606607525647e-04
4.6833584520440300e-02,-9.2003522495285606e-01,-8.0501660193248856e+00,1.2714260285938813e-04
-4.6725523646168915e-02,-9.2003016991334385e-01,-8.0601660193249156e+00,1.2587814914077929e-04
-4.6543740822433836e-02,-9.2002169253821242e-01,-8.0701660193248692e+00,1.2462669713227223e-04
-4.6105341616530286e-02,-9.2000138389612796e-01,-8.0801660193249205e+00,1.2338914661707816e-04
4.6071910060708252e-02,-9.1999984308166050e-01,-8.0901660193248794e+00,1.2216159232289884e-04
-4.5884826365415188e-02,-9.1999124127863163e-01,-8.1001660193249148e+00,1.2094710452851085e-04
4.5604959722560352e-02,-9.1997843880898766e-01,-8.1101660193249181e+00,1.1974519375528987e-04
-4.5356743343068003e-02,-9.1996714971668392e-01,-8.1201660193248699e+00,1.1855504754101270e-04
-4.4518820283634644e-02,-9.1992949531306278e-01,-8.1301660193249230e+00,1.1737982489218876e-04
4.4375487658817277e-02,-9.1992312458581837e-01,-8.1401660193248695e+00,1.1621261647654789e-04
-4.4041527556485452e-02,-9.1990836070809379e-01,-8.1501660193249172e+00,1.1505798031156941e-04
-4.4039104254886649e-02,-9.1990825398512588e-01,-8.1601660193248744e+00,1.1391314643613768e-04
-4.3921783810724563e-02,-9.1990309417989746e-01,-8.1701660193249168e+00,1.1278027361368211e-04
4.3557901060546085e-02,-9.1988717800573960e-01,-8.1801660193248757e+00,1.1165986832518397e-04
-4.3324828841351859e-02,-9.1987705303040568e-01,-8.1901660193249164e+00,1.1054995338168243e-04
4.1959796630607463e-02,-9.1981884489998045e-01,-8.2001660193248807e+00,1.0945633402965837e-04
4.1865932992877414e-02,-9.1981491080602151e-01,-8.2101660193249213e+00,1.0836765163653732e-04
-4.1746526489540699e-02,-9.1980991887031038e-01,-8.2201660193248713e+00,1.0728991106954860e-04
4.1630719895512758e-02,-9.1980509105284880e-01,-8.2301660193249120e+00,1.0622287144076093e-04
4.0746354384836314e-02,-9.1976866533116675e-01,-8.2401660193248798e+00,1.0516976702518045e-04
-4.0047699807105465e-02,-9.1974044176325953e-01,-8.2501660193249204e+00,1.0412624913150622e-04
3.9027807817919161e-02,-9.1970011752487568e-01,-8.2601660193248634e+00,1.0309433275821141e-04
3.8981057397493538e-02,-9.1969829405125281e-01,-8.2701660193249236e+00,1.0206871312717886e-04
3.8113213191631856e-02,-9.1966484114323488e-01,-8.2801660193248807e+00,1.0105649303958028e-04
3.7790385797279488e-02,-9.1965258926269311e-01,-8.2901660193249125e+00,1.0005218995307711e-04
-3.7562058426879916e-02,-9.1964398674997161e-01,-8.3001660193248803e+00,9.9057506169079087e-05
3.7100143544325129e-02,-9.1962674295884428e-01,-8.3101660193249103e+00,9.8073558659680726e-05
-3.7025417634297425e-02,-9.1962397340883650e-01,-8.3201660193248763e+00,9.7097979363546609e-05
3.6303980032186524e-02,-9.1959752211642820e-01,-8.3301660193249134e+00,9.6134381171251814e-05
3.5081566485329528e-02,-9.1955389078687177e-01,-8.3401660193248848e+00,9.5181980921959770e-05
3.4963180953686987e-02,-9.1954974464453965e-01,-8.3501660193249077e+00,9.4235295099836868e-05
3.4948134605048135e-02,-9.1954921868952577e-01,-8.3601660193249305e+00,9.3297687317268744e-05
3.4913649610285563e-02,-9.1954801409789433e-01,-8.3701660193248717e+00,9.2369471085073941e-05
-3.4729804409060754e-02,-9.1954161229048526e-01,-8.3801660193249141e+00,9.1450964940863162e-05
-3.4024848349374574e-02,-9.1951737778593845e-01,-8.3901660193248748e+00,9.0543206879076645e-05
3.3327862752338983e-02,-9.1949390585115887e-01,-8.4001660193249243e+00,8.9644391020347541e-05
-3.2812970133942618e-02,-9.1947687813784496e-01,-8.4101660193248691e+00,8.8753925689780833e-05
-3.2470387723857512e-02,-9.1946569567280834e-01,-8.4201660193249168e+00,8.7871791991496852e-05
-3.2263259051222612e-02,-9.1945899157564259e-01,-8.4301660193248740e+00,8.6998036293760121e-05
-3.2128887959443922e-02,-9.1945466535409470e-01,-8.4401660193249217e+00,8.6132763997750746e-05
3.1244139749970621e-02,-9.1942663076769726e-01,-8.4501660193248753e+00,8.5278119379627676e-05
-3.1089971527468382e-02,-9.1942182579812881e-01,-8.4601660193249177e+00,8.4429993596813794e-05
3.1054843497917019e-02,-9.1942073428567950e-01,-8.4701660193248607e+00,8.3589992363441030e-05
3.0457211757020205e-02,-9.1940235350734545e-01,-8.4801660193249297e+00,8.2759779217689842e-05
3.0344924327151343e-02,-9.1939893984954979e-01,-8.4901660193248638e+00,8.1936585358583026e-05
-3.0306917461670531e-02,-9.1939778725635368e-01,-8.5001660193249293e+00,8.1121396212149771e-05
2.9509222559453093e-02,-9.1937392974137111e-01,-8.5101660193248705e+00,8.0316140954023228e-05
2.9346849567670807e-02,-9.1936915142311326e-01,-8.5201660193249147e+00,7.9517361957256517e-05
2.8764262942524509e-02,-9.1935222404465278e-01,-8.5301660193248825e+00,7.8727483624588273e-05
2.8751259463052369e-02,-9.1935185009369536e-01,-8.5401660193249089e+00,7.7944161221300156e-05
-2.8625646181621479e-02,-9.1934824644299717e-01,-8.5501660193248750e+00,7.7168881948063480e-05
2.8366669101746525e-02,-9.1934086659130343e-01,-8.5601660193249245e+00,7.6401602573701266e-05
2.8295523601386832e-02,-9.1933885096127776e-01,-8.5701660193248728e+00,7.5641546391485296e-05
2.8237055240741146e-02,-9.1933719827767379e-01,-8.5801660193249223e+00,7.4889024197176442e-05
-2.8231236792985885e-02,-9.1933703399877031e-01,-8.5901660193248723e+00,7.4143878136329655e-05
-2.8185016994428547e-02,-9.1933573022482762e-01,-8.6001660193249059e+00,7.3406229927456667e-05
-2.8028339080537958e-02,-9.1933132652914629e-01,-8.6101660193249216e+00,7.2676145778755190e-05
-2.7379188663663505e-02,-9.1931334261927966e-01,-8.6201660193249285e+00,7.1954300053797397e-05
-2.7143551704362428e-02,-9.1930691883290316e-01,-8.6301660193248182e+00,7.1238800427173501e-05
-2.6893481225214955e-02,-9.1930016229954492e-01,-8.6401660193249246e+00,7.0530439059060272e-05
-2.6749051984393951e-02,-9.1929628852437140e-01,-8.6501660193249190e+00,6.9828919965691404e-05
2.6541788057448393e-02,-9.1929076588998271e-01,-8.6601660193249117e+00,6.9134492406388185e-05
2.6282652713705480e-02,-9.1928392155017413e-01,-8.6701660193248262e+00,6.8447061186626001e-05
2.6164095761728706e-02,-9.1928081258685390e-01,-8.6801660193249361e+00,6.7766212230771505e-05
2.6103960735006180e-02,-9.1927924101636682e-01,-8.6901660193249093e+00,6.7092032592663405e-05
-2.5491200301597839e-02,-9.1926343327974758e-01,-8.7001660193249268e+00,6.6425505742859336e-05
-2.5371948920991177e-02,-9.1926040052936420e-01,-8.7101660193248218e+00,6.5764760365228967e-05
2.5208429713796002e-02,-9.1925626509765712e-01,-8.7201660193249158e+00,6.5110659326271007e-05
-2.4650622319838160e-02,-9.1924235922371711e-01,-8.7301660193249244e+00,6.4463693859040437e-05
2.4556856711375554e-02,-9.1924005223911098e-01,-8.7401660193249224e+00,6.3822416625163269e-05
-2.4340182557751985e-02,-9.1923475487681183e-01,-8.7501660193248281e+00,6.3187707696512981e-05
-2.4310371043600065e-02,-9.1923402970347823e-01,-8.7601660193249113e+00,6.2559024866038612e-05
2.3936525967174327e-02,-9.1922501127102807e-01,-8.7701660193249147e+00,6.1937110741262067e-05
2.3898555434543080e-02,-9.1922410310926839e-01,-8.7801660193249216e+00,6.1320881881544572e-05
-2.3842256702653039e-02,-9.1922275923567709e-01,-8.7901660193248361e+00,6.0710810499780917e-05
-2.3302145437332139e-02,-9.1921002762433079e-01,-8.8001660193249105e+00,6.0107493102450499e-05
-2.2898047447761489e-02,-9.1920069292179940e-01,-8.8101660193249192e+00,5.9509969058425913e-05
2.2808071570956108e-02,-9.1919863669773239e-01,-8.8201660193249243e+00,5.8917956121107233e-05
2.2723091525015157e-02,-9.1919670207756654e-01,-8.8301660193248264e+00,5.8331825512365471e-05
-2.2551793757158468e-02,-9.1919282433417215e-01,-8.8401660193249132e+00,5.7751638096396912e-05
2.2438092794884030e-02,-9.1919026663747538e-01,-8.8501660193249236e+00,5.7177145937689530e-05
2.2421208401665990e-02,-9.1918988792643497e-01,-8.8601660193249199e+00,5.6608245268024997e-05
2.2420268118816578e-02,-9.1918986684459925e-01,-8.8701660193249179e+00,5.6044984997971602e-05
-2.2357072837511524e-02,-9.1918845198627042e-01,-8.8801660193248253e+00,5.5487406586485324e-05
-2.2187733942260469e-02,-9.1918468040208579e-01,-8.8901660193249210e+00,5.4935504859607606e-05
2.2084180080590522e-02,-9.1918238813825548e-01,-8.9001660193249155e+00,5.4389012127003846e-05
2.1533810227223095e-02,-9.1917038512479055e-01,-8.9101660193249224e+00,5.3848478754257799e-05
2.1340371885765735e-02,-9.1916623836945088e-01,-8.9201660193248227e+00,5.3312898513392040e-05
-2.0956760250847809e-02,-9.1915812553344522e-01,-8.9301660193249202e+00,5.2782854526770617e-05
2.0775511194422700e-02,-9.1915434356603420e-01,-8.9401660193249217e+00,5.2257853986162627e-05
-2.0398144986875977e-02,-9.1914657479279227e-01,-8.9501660193249108e+00,5.1738281592505517e-05
-2.0225572212825983e-02,-9.1914306951900759e-01,-8.9601660193248343e+00,5.1223656641757760e-05
2.0177472050416423e-02,-9.1914209782251211e-01,-8.9701660193249229e+00,5.0714022020805782e-05
-2.0144401140259064e-02,-9.1914143108198931e-01,-8.9801660193249120e+00,5.0209442547109750e-05
-2.0058347273203148e-02,-9.1913970128100564e-01,-8.9901660193249135e+00,4.9709936234626542e-05
1.9708908528790214e-02,-9.1913275317103760e-01,-9.0001660193248298e+00,4.9215656059380367e-05
1.9355674125206349e-02,-9.1912585369376010e-01,-9.0101660193249202e+00,4.8726288284200447e-05
1.9279360648219855e-02,-9.1912437950684156e-01,-9.0201660193249253e+00,4.8241524731958698e-05
-1.9218444687271824e-02,-9.1912320694143834e-01,-9.0301660193249251e+00,4.7761569544213304e-05
1.9141038422616854e-02,-9.1912172230928746e-01,-9.0401660193248290e+00,4.7286404189716176e-05
-1.9039257718869745e-02,-9.1911977930058220e-01,-9.0501660193249069e+00,4.6815987570403823e-05
-1.8936830600301560e-02,-9.1911783440993178e-01,-9.0601660193249227e+00,4.6350250856962564e-05
-1.8927397553752459e-02,-9.1911765582241833e-01,-9.0701660193249172e+00,4.5889066350381766e-05
-1.8327739726132320e-02,-9.1910648565507391e-01,-9.0801660193248264e+00,4.5432970002147603e-05
-1.8243516960351605e-02,-9.1910494558888078e-01,-9.0901660193249256e+00,4.4980973670976276e-05
1.7515147352859459e-02,-9.1909192282673569e-01,-9.1001660193249148e+00,4.4533985456549935e-05
1.7203753853084907e-02,-9.1908651720665824e-01,-9.1101660193249199e+00,4.4091103236553626e-05
1.7177443494989036e-02,-9.1908606491585121e-01,-9.1201660193249197e+00,4.3652409172746258e-05
1.6926605345023351e-02,-9.1908178761759252e-01,-9.1301660193248377e+00,4.3218245301161618e-05
-1.6911397639384838e-02,-9.1908153031839812e-01,-9.1401660193249104e+00,4.2788227584717826e-05
-1.6855696038152124e-02,-9.1908058987780472e-01,-9.1501660193249137e+00,4.2362517446083599e-05
1.6483808225820441e-02,-9.1907439060015228e-01,-9.1601660193249241e+00,4.1941263359421623e-05
1.6209056282244901e-02,-9.1906989938611994e-01,-9.1701660193248227e+00,4.1524127309554104e-05
1.6114559178316567e-02,-9.1906837214209525e-01,-9.1801660193249273e+00,4.1111018125907825e-05
1.6078636673525666e-02,-9.1906779391197913e-01,-9.1901660193249111e+00,4.0701980195918676e-05
1.5856672249816753e-02,-9.1906424966075850e-01,-9.2001660193249304e+00,4.0297131549135047e-05
1.5718961920696217e-02,-9.1906207551527164e-01,-9.2101660193248271e+00,3.9896255130962396e-05
1.5627126383235931e-02,-9.1906063617283829e-01,-9.2201660193249193e+00,3.9499337612651820e-05
-1.5436205929211355e-02,-9.1905767086008394e-01,-9.2301660193249120e+00,3.9106428599228057e-05
1.5413501007682073e-02,-9.1905732063999634e-01,-9.2401660193249135e+00,3.8717326692772554e-05
-1.5335300681282265e-02,-9.1905611835683210e-01,-9.2501660193248334e+00,3.8332128941440389e-05
-1.5207257391122641e-02,-9.1905416297201936e-01,-9.2601660193249202e+00,3.7950792094051354e-05
-1.4765372946987182e-02,-9.1904754075247130e-01,-9.2701660193249200e+00,3.7573424222005290e-05
-1.4706521431097300e-02,-9.1904667351964109e-01,-9.2801660193249234e+00,3.7199594665078926e-05
-1.4662322962934047e-02,-9.1904602449067418e-01,-9.2901660193248219e+00,3.6829476417090859e-05
1.4421030571176240e-02,-9.1904251569470685e-01,-9.3001660193249194e+00,3.6463144945317616e-05
1.4282604691450051e-02,-9.1904052903172562e-01,-9.3101660193249209e+00,3.6100402310345116e-05
-1.4090463220237624e-02,-9.1903780321021988e-01,-9.3201660193249243e+00,3.5741294729892200e-05
1.3773666478639698e-02,-9.1903338957747183e-01,-9.3301660193248210e+00,3.5385819084978717e-05
-1.3754638464035771e-02,-9.1903312767297762e-01,-9.3401660193249239e+00,3.5033733477648777e-05
1.3231773351509189e-02,-9.1902607254635227e-01,-9.3501660193249112e+00,3.4685386714091350e-05
1.2948629568147185e-02,-9.1902236613718602e-01,-9.3601660193249216e+00,3.4340388629106672e-05
-1.2696517487759363e-02,-9.1901913341149799e-01,-9.3701660193249214e+00,3.3998805961764662e-05
-1.2364574871481617e-02,-9.1901497398921572e-01,-9.3801660193248235e+00,3.3660652198694227e-05
1.2248821568232591e-02,-9.1901354944824465e-01,-9.3901660193249157e+00,3.3325770587094484e-05
1.2242126900241148e-02,-9.1901346746886026e-01,-9.4001660193249190e+00,3.2994176334157870e-05
-1.2221084787983619e-02,-9.1901321009003700e-01,-9.4101660193249153e+00,3.2665887201830353e-05
1.2063948499921574e-02,-9.1901130206004389e-01,-9.4201660193248333e+00,3.2340917900826370e-05
-1.2057024876632856e-02,-9.1901121855777734e-01,-9.4301660193249237e+00,3.2019123064674980e-05
1.1795128750551179e-02,-9.1900809516446047e-01,-9.4401660193249128e+00,3.1700626480346208e-05
-1.1783842384398896e-02,-9.1900796210400959e-01,-9.4501660193249091e+00,3.1385204152740515e-05
-1.1647754290787281e-02,-9.1900636772334876e-01,-9.4601660193248378e+00,3.1072965695702756e-05
-1.1569338709917540e-02,-9.1900545743243189e-01,-9.4701660193249246e+00,3.0763812525127798e-05
1.1352432778811147e-02,-9.1900297149833821e-01,-9.4801660193249191e+00,3.0457783191941046e-05
1.1334128540985587e-02,-9.1900276386823121e-01,-9.4901660193249171e+00,3.0154729446578545e-05
-1.1302953921156739e-02,-9.1900241101701141e-01,-9.5001660193248281e+00,2.9854695409602738e-05
1.1105210180233634e-02,-9.1900019547991307e-01,-9.5101660193249202e+00,2.9557701713018643e-05
-1.1092147153770333e-02,-9.1900005049757993e-01,-9.5201660193249129e+00,2.9263601909686810e-05
1.0815174461184983e-02,-9.1899701663265243e-01,-9.5301660193249216e+00,2.8972512104142030e-05
1.0748558848260065e-02,-9.1899629839199670e-01,-9.5401660193248290e+00,2.8684251394192330e-05
1.0710955976079826e-02,-9.1899589492230027e-01,-9.5501660193249105e+00,2.8398849782110143e-05
-1.0701000757512534e-02,-9.1899578834194562e-01,-9.5601660193249280e+00,2.8116279502088147e-05
1.0453061692927134e-02,-9.1899316588271751e-01,-9.5701660193249172e+00,2.7836590846916622e-05
1.0310275554286112e-02,-9.1899168352434213e-01,-9.5801660193248193e+00,2.7559652993388303e-05
-1.0160333344638237e-02,-9.1899014882017660e-01,-9.5901660193249221e+00,2.7285471739381025e-05
9.8925165812362194e-03,-9.1898746357549443e-01,-9.6001660193249201e+00,2.7014049298576705e-05
9.7184895097323018e-03,-9.1898575715251485e-01,-9.6101660193249252e+00,2.6745300655704260e-05
-9.5735300803916276e-03,-9.1898435887243957e-01,-9.6201660193249161e+00,2.6479217493088089e-05
-9.5066819404571561e-03,-9.1898372113409799e-01,-9.6301660193248182e+00,2.6215761595633501e-05
9.4252138089929837e-03,-9.1898294996101204e-01,-9.6401660193249246e+00,2.5954930425098047e-05
9.3183325950003566e-03,-9.1898194829451496e-01,-9.6501660193249208e+00,2.5696700291850522e-05
9.1123301038288154e-03,-9.1898004991330007e-01,-9.6601660193249206e+00,2.5441062148637466e-05
-9.1094163398764659e-03,-9.1898002336636608e-01,-9.6701660193248262e+00,2.5187920019325180e-05
-9.0905512610586995e-03,-9.1897985169445440e-01,-9.6801660193249184e+00,2.4937300308651602e-05
8.8689662595194656e-03,-9.1897786191459574e-01,-9.6901660193249217e+00,2.4689219150795598e-05
8.6551531466713891e-03,-9.1897598847133566e-01,-9.7001660193249073e+00,2.4443603109302909e-05
-8.3077637043323799e-03,-9.1897304210222297e-01,-9.7101660193248343e+00,2.4200456497970269e-05
-8.2111816917625428e-03,-9.1897224438572700e-01,-9.7201660193249193e+00,2.3959677045489383e-05
-8.1616844697373556e-03,-9.1897183918003122e-01,-9.7301660193249244e+00,2.3721283887567814e-05
8.1001028807430042e-03,-9.1897133846667878e-01,-9.7401660193249100e+00,2.3485264928586443e-05
-8.0779491959116698e-03,-9.1897115926494533e-01,-9.7501660193248352e+00,2.3251586804828224e-05
-8.0604445674197604e-03,-9.1897101801665171e-01,-9.7601660193249096e+00,2.3020232902091195e-05
-8.0112207953323984e-03,-9.1897062246265526e-01,-9.7701660193249271e+00,2.2791186772725350e-05
7.9949113616716722e-03,-9.1897049193717995e-01,-9.7801660193249109e+00,2.2564413620513948e-05
7.8369716514934094e-03,-9.1896924169567262e-01,-9.7901660193248308e+00,2.2339921883919264e-05
-7.7708104734716087e-03,-9.1896872538104679e-01,-9.8001660193249229e+00,2.2117647366803483e-05
-7.7276865116062653e-03,-9.1896839120275031e-01,-9.8101660193249209e+00,2.1897580416121477e-05
-7.6269018971729732e-03,-9.1896761744961397e-01,-9.8201660193249207e+00,2.1679712625229257e-05
-7.5793582229565296e-03,-9.1896725596887541e-01,-9.8301660193248281e+00,2.1464003639162441e-05
7.5545484012592805e-03,-9.1896706823411300e-01,-9.8401660193249114e+00,2.1250437223987926e-05
7.5139783567114288e-03,-9.1896676256871201e-01,-9.8501660193249254e+00,2.1038998271598971e-05
-7.4631646424087776e-03,-9.1896638204657932e-01,-9.8601660193249128e+00,2.0829664667192778e-05
7.4286484860729834e-03,-9.1896612504250430e-01,-9.8701660193249161e+00,2.0622411340848129e-05
7.4196589144838888e-03,-9.1896605830254308e-01,-9.8801660193248235e+00,2.0417216282159711e-05
7.3725426154105222e-03,-9.1896570982564751e-01,-9.8901660193249263e+00,2.0214068629905602e-05
7.2805257924250695e-03,-9.1896503566124654e-01,-9.9001660193249155e+00,2.0012948778445607e-05
-7.0463401071065891e-03,-9.1896335808779195e-01,-9.9101660193249259e+00,1.9813849850091137e-05
6.9778194722715202e-03,-9.1896287761563322e-01,-9.9201660193248209e+00,1.9616708175295616e-05
6.8998558841006190e-03,-9.1896233663895011e-01,-9.9301660193249290e+00,1.9421529174246878e-05
6.7466104035163940e-03,-9.1896129100930790e-01,-9.9401660193249146e+00,1.9228301835789858e-05
6.7106067382466219e-03,-9.1896104875473716e-01,-9.9501660193249215e+00,1.9036981647597724e-05
-6.5555032032616166e-03,-9.1896001994446341e-01,-9.9601660193248200e+00,1.8847579905865848e-05
6.4278973192503025e-03,-9.1895919156531292e-01,-9.9701660193249140e+00,1.8660058809972179e-05
-6.3489188045436871e-03,-9.1895868701833283e-01,-9.9801660193249155e+00,1.8474397443761715e-05
6.3177470112396536e-03,-9.1895848959698845e-01,-9.9901660193249349e+00,1.8290577728762056e-05
6.2441270438107774e-03,-9.1895802719460906e-01,-1.0000166019324832e+01,1.8108591812992987e-05
-6.1898380361394834e-03,-9.1895768968079627e-01,-1.0010166019324906e+01,1.7928414364970381e-05
6.1597057252907889e-03,-9.1895750362065054e-01,-1.0020166019324913e+01,1.7750026963997317e-05
6.1120025069342585e-03,-9.1895721092066185e-01,-1.0030166019324934e+01,1.7573416388486448e-05
6.1007348100487364e-03,-9.1895714211595070e-01,-1.0040166019324820e+01,1.7398559170930694e-05
-6.0953482579712941e-03,-9.1895710926853247e-01,-1.0050166019324921e+01,1.7225441180464501e-05
6.0093512820345273e-03,-9.1895658878475495e-01,-1.0060166019324909e+01,1.7054054053331323e-05
-5.9933047647991108e-03,-9.1895649248434130e-01,-1.0070166019324937e+01,1.6884365006220801e-05
-5.9724136695544945e-03,-9.1895636749585963e-01,-1.0080166019324814e+01,1.6716364856724159e-05
-5.9635520091547781e-03,-9.1895631460962246e-01,-1.0090166019324927e+01,1.6550035122557378e-05
-5.8024482639340465e-03,-9.1895536683626733e-01,-1.0100166019324906e+01,1.6385375051245702e-05
5.7915865264570425e-03,-9.1895530387058622e-01,-1.0110166019324932e+01,1.6222338866853721e-05
5.7633814410526403e-03,-9.1895514091615704e-01,-1.0120166019324918e+01,1.6060926515350317e-05
5.6160582216936523e-03,-9.1895430268831424e-01,-1.0130166019324829e+01,1.5901130955146713e-05
-5.5956980468198948e-03,-9.1895418855165500e-01,-1.0140166019324921e+01,1.5742913855408792e-05
-5.4580068725594445e-03,-9.1895342755284992e-01,-1.0150166019324912e+01,1.5586281106411880e-05
-5.4073779067813146e-03,-9.1895315250125287e-01,-1.0160166019324924e+01,1.5431199262546115e-05
-5.3686719239531633e-03,-9.1895294395245297e-01,-1.0170166019324821e+01,1.5277659450572850e-05
-5.2965263915227918e-03,-9.1895255922924757e-01,-1.0180166019324924e+01,1.5125650018301952e-05
5.2792132451577331e-03,-9.1895246767958338e-01,-1.0190166019324915e+01,1.4975148656937849e-05
4.9783410455099923e-03,-9.1895092457312222e-01,-1.0200166019324918e+01,1.4826166316505718e-05
-4.9545055607785249e-03,-9.1895080619601532e-01,-1.0210166019324834e+01,1.4678645234410688e-05
4.9539271620904438e-03,-9.1895080333050316e-01,-1.0220166019324910e+01,1.4532590315633529e-05
-4.9510027794169896e-03,-9.1895078884760040e-01,-1.0230166019324926e+01,1.4387988834317349e-05
-4.9260243722748856e-03,-9.1895066549139759e-01,-1.0240166019324919e+01,1.4244827710588638e-05
4.8937762166626157e-03,-9.1895050715616888e-01,-1.0250166019324823e+01,1.4103091539671238e-05
4.7864513351926824e-03,-9.1894998769153158e-01,-1.0260166019324917e+01,1.3962770687363212e-05
-4.6936228936722592e-03,-9.1894954768127346e-01,-1.0270166019324925e+01,1.3823844880333794e-05
-4.6269840067447165e-03,-9.1894923712383880e-01,-1.0280166019324911e+01,1.3686299575930400e-05
-4.6072996147955639e-03,-9.1894914623820967e-01,-1.0290166019324831e+01,1.3550119851303382e-05
-4.5563010636394188e-03,-9.1894891257303069e-01,-1.0300166019324918e+01,1.3415297040750478e-05
4.5226297631202703e-03,-9.1894875972332657e-01,-1.0310166019324917e+01,1.3281814635012005e-05
4.5090824498196271e-03,-9.1894869854560912e-01,-1.0320166019324926e+01,1.3149659175746894e-05
4.3508983319430813e-03,-9.1894799779148695e-01,-1.0330166019324832e+01,1.3018827003801145e-05
-4.3479682658201946e-03,-9.1894798504735975e-01,-1.0340166019324913e+01,1.2889287674984177e-05
-4.2803518304994964e-03,-9.1894769333923587e-01,-1.0350166019324915e+01,1.2761040842262012e-05
-4.2539399299247856e-03,-9.1894758063580317e-01,-1.0360166019324931e+01,1.2634067788250373e-05
-4.1870746133688200e-03,-9.1894729843024847e-01,-1.0370166019324907e+01,1.2508360243261538e-05
4.1290176130523619e-03,-9.1894705702656387e-01,-1.0380166019324827e+01,1.2383902968836228e-05
-4.1197939630370981e-03,-9.1894701898448838e-01,-1.0390166019324919e+01,1.2260681541882778e-05
-4.0995188120592895e-03,-9.1894693566058472e-01,-1.0400166019324926e+01,1.2138686733635161e-05
4.0398598207702016e-03,-9.1894669286702524e-01,-1.0410166019324912e+01,1.2017907700439130e-05
4.0109866649961981e-03,-9.1894657664035284e-01,-1.0420166019324832e+01,1.1898328903736661e-05
3.9453257676708335e-03,-9.1894631543104599e-01,-1.0430166019324925e+01,1.1779941630066279e-05
-3.9343260679517468e-03,-9.1894627209414392e-01,-1.0440166019324909e+01,1.1662729757848777e-05
3.9084658210892190e-03,-9.1894617068587681e-01,-1.0450166019324922e+01,1.1546684828748772e-05
3.7867680608638988e-03,-9.1894570243951290e-01,-1.0460166019324834e+01,1.1431798747954688e-05
-3.7711601377535963e-03,-9.1894564345773178e-01,-1.0470166019324921e+01,1.1318051117424300e-05
-3.7680495718842343e-03,-9.1894563173212751e-01,-1.0480166019324907e+01,1.1205434758561180e-05
3.7615600068079992e-03,-9.1894560730018182e-01,-1.0490166019324928e+01,1.1093939090846912e-05
3.7377732157815990e-03,-9.1894551810764580e-01,-1.0500166019324826e+01,1.0983553532168447e-05
3.7307802651660332e-03,-9.1894549199403297e-01,-1.0510166019324917e+01,1.0874265632463831e-05
-3.6540239712282555e-03,-9.1894520857893058e-01,-1.0520166019324920e+01,1.0766067932830891e-05
3.6143290386160066e-03,-9.1894506432053913e-01,-1.0530166019324913e+01,1.0658945304673750e-05
-3.5587064864046215e-03,-9.1894486482926763e-01,-1.0540166019324840e+01,1.0552889132043553e-05
-3.5328273499834750e-03,-9.1894477306788191e-01,-1.0550166019324916e+01,1.0447887089464882e-05
3.5229056948849306e-03,-9.1894473806560695e-01,-1.0560166019324909e+01,1.0343929238015910e-05
-3.5032435665456659e-03,-9.1894466899108274e-01,-1.0570166019324919e+01,1.0241006129803302e-05
3.4493473631027269e-03,-9.1894448163195519e-01,-1.0580166019324839e+01,1.0139108315891089e-05
-3.4205445508211970e-03,-9.1894438269585155e-01,-1.0590166019324910e+01,1.0038223495654742e-05
-3.3488437704246570e-03,-9.1894414001063884e-01,-1.0600166019324927e+01,9.9383439148986063e-06
-3.2573651544184185e-03,-9.1894383784721412e-01,-1.0610166019324909e+01,9.8394587138116931e-06
3.2421105926836308e-03,-9.1894378827388701e-01,-1.0620166019324923e+01,9.7415549467122089e-06
-3.2290220111012282e-03,-9.1894374592491357e-01,-1.0630166019324825e+01,9.6446252638917281e-06
3.2256072320388926e-03,-9.1894373490434711e-01,-1.0640166019324919e+01,9.5486597443197670e-06
-3.2165535391294911e-03,-9.1894370574167450e-01,-1.0650166019324928e+01,9.4536492680847482e-06
3.2078392998611278e-03,-9.1894367774982633e-01,-1.0660166019324910e+01,9.3595841481824787e-06
3.2003415651233533e-03,-9.1894365372640618e-01,-1.0670166019324833e+01,9.2664549524820551e-06
3.1659159635705966e-03,-9.1894354414528368e-01,-1.0680166019324911e+01,9.1742531904732096e-06
-3.1647417388933341e-03,-9.1894354042847637e-01,-1.0690166019324916e+01,9.0829678797603783e-06
-3.1241410089667553e-03,-9.1894341276186142e-01,-1.0700166019324927e+01,8.9925919873594096e-06
-3.1069126368673469e-03,-9.1894335908640601e-01,-1.0710166019324834e+01,8.9031146799388284e-06
3.0903703543527887e-03,-9.1894330782780298e-01,-1.0720166019324918e+01,8.8145276605428406e-06
3.0875601246133874e-03,-9.1894329914710104e-01,-1.0730166019324907e+01,8.7268217206529193e-06
3.0768607963110586e-03,-9.1894326616951938e-01,-1.0740166019324917e+01,8.6399886786168874e-06
3.0480389222321078e-03,-9.1894317790397517e-01,-1.0750166019324839e+01,8.5540201098852212e-06
-3.0423903743606179e-03,-9.1894316070293447e-01,-1.0760166019324920e+01,8.4689063333522127e-06
3.0162919237337500e-03,-9.1894308164182403e-01,-1.0770166019324915e+01,8.3846399702715953e-06
3.0151564216766057e-03,-9.1894307821746302e-01,-1.0780166019324922e+01,8.3012114370403113e-06
3.0001282344728204e-03,-9.1894303301805114e-01,-1.0790166019324817e+01,8.2186133746358016e-06
-2.9612845350016986e-03,-9.1894291723638810e-01,-1.0800166019324926e+01,8.1368377473025250e-06
-2.9448052848614166e-03,-9.1894286857242236e-01,-1.0810166019324919e+01,8.0558752509917020e-06
-2.9247272197573111e-03,-9.1894280964799446e-01,-1.0820166019324914e+01,7.9757184229130488e-06
-2.9185348223866227e-03,-9.1894279155609426e-01,-1.0830166019324826e+01,7.8963588414960585e-06
2.8322538898475245e-03,-9.1894254346438775e-01,-1.0840166019324926e+01,7.8177906977749703e-06
2.8313936165877099e-03,-9.1894254102824546e-01,-1.0850166019324922e+01,7.7400023994736764e-06
-2.8119879114975425e-03,-9.1894248627134667e-01,-1.0860166019324911e+01,7.6629885084186380e-06
-2.7961940794859366e-03,-9.1894244198400454e-01,-1.0870166019324923e+01,7.5867408347781423e-06
-2.7870568253208633e-03,-9.1894241647621322e-01,-1.0880166019324829e+01,7.5112516937662721e-06
-2.7585930781731070e-03,-9.1894233755122490e-01,-1.0890166019324914e+01,7.4365140775875791e-06
-2.7523810194705336e-03,-9.1894232043397761e-01,-1.0900166019324921e+01,7.3625196522149540e-06
-2.7445858411631451e-03,-9.1894229900905922e-01,-1.0910166019324921e+01,7.2892615138222330e-06
-2.7089498988125578e-03,-9.1894220183811659e-01,-1.0920166019324830e+01,7.2167328511712579e-06
2.7073068033024086e-03,-9.1894219738840310e-01,-1.0930166019324911e+01,7.1449251913065510e-06
2.6886164964756822e-03,-9.1894214696267207e-01,-1.0940166019324918e+01,7.0738323545064039e-06
2.6162939853910986e-03,-9.1894195513044852e-01,-1.0950166019324925e+01,7.0034478900353641e-06
2.6065381905957825e-03,-9.1894192965400900e-01,-1.0960166019324824e+01,6.9337625958487536e-06
-2.5830456012589618e-03,-9.1894186869562855e-01,-1.0970166019324925e+01,6.8647709237408646e-06
2.5562664437627147e-03,-9.1894179988240521e-01,-1.0980166019324916e+01,6.7964657794625305e-06
2.5363576689178052e-03,-9.1894174918845184e-01,-1.0990166019324912e+01,6.7288401561503173e-06
-2.5323264849998459e-03,-9.1894173897205278e-01,-1.1000166019324835e+01,6.6618871459823507e-06
2.5077480190130773e-03,-9.1894167703340290e-01,-1.1010166019324924e+01,6.5956006698575605e-06
2.4467441631843352e-03,-9.1894152591183953e-01,-1.1020166019324909e+01,6.5299743334883282e-06
-2.3901826208094683e-03,-9.1894138911981993e-01,-1.1030166019324918e+01,6.4650008876168647e-06
-2.3649018397560481e-03,-9.1894132901369530e-01,-1.1040166019324836e+01,6.4006734386934887e-06
-2.3026197790670944e-03,-9.1894118366226296e-01,-1.1050166019324916e+01,6.3369865949507097e-06
2.2838672874984827e-03,-9.1894114065823296e-01,-1.1060166019324919e+01,6.2739327946060160e-06
-2.2813840815833078e-03,-9.1894113499000329e-01,-1.1070166019324917e+01,6.2115061554613993e-06
2.2304520286631703e-03,-9.1894102009146550e-01,-1.1080166019324830e+01,6.1497013431386865e-06
-2.2083727567698704e-03,-9.1894097108845585e-01,-1.1090166019324920e+01,6.0885110907363025e-06
-2.1939300639125525e-03,-9.1894093929790210e-01,-1.1100166019324915e+01,6.0279295847946839e-06
-2.1732607279797995e-03,-9.1894089416443536e-01,-1.1110166019324931e+01,5.9679509526318834e-06
-2.1729285038171965e-03,-9.1894089344248087e-01,-1.1120166019324916e+01,5.9085688527421963e-06
-2.1628622588272771e-03,-9.1894087161991478e-01,-1.1130166019324824e+01,5.8497777380106199e-06
-2.1441334633129291e-03,-9.1894083128749371e-01,-1.1140166019324923e+01,5.7915717105745321e-06
-2.1420386370378042e-03,-9.1894082679810074e-01,-1.1150166019324914e+01,5.7339446349426776e-06
2.1274371651413123e-03,-9.1894079562778530e-01,-1.1160166019324912e+01,5.6768911095024308e-06
-2.1163002020593014e-03,-9.1894077199661206e-01,-1.1170166019324832e+01,5.6204052319922318e-06
2.1157341363734154e-03,-9.1894077079880743e-01,-1.1180166019324929e+01,5.5644812722014817e-06
-2.1147572076758775e-03,-9.1894076873236319e-01,-1.1190166019324913e+01,5.5091137698278051e-06
-2.1030401468816657e-03,-9.1894074402226922e-01,-1.1200166019324914e+01,5.4542973066994576e-06
-2.0632122701508076e-03,-9.1894066105577532e-01,-1.1210166019324838e+01,5.4000265897380018e-06
-2.0620353814805202e-03,-9.1894065862829666e-01,-1.1220166019324919e+01,5.3462954403887783e-06
2.0534476902359282e-03,-9.1894064095704775e-01,-1.1230166019324917e+01,5.2930990054665177e-06
2.0195017096362386e-03,-9.1894057182691713e-01,-1.1240166019324921e+01,5.2404321526517431e-06
-2.0183387571230142e-03,-9.1894056947900871e-01,-1.1250166019324830e+01,5.1882889936887523e-06
2.0012895450829257e-03,-9.1894053521326113e-01,-1.1260166019324902e+01,5.1366648316554725e-06
-1.9938732592177828e-03,-9.1894052039862639e-01,-1.1270166019324925e+01,5.0855542379462112e-06
-1.9689927663789084e-03,-9.1894047109959653e-01,-1.1280166019324914e+01,5.0349523760193430e-06
1.9654101387348096e-03,-9.1894046405184615e-01,-1.1290166019324838e+01,4.9848537979453094e-06
1.9370125387329386e-03,-9.1894040864212712e-01,-1.1300166019324918e+01,4.9352539473802991e-06
1.9256500848712915e-03,-9.1894038669746414e-01,-1.1310166019324919e+01,4.8861474573386406e-06
-1.8621473506962546e-03,-9.1894026642971727e-01,-1.1320166019324907e+01,4.8375300596109121e-06
-1.8224133462441355e-03,-9.1894019322854170e-01,-1.1330166019324832e+01,4.7893961818641598e-06
-1.7773533696251833e-03,-9.1894011212583970e-01,-1.1340166019324920e+01,4.7417412781811031e-06
-1.7766882893029069e-03,-9.1894011094397809e-01,-1.1350166019324927e+01,4.6945601696930573e-06
-1.7415271062529844e-03,-9.1894004909167037e-01,-1.1360166019324913e+01,4.6478488030103125e-06
-1.7335694004131136e-03,-9.1894003526477253e-01,-1.1370166019324921e+01,4.6016019983374655e-06
-1.7325548577909558e-03,-9.1894003350650710e-01,-1.1380166019324825e+01,4.5558153014446228e-06
1.7323984624871178e-03,-9.1894003323555584e-01,-1.1390166019324928e+01,4.5104841830088220e-06
1.7080343044209160e-03,-9.1893999132393200e-01,-1.1400166019324908e+01,4.4656043026769511e-06
1.7042156913359375e-03,-9.1893998480890071e-01,-1.1410166019324913e+01,4.4211708262589244e-06
-1.6787581952172625e-03,-9.1893994174787852e-01,-1.1420166019324826e+01,4.3771796300005313e-06
-1.6710556605970509e-03,-9.1893992884684983e-01,-1.1430166019324929e+01,4.3336260208800548e-06
1.5955257828585141e-03,-9.1893980548460130e-01,-1.1440166019324918e+01,4.2905062507898788e-06
1.5904830913540322e-03,-9.1893979745157139e-01,-1.1450166019324923e+01,4.2478150344170904e-06
1.5687036713203722e-03,-9.1893976304894365e-01,-1.1460166019324815e+01,4.2055487133042405e-06
1.5645339697916358e-03,-9.1893975651661075e-01,-1.1470166019324935e+01,4.1637028316290781e-06
1.5323810766813637e-03,-9.1893970672922154e-01,-1.1480166019324903e+01,4.1222735014726755e-06
-1.5173039698661048e-03,-9.1893968373900792e-01,-1.1490166019324933e+01,4.0812562886304492e-06
1.5157683682394988e-03,-9.1893968141021254e-01,-1.1500166019324825e+01,4.0406471194566069e-06
1.5016721789819086e-03,-9.1893966014300599e-01,-1.1510166019324924e+01,4.0004420939348923e-06
-1.4820534905996901e-03,-9.1893963087461394e-01,-1.1520166019324906e+01,3.9606371459449646e-06
1.4733381067798029e-03,-9.1893961799592794e-01,-1.1530166019324925e+01,3.9212281983837845e-06
1.4463378966664236e-03,-9.1893957857999509e-01,-1.1540166019324827e+01,3.8822114789237828e-06
-1.4406668957563180e-03,-9.1893957039389174e-01,-1.1550166019324914e+01,3.8435828607512318e-06
-1.4307463891078892e-03,-9.1893955615095446e-01,-1.1560166019324919e+01,3.8053386264870892e-06
-1.4172536925849025e-03,-9.1893953693735408e-01,-1.1570166019324919e+01,3.7674749468995857e-06
-1.4112129025356582e-03,-9.1893952839426762e-01,-1.1580166019324828e+01,3.7299879766980444e-06
1.4037040261758327e-03,-9.1893951782583605e-01,-1.1590166019324917e+01,3.6928740152438533e-06
-1.3739838438322895e-03,-9.1893947654914099e-01,-1.1600166019324924e+01,3.6561294557617082e-06
-1.3732268973098614e-03,-9.1893947550939525e-01,-1.1610166019324916e+01,3.6197503636059632e-06
-1.3479419154314685e-03,-9.1893944110704318e-01,-1.1620166019324918e+01,3.5837333689904272e-06
1.3347579579558279e-03,-9.1893942342274260e-01,-1.1630166019324824e+01,3.5480746889158705e-06
-1.3332402505615161e-03,-9.1893942139812235e-01,-1.1640166019324917e+01,3.5127707630024865e-06
1.3258449374047906e-03,-9.1893941156573844e-01,-1.1650166019324921e+01,3.4778181441047811e-06
-1.3083326946282609e-03,-9.1893938850055934e-01,-1.1660166019324921e+01,3.4432133547991081e-06
1.3001265579468174e-03,-9.1893937779787283e-01,-1.1670166019324830e+01,3.4089528459670357e-06
-1.2898905203169663e-03,-9.1893936454211667e-01,-1.1680166019324918e+01,3.3750332431467335e-06
-1.2810083535121750e-03,-9.1893935312454034e-01,-1.1690166019324923e+01,3.3414511394265950e-06
1.2684511565431631e-03,-9.1893933711750775e-01,-1.1700166019324916e+01,3.3082031980248129e-06
1.2643497117204895e-03,-9.1893933192343624e-01,-1.1710166019324824e+01,3.2752860432253037e-06
1.2521416579529627e-03,-9.1893931656270522e-01,-1.1720166019324919e+01,3.2426964523860604e-06
1.1905116811070581e-03,-9.1893924129237092e-01,-1.1730166019324912e+01,3.2104313252340888e-06
1.1817461789365555e-03,-9.1893923089535523e-01,-1.1740166019324928e+01,3.1784870328578628e-06
-1.1670890417417256e-03,-9.1893921368175513e-01,-1.1750166019324828e+01,3.1468606126239251e-06
1.1640957773480583e-03,-9.1893921019282887e-01,-1.1760166019324918e+01,3.1155488372297612e-06
-1.1617663363911958e-03,-9.1893920748384961e-01,-1.1770166019324913e+01,3.0845486166927303e-06
-1.1598485009725343e-03,-9.1893920525761208e-01,-1.1780166019324925e+01,3.0538568519464407e-06
1.1586882615039413e-03,-9.1893920391258310e-01,-1.1790166019324820e+01,3.0234704726303043e-06
-1.1518632962938030e-03,-9.1893919602786611e-01,-1.1800166019324919e+01,2.9933864623748589e-06
1.1354565526783143e-03,-9.1893917726413099e-01,-1.1810166019324919e+01,2.9636018250294802e-06
-1.1328102627704364e-03,-9.1893917426288518e-01,-1.1820166019324926e+01,2.9341135029751425e-06
1.1234432541809974e-03,-9.1893916369571216e-01,-1.1830166019324830e+01,2.9049186165187828e-06
-1.1207852998203027e-03,-9.1893916071318360e-01,-1.1840166019324917e+01,2.8760142019168325e-06
-1.1113013648014203e-03,-9.1893915012870120e-01,-1.1850166019324911e+01,2.8473974126062503e-06
-1.0691999666461874e-03,-9.1893910422762382e-01,-1.1860166019324920e+01,2.8190654643667423e-06
1.0688392297857176e-03,-9.1893910384198907e-01,-1.1870166019324916e+01,2.7910152954006370e-06
-1.0684782979804045e-03,-9.1893910345627605e-01,-1.1880166019324841e+01,2.7632442302688112e-06
1.0619236388769394e-03,-9.1893909647424687e-01,-1.1890166019324910e+01,2.7357495098868781e-06
1.0542662706343707e-03,-9.1893908837202420e-01,-1.1900166019324924e+01,2.7085283693879342e-06
1.0314113975722692e-03,-9.1893906453807495e-01,-1.1910166019324915e+01,2.6815781257300518e-06
-1.0293301443508858e-03,-9.1893906239361245e-01,-1.1920166019324835e+01,2.6548959832579810e-06
-1.0227639276849929e-03,-9.1893905565636536e-01,-1.1930166019324909e+01,2.6284793445544177e-06
1.0028884556621165e-03,-9.1893903552596667e-01,-1.1940166019324927e+01,2.6023255904750287e-06
9.7704673193457249e-04,-9.1893900994349764e-01,-1.1950166019324907e+01,2.5764320841225487e-06
-9.5844409414801537e-04,-9.1893899194088025e-01,-1.1960166019324832e+01,2.5507962024727522e-06
9.4642970753198476e-04,-9.1893898049793510e-01,-1.1970166019324923e+01,2.5254153850841165e-06
9.3365293395879462e-04,-9.1893896848723999e-01,-1.1980166019324914e+01,2.5002871121803332e-06
9.3009452911193549e-04,-9.1893896517125606e-01,-1.1990166019324908e+01,2.4754088479477558e-06
9.2872856646181493e-04,-9.1893896390171459e-01,-1.2000166019324832e+01,2.4507781214834462e-06
9.0745456745700134e-04,-9.1893894437023549e-01,-1.2010166019324933e+01,2.4263925191215724e-06
9.0585476611671108e-04,-9.1893894291976808e-01,-1.2020166019324913e+01,2.4022495136509715e-06
-8.7897073386260932e-04,-9.1893891892811497e-01,-1.2030166019324918e+01,2.3783467886746224e-06
8.6089557498405904e-04,-9.1893890320393501e-01,-1.2040166019324822e+01,2.3546818797508440e-06
-8.5968342536064967e-04,-9.1893890216113538e-01,-1.2050166019324918e+01,2.3312524060103075e-06
-8.4369545004120894e-04,-9.1893888854434569e-01,-1.2060166019324924e+01,2.3080560884261507e-06
-8.2567743752821258e-04,-9.1893887350495485e-01,-1.2070166019324917e+01,2.2850905809964551e-06
-8.2477012617082081e-04,-9.1893887275621999e-01,-1.2080166019324830e+01,2.2623535515114295e-06
-8.2403882710276814e-04,-9.1893887215333381e-01,-1.2090166019324926e+01,2.2398427589058874e-06
-8.1480775598394631e-04,-9.1893886458917906e-01,-1.2100166019324918e+01,2.2175559678530022e-06
8.1297220852668422e-04,-9.1893886309524542e-01,-1.2110166019324915e+01,2.1954909205822670e-06
-7.9135798718318016e-04,-9.1893884575707141e-01,-1.2120166019324907e+01,2.1736454586073389e-06
-7.7649594569806921e-04,-9.1893883410631627e-01,-1.2130166019324840e+01,2.1520173499966029e-06
-7.7212928523651136e-04,-9.1893883072515603e-01,-1.2140166019324914e+01,2.1306044267932219e-06
-7.7115824635015510e-04,-9.1893882997585996e-01,-1.2150166019324926e+01,2.1094045601124128e-06
7.5534697938324448e-04,-9.1893881790786913e-01,-1.2160166019324903e+01,2.0884156592520613e-06
-7.4087998061725998e-04,-9.1893880708491227e-01,-1.2170166019324839e+01,2.0676355986197258e-06
-7.3951600942509803e-04,-9.1893880607530354e-01,-1.2180166019324918e+01,2.0470622827338893e-06
-7.3726734174220940e-04,-9.1893880441490605e-01,-1.2190166019324915e+01,2.0266936760600054e-06
7.3307475390167699e-04,-9.1893880133263683e-01,-1.2200166019324913e+01,2.0065277432283602e-06
-7.0957658880363124e-04,-9.1893878438280718e-01,-1.2210166019324841e+01,1.9865624922683689e-06
7.0952289759705341e-04,-9.1893878434471055e-01,-1.2220166019324921e+01,1.9667958652774017e-06
7.0472115373875475e-04,-9.1893878094929171e-01,-1.2230166019324912e+01,1.9472259260481081e-06
6.9839471226419507e-04,-9.1893877651092648e-01,-1.2240166019324922e+01,1.9278507129124863e-06
6.8639163924193972e-04,-9.1893876820008069e-01,-1.2250166019324828e+01,1.9086682936750494e-06
-6.7004811863390534e-04,-9.1893875711558015e-01,-1.2260166019324920e+01,1.8896767477812394e-06
-6.6994094970486591e-04,-9.1893875704377748e-01,-1.2270166019324909e+01,1.8708741501148378e-06
6.6877470001235040e-04,-9.1893875626313914e-01,-1.2280166019324920e+01,1.8522586427327349e-06
6.6667426947466309e-04,-9.1893875486063026e-01,-1.2290166019324831e+01,1.8338283638701298e-06
6.6590011145458046e-04,-9.1893875434481864e-01,-1.2300166019324918e+01,1.8155814677104709e-06
6.6507767595984704e-04,-9.1893875379749701e-01,-1.2310166019324921e+01,1.7975161312486367e-06
6.6316361109477269e-04,-9.1893875252632695e-01,-1.2320166019324917e+01,1.7796305491663800e-06
-6.5960631579934975e-04,-9.1893875017358539e-01,-1.2330166019324830e+01,1.7619229334826158e-06
6.5956549202130215e-04,-9.1893875014665860e-01,-1.2340166019324917e+01,1.7443915074201313e-06
6.5572352893542821e-04,-9.1893874762001271e-01,-1.2350166019324922e+01,1.7270345262783569e-06
-6.4882003998367179e-04,-9.1893874311706158e-01,-1.2360166019324923e+01,1.7098502533203296e-06
-6.4755976860904926e-04,-9.1893874230016648e-01,-1.2370166019324918e+01,1.6928369604186445e-06
-6.4175802657597718e-04,-9.1893873856002184e-01,-1.2380166019324825e+01,1.6759929574955366e-06
-6.2922205039238907e-04,-9.1893873059353381e-01,-1.2390166019324919e+01,1.6593165621520048e-06
-6.1952806075286047e-04,-9.1893872454084846e-01,-1.2400166019324923e+01,1.6428060964392135e-06
-5.9855621986357275e-04,-9.1893871176811359e-01,-1.2410166019324906e+01,1.6264599234361322e-06
-5.9801528784477712e-04,-9.1893871144448169e-01,-1.2420166019324832e+01,1.6102763773188857e-06
5.8628826372421523e-04,-9.1893870450030357e-01,-1.2430166019324915e+01,1.5942538707254235e-06
5.7575280599942184e-04,-9.1893869837898623e-01,-1.2440166019324931e+01,1.5783907893274811e-06
-5.7557958585029373e-04,-9.1893869827926933e-01,-1.2450166019324913e+01,1.5626855387207432e-06
-5.7346267889419483e-04,-9.1893869706306153e-01,-1.2460166019324825e+01,1.5471365596944753e-06
5.7340209910420703e-04,-9.1893869702832309e-01,-1.2470166019324926e+01,1.5317422937658305e-06
-5.7219421436044708e-04,-9.1893869633644898e-01,-1.2480166019324912e+01,1.5165012043386810e-06
5.7208023545644274e-04,-9.1893869627123737e-01,-1.2490166019324914e+01,1.5014117653338317e-06
5.7042966284392288e-04,-9.1893869532833961e-01,-1.2500166019324830e+01,1.4864724700595203e-06
-5.6676048002286805e-04,-9.1893869324206034e-01,-1.2510166019324931e+01,1.4716818249253343e-06
-5.6118253621580279e-04,-9.1893869009625895e-01,-1.2520166019324915e+01,1.4570383506825770e-06
-5.5433418225150693e-04,-9.1893868627653230e-01,-1.2530166019324918e+01,1.4425405823695535e-06
5.4944030349125513e-04,-9.1893868357566300e-01,-1.2540166019324827e+01,1.4281870676088800e-06
5.4083896608196006e-04,-9.1893867888673308e-01,-1.2550166019324916e+01,1.4139763754787948e-06
5.3947213341380370e-04,-9.1893867814843078e-01,-1.2560166019324921e+01,1.3999070765015788e-06
-5.3916674667623061e-04,-9.1893867798372986e-01,-1.2570166019324910e+01,1.3859777685829579e-06
5.2365406140546082e-04,-9.1893866974012750e-01,-1.2580166019324832e+01,1.3721870706774735e-06
5.2286151385906371e-04,-9.1893866932542079e-01,-1.2590166019324927e+01,1.3585335817602533e-06
-5.0308575472830406e-04,-9.1893865918097772e-01,-1.2600166019324918e+01,1.3450159604088511e-06
-5.0257798242872272e-04,-9.1893865892565363e-01,-1.2610166019324918e+01,1.3316328283327573e-06
5.0218393281643327e-04,-9.1893865872769065e-01,-1.2620166019324911e+01,1.3183828605667832e-06
-5.0035330814515049e-04,-9.1893865781005590e-01,-1.2630166019324916e+01,1.3052647331196448e-06
4.9700358016361570e-04,-9.1893865613961878e-01,-1.2640166019324916e+01,1.2922771341824257e-06
-4.8746544502511856e-04,-9.1893865144461950e-01,-1.2650166019324741e+01,1.2794187678622537e-06
-4.8734021122348462e-04,-9.1893865138358022e-01,-1.2660166019324919e+01,1.2666883384946826e-06
-4.7910363048748669e-04,-9.1893864740348385e-01,-1.2670166019324922e+01,1.2540845839300435e-06
4.7562944630762604e-04,-9.1893864574502460e-01,-1.2680166019324925e+01,1.2416062358864843e-06
-4.7265974136439089e-04,-9.1893864433695505e-01,-1.2690166019324916e+01,1.2292520491522284e-06
4.7192194850130412e-04,-9.1893864398850222e-01,-1.2700166019324916e+01,1.2170207873230614e-06
4.5735103118354397e-04,-9.1893863721832236e-01,-1.2710166019324921e+01,1.2049112363159371e-06
-4.3932087732101097e-04,-9.1893862913475610e-01,-1.2720166019324909e+01,1.1929221788401803e-06
-4.3557876313920227e-04,-9.1893862749776889e-01,-1.2730166019324743e+01,1.1810524067699792e-06
-4.2974384024501951e-04,-9.1893862497322354e-01,-1.2740166019324914e+01,1.1693007419234247e-06
-4.2840876825427435e-04,-9.1893862440037577e-01,-1.2750166019324929e+01,1.1576660058072145e-06
-4.2714126547738608e-04,-9.1893862385816982e-01,-1.2760166019324917e+01,1.1461470372079588e-06
4.2133152655823256e-04,-9.1893862139346705e-01,-1.2770166019324918e+01,1.1347426864366421e-06
4.2000076276570847e-04,-9.1893862083365985e-01,-1.2780166019324913e+01,1.1234518086836037e-06
-4.1932927680752240e-04,-9.1893862055186071e-01,-1.2790166019324912e+01,1.1122732767258422e-06
-4.1783742781543608e-04,-9.1893861992739756e-01,-1.2800166019324932e+01,1.1012059733937046e-06
-4.1548345053164006e-04,-9.1893861894658835e-01,-1.2810166019324729e+01,1.0902487919515742e-06
4.0675986997537042e-04,-9.1893861536013532e-01,-1.2820166019324930e+01,1.0794006390878914e-06
4.0431213190962167e-04,-9.1893861436748947e-01,-1.2830166019324908e+01,1.0686604243385371e-06
4.0404425490583797e-04,-9.1893861425921941e-01,-1.2840166019324926e+01,1.0580270755652170e-06
4.0394339956045366e-04,-9.1893861421847445e-01,-1.2850166019324920e+01,1.0474995303081488e-06
-3.9458682385013611e-04,-9.1893861048272030e-01,-1.2860166019324923e+01,1.0370767397081735e-06
3.9399963846896126e-04,-9.1893861025119705e-01,-1.2870166019324920e+01,1.0267576539709285e-06
3.9388910389429911e-04,-9.1893861020765255e-01,-1.2880166019324902e+01,1.0165412446588879e-06
3.9307597561869044e-04,-9.1893860988770082e-01,-1.2890166019324923e+01,1.0064264905956913e-06
3.8067912691629798e-04,-9.1893860509163827e-01,-1.2900166019324743e+01,9.9641238447405759e-07
-3.7774690473099876e-04,-9.1893860397970151e-01,-1.2910166019324922e+01,9.8649791669089964e-07
3.6790462446256061e-04,-9.1893860031024577e-01,-1.2920166019324915e+01,9.7668210199762321e-07
3.6459295672747899e-04,-9.1893859909735154e-01,-1.2930166019324918e+01,9.6696395388135707e-07
3.5308185968138152e-04,-9.1893859496673924e-01,-1.2940166019324920e+01,9.5734250573608503e-07
3.5119326678298678e-04,-9.1893859430169478e-01,-1.2950166019324909e+01,9.4781678927537388e-07
3.4492239521008786e-04,-9.1893859211906881e-01,-1.2960166019324920e+01,9.3838585669488934e-07
3.4453566662102437e-04,-9.1893859198575223e-01,-1.2970166019324925e+01,9.2904876153719949e-07
-3.4374879171523211e-04,-9.1893859171495540e-01,-1.2980166019324731e+01,9.1980457215403319e-07
-3.4329811846809278e-04,-9.1893859156013857e-01,-1.2990166019324924e+01,9.1065236388363315e-07
3.4088146730585636e-04,-9.1893859073342687e-01,-1.3000166019324919e+01,9.0159122221163838e-07
-3.3674592231477073e-04,-9.1893858933224759e-01,-1.3010166019324913e+01,8.9262024091106809e-07
3.3549538671372712e-04,-9.1893858891191671e-01,-1.3020166019324918e+01,8.8373852148660294e-07
3.3272600509001471e-04,-9.1893858798663675e-01,-1.3030166019324922e+01,8.7494517708511417e-07
3.3039159281962951e-04,-9.1893858721264177e-01,-1.3040166019324923e+01,8.6623932778321664e-07
-3.2678320084565324e-04,-9.1893858602696965e-01,-1.3050166019324914e+01,8.5762010347562862e-07
3.2552770280773176e-04,-9.1893858561748210e-01,-1.3060166019324743e+01,8.4908664121382582e-07
-3.2355698370806348e-04,-9.1893858497790037e-01,-1.3070166019324910e+01,8.4063808850990509e-07
-3.1112492000913173e-04,-9.1893858103269743e-01,-1.3080166019324921e+01,8.3227360305592834e-07
-3.0847599306922137e-04,-9.1893858021205865e-01,-1.3090166019324931e+01,8.2399234301553505e-07
3.0727111422396668e-04,-9.1893857984110827e-01,-1.3100166019324909e+01,8.1579348251575503e-07
3.0407432797088059e-04,-9.1893857886393793e-01,-1.3110166019324923e+01,8.0767620252760261e-07
-3.0244292969420919e-04,-9.1893857836920234e-01,-1.3120166019324909e+01,7.9963969043123497e-07
2.9639609453659512e-04,-9.1893857655866185e-01,-1.3130166019324918e+01,7.9168314400404842e-07
2.9198875461600539e-04,-9.1893857526205591e-01,-1.3140166019324919e+01,7.8380576611951240e-07
2.8961182940642814e-04,-9.1893857457084538e-01,-1.3150166019324745e+01,7.7600676897478198e-07
2.8770552939938563e-04,-9.1893857402057533e-01,-1.3160166019324924e+01,7.6828537303433798e-07
-2.8674593324607887e-04,-9.1893857374495458e-01,-1.3170166019324922e+01,7.6064080605421421e-07
-2.8180636717885493e-04,-9.1893857234075371e-01,-1.3180166019324909e+01,7.5307230463428257e-07
2.7555916264407722e-04,-9.1893857059976547e-01,-1.3190166019324922e+01,7.4557911130230928e-07
2.7425838141857775e-04,-9.1893857024216941e-01,-1.3200166019324922e+01,7.3816047545566758e-07
-2.6837118335807026e-04,-9.1893856864488555e-01,-1.3210166019324912e+01,7.3081565717241747e-07
-2.6021575432035385e-04,-9.1893856648945882e-01,-1.3220166019324923e+01,7.2354392144437870e-07
2.5881720871079924e-04,-9.1893856612651326e-01,-1.3230166019324736e+01,7.1634453939635585e-07
-2.5428569062504439e-04,-9.1893856496394566e-01,-1.3240166019324921e+01,7.0921679296086894e-07
-2.5246539980153249e-04,-9.1893856450272848e-01,-1.3250166019324915e+01,7.0215996828687828e-07
2.4978573471259218e-04,-9.1893856382979611e-01,-1.3260166019324927e+01,6.9517336033554084e-07
2.4749765417590719e-04,-9.1893856326088386e-01,-1.3270166019324918e+01,6.8825627021861626e-07
2.4724348843653066e-04,-9.1893856319801070e-01,-1.3280166019324904e+01,6.8140800594961624e-07
2.4621551513949892e-04,-9.1893856294437937e-01,-1.3290166019324918e+01,6.7462788317686609e-07
-2.4376127414218148e-04,-9.1893856234311888e-01,-1.3300166019324930e+01,6.6791522398339281e-07
2.4340451891259000e-04,-9.1893856225621939e-01,-1.3310166019324738e+01,6.6126935652088729e-07
2.3986058722275528e-04,-9.1893856139989016e-01,-1.3320166019324915e+01,6.5468961704743690e-07
2.3684024476185392e-04,-9.1893856067999025e-01,-1.3330166019324921e+01,6.4817534698173991e-07
-2.3662197229354124e-04,-9.1893856062831836e-01,-1.3340166019324910e+01,6.4172589455274749e-07
2.3644514682599242e-04,-9.1893856058649315e-01,-1.3350166019324929e+01,6.3534061524104422e-07
2.3450505888311288e-04,-9.1893856012965081e-01,-1.3360166019324907e+01,6.2901887078086663e-07
2.3370464031802058e-04,-9.1893855994226892e-01,-1.3370166019324918e+01,6.2276002855837317e-07
2.3254187217573973e-04,-9.1893855967120064e-01,-1.3380166019324925e+01,6.1656346290697119e-07
-2.3188896148897852e-04,-9.1893855951958470e-01,-1.3390166019324912e+01,6.1042855403941640e-07
2.2796634891719805e-04,-9.1893855861766760e-01,-1.3400166019324752e+01,6.0435468898764364e-07
2.2258632563636226e-04,-9.1893855740567565e-01,-1.3410166019324905e+01,5.9834126008284047e-07
-2.2000752888454882e-04,-9.1893855683499581e-01,-1.3420166019324924e+01,5.9238766540833603e-07
-2.1699725602127880e-04,-9.1893855617724407e-01,-1.3430166019324915e+01,5.8649331003835386e-07
2.1433863377492285e-04,-9.1893855560386439e-01,-1.3440166019324923e+01,5.8065760443140368e-07
-2.1266114240673067e-04,-9.1893855524572021e-01,-1.3450166019324927e+01,5.7487996493838921e-07
-2.0929999295636779e-04,-9.1893855453658302e-01,-1.3460166019324916e+01,5.6915981411659854e-07
2.0412632757213132e-04,-9.1893855346711828e-01,-1.3470166019324919e+01,5.6349657994548355e-07
-1.9802213039668548e-04,-9.1893855223972154e-01,-1.3480166019324729e+01,5.5788969597810895e-07
1.9738557723270110e-04,-9.1893855211387254e-01,-1.3490166019324928e+01,5.5233860082290250e-07
-1.9578322719367700e-04,-9.1893855179887551e-01,-1.3500166019324915e+01,5.4684274009022291e-07
-1.9352526866634151e-04,-9.1893855135935432e-01,-1.3510166019324920e+01,5.4140156415121992e-07
1.9004831590147076e-04,-9.1893855069252062e-01,-1.3520166019324925e+01,5.3601452893688462e-07
1.8463730362705202e-04,-9.1893854967880639e-01,-1.3530166019324909e+01,5.3068109579906853e-07
-1.8442536958030060e-04,-9.1893854963969790e-01,-1.3540166019324916e+01,5.2540073069023802e-07
1.8293935079830188e-04,-9.1893854936674246e-01,-1.3550166019324925e+01,5.2017290621354080e-07
-1.8199843003577712e-04,-9.1893854919505369e-01,-1.3560166019324743e+01,5.1499709940605013e-07
-1.8094113306608013e-04,-9.1893854900318628e-01,-1.3570166019324901e+01,5.0987279274601142e-07
1.7863945570051034e-04,-9.1893854858936708e-01,-1.3580166019324936e+01,5.0479947390029101e-07
1.7784947902778640e-04,-9.1893854844855805e-01,-1.3590166019324911e+01,4.9977663528203573e-07
-1.7628588347819236e-04,-9.1893854817169585e-01,-1.3600166019324927e+01,4.9480377480968318e-07
1.7562982475635735e-04,-9.1893854805625719e-01,-1.3610166019324902e+01,4.8988039504535088e-07
-1.7543281778557504e-04,-9.1893854802167629e-01,-1.3620166019324929e+01,4.8500600368838524e-07
-1.7399811366032992e-04,-9.1893854777101125e-01,-1.3630166019324919e+01,4.8018011343940304e-07
1.6996256881281226e-04,-9.1893854707697686e-01,-1.3640166019324914e+01,4.7540224181028608e-07
-1.6989198603645532e-04,-9.1893854706498290e-01,-1.3650166019324736e+01,4.7067191047398446e-07
-1.6659924761492495e-04,-9.1893854651099416e-01,-1.3660166019324926e+01,4.6598864697323569e-07
1.6364364608392669e-04,-9.1893854602296088e-01,-1.3670166019324917e+01,4.6135198269001080e-07
-1.6116028863547688e-04,-9.1893854561965882e-01,-1.3680166019324920e+01,4.5676145394630568e-07
1.5775401778180283e-04,-9.1893854507650452e-01,-1.3690166019324918e+01,4.5221660178819276e-07
-1.5772747803017456e-04,-9.1893854507231809e-01,-1.3700166019324916e+01,4.4771697142088857e-07
-1.5610448466464989e-04,-9.1893854481764459e-01,-1.3710166019324921e+01,4.4326211323481707e-07
-1.5598045986167029e-04,-9.1893854479829140e-01,-1.3720166019324910e+01,4.3885158152393356e-07
1.5578859087297454e-04,-9.1893854476838199e-01,-1.3730166019324745e+01,4.3448493534139659e-07
1.5356829670761451e-04,-9.1893854442495038e-01,-1.3740166019324914e+01,4.3016173814892648e-07
-1.5312921719652216e-04,-9.1893854435761801e-01,-1.3750166019324926e+01,4.2588155736826841e-07
1.5172219624140691e-04,-9.1893854414315190e-01,-1.3760166019324920e+01,4.2164396515972113e-07
-1.5037927922179908e-04,-9.1893854394030328e-01,-1.3770166019324913e+01,4.1744853769240407e-07
1.4978071778732827e-04,-9.1893854385047113e-01,-1.3780166019324914e+01,4.1329485537832451e-07
-1.4977852989307477e-04,-9.1893854385014351e-01,-1.3790166019324918e+01,4.0918250285682897e-07
-1.4810855040094106e-04,-9.1893854360141081e-01,-1.3800166019324918e+01,4.0511106902723642e-07
-1.4029475377286575e-04,-9.1893854247464846e-01,-1.3810166019324740e+01,4.0108014699235663e-07
1.3960590672972727e-04,-9.1893854237824402e-01,-1.3820166019324924e+01,3.9708933288808258e-07
-1.3916727970242739e-04,-9.1893854231710537e-01,-1.3830166019324921e+01,3.9313822803345162e-07
1.3809189561085909e-04,-9.1893854216802529e-01,-1.3840166019324919e+01,3.8922643736298823e-07
-1.3715550329897359e-04,-9.1893854203915548e-01,-1.3850166019324917e+01,3.8535356965166853e-07
1.3697216413732175e-04,-9.1893854201402636e-01,-1.3860166019324911e+01,3.8151923757787264e-07
-1.3677560009694623e-04,-9.1893854198712188e-01,-1.3870166019324918e+01,3.7772305774624137e-07
-1.3537421615876071e-04,-9.1893854179642864e-01,-1.3880166019324918e+01,3.7396465059620646e-07
1.3424351728105944e-04,-9.1893854164400046e-01,-1.3890166019324917e+01,3.7024364020727593e-07
-1.3256008885803019e-04,-9.1893854141942810e-01,-1.3900166019324743e+01,3.6655965451628340e-07
1.3253027691799527e-04,-9.1893854141547660e-01,-1.3910166019324919e+01,3.6291232501436883e-07
-1.2983631267455414e-04,-9.1893854106207351e-01,-1.3920166019324922e+01,3.5930128717297673e-07
-1.2880169594502118e-04,-9.1893854092827787e-01,-1.3930166019324913e+01,3.5572617967906603e-07
-1.2801587132947557e-04,-9.1893854082737114e-01,-1.3940166019324923e+01,3.5218664508702007e-07
1.2747197920972398e-04,-9.1893854075789216e-01,-1.3950166019324920e+01,3.4868232944130872e-07
-1.2709413411268711e-04,-9.1893854070979897e-01,-1.3960166019324918e+01,3.4521288231124340e-07
-1.2654620188547834e-04,-9.1893854064031011e-01,-1.3970166019324919e+01,3.4177795676406705e-07
-1.2221185378171216e-04,-9.1893854010120812e-01,-1.3980166019324733e+01,3.3837720945587766e-07
-1.2127390371855287e-04,-9.1893853998701935e-01,-1.3990166019324926e+01,3.3501030000448897e-07
-1.1714671909215883e-04,-9.1893853949501636e-01,-1.4000166019324912e+01,3.3167689198689398e-07
1.1616292093108590e-04,-9.1893853938025161e-01,-1.4010166019324926e+01,3.2837665180774672e-07
1.1400066215541788e-04,-9.1893853913141499e-01,-1.4020166019324920e+01,3.2510924961026866e-07
1.1348813701903771e-04,-9.1893853907311807e-01,-1.4030166019324911e+01,3.2187435854573093e-07
1.1150664995799901e-04,-9.1893853885020593e-01,-1.4040166019324918e+01,3.1867165523735436e-07
-1.1130420478724999e-04,-9.1893853882765242e-01,-1.4050166019324914e+01,3.1550081929543201e-07
-1.1095514208205611e-04,-9.1893853878886123e-01,-1.4060166019324750e+01,3.1236153370333648e-07
-1.1060254312309870e-04,-9.1893853874980069e-01,-1.4070166019324919e+01,3.0925348452465086e-07
-1.1045118043267446e-04,-9.1893853873307108e-01,-1.4080166019324917e+01,3.0617636094510436e-07
-1.1028343075974115e-04,-9.1893853871455700e-01,-1.4090166019324920e+01,3.0312985525723728e-07
1.0914328854396937e-04,-9.1893853858946817e-01,-1.4100166019324924e+01,3.0011366283937662e-07
-1.0833594388051198e-04,-9.1893853850167784e-01,-1.4110166019324916e+01,2.9712748202606600e-07
1.0667521680764148e-04,-9.1893853832314043e-01,-1.4120166019324907e+01,2.9417101423473895e-07
-1.0625116680172924e-04,-9.1893853827799465e-01,-1.4130166019324923e+01,2.9124396375007090e-07
1.0624855775869903e-04,-9.1893853827771743e-01,-1.4140166019324921e+01,2.8834603789128691e-07
1.0508745664876071e-04,-9.1893853815502624e-01,-1.4150166019324743e+01,2.8547694691157619e-07
-1.0305788852481805e-04,-9.1893853794380365e-01,-1.4160166019324903e+01,2.8263640388868026e-07
-1.0258804595245888e-04,-9.1893853789549307e-01,-1.4170166019324935e+01,2.7982412469496047e-07
1.0148396841178469e-04,-9.1893853778283741e-01,-1.4180166019324920e+01,2.7703982816446591e-07
-1.0051728244825451e-04,-9.1893853768520151e-01,-1.4190166019324900e+01,2.7428323584291285e-07
-1.0041950878180708e-04,-9.1893853767537836e-01,-1.4200166019324929e+01,2.7155407204911957e-07
9.6847683716336588e-05,-9.1893853732307640e-01,-1.4210166019324907e+01,2.6885206398086362e-07
-9.5566323323166999e-05,-9.1893853719980056e-01,-1.4220166019324921e+01,2.6617694128018414e-07
-9.5477332346299740e-05,-9.1893853719129992e-01,-1.4230166019324749e+01,2.6352843646459378e-07
4.4817910148715164e-05,-9.1893853363766198e-01,-inf,0.0000000000000000e+00
6.3069409998768730e-06,-9.1893853265322822e-01,-inf,0.0000000000000000e+00
4.5630748551446531e-05,-9.1893853367442202e-01,-inf,0.0000000000000000e+00
-4.1119926405228040e-05,-9.1893853347876364e-01,-inf,0.0000000000000000e+00
4.7912402005097842e-05,-9.1893853378113854e-01,-inf,0.0000000000000000e+00
-5.3350815104141053e-05,-9.1893853405649417e-01,-inf,0.0000000000000000e+00
-7.5864251515436954e-05,-9.1893853551103177e-01,-inf,0.0000000000000000e+00
4.3868213667703181e-05,-9.1893853359554956e-01,-inf,0.0000000000000000e+00
3.8840289899955103e-05,-9.1893853338762355e-01,-inf,0.0000000000000000e+00
3.0692698963280399e-05,-9.1893853310436036e-01,-inf,0.0000000000000000e+00
-5.4487547723473139e-05,-9.1893853411778592e-01,-inf,0.0000000000000000e+00
8.6576291350856302e-06,-9.1893853267081671e-01,-inf,0.0000000000000000e+00
7.4637588591337681e-05,-9.1893853541872428e-01,-inf,0.0000000000000000e+00
8.8856958518221450e-05,-9.1893853658111901e-01,-inf,0.0000000000000000e+00
6.6317891618105921e-05,-9.1893853483237087e-01,-inf,0.0000000000000000e+00
-8.8952734784879722e-06,-9.1893853267290238e-01,-inf,0.0000000000000000e+00
-2.4711908497027785e-06,-9.1893853263639291e-01,-inf,0.0000000000000000e+00
-1.0170649171734915e-06,-9.1893853263385672e-01,-inf,0.0000000000000000e+00
-9.0686018497331981e-05,-9.1893853674531645e-01,-inf,0.0000000000000000e+00
1.0280250368633530e-05,-9.1893853268618120e-01,-inf,0.0000000000000000e+00
-9.4897500375480264e-05,-9.1893853713610729e-01,-inf,0.0000000000000000e+00
3.8915063997051300e-05,-9.1893853339053055e-01,-inf,0.0000000000000000e+00
8.7243361340902842e-05,-9.1893853643904155e-01,-inf,0.0000000000000000e+00
-9.5410695973931274e-05,-9.1893853718493990e-01,-inf,0.0000000000000000e+00
-1.7958151453807523e-06,-9.1893853263495195e-01,-inf,0.0000000000000000e+00
1.4057540460344329e-05,-9.1893853273214665e-01,-inf,0.0000000000000000e+00
3.9460515542578468e-05,-9.1893853341190557e-01,-inf,0.0000000000000000e+00
-6.6456777373291446e-05,-9.1893853484159105e-01,-inf,0.0000000000000000e+00
5.6138395846578291e-05,-9.1893853420909921e-01,-inf,0.0000000000000000e+00
-8.0894525285687020e-05,-9.1893853590530161e-01,-inf,0.0000000000000000e+00
2.6995251147887231e-05,-9.1893853299771122e-01,-inf,0.0000000000000000e+00
2.8612742964997369e-05,-9.1893853304268402e-01,-inf,0.0000000000000000e+00
-8.1619815514805946e-05,-9.1893853596423658e-01,-inf,0.0000000000000000e+00
-6.4541855068826932e-05,-9.1893853471616505e-01,-inf,0.0000000000000000e+00
-7.5227247215725081e-05,-9.1893853546290882e-01,-inf,0.0000000000000000e+00
9.1546481749345447e-05,-9.1893853682371862e-01,-inf,0.0000000000000000e+00
-4.7057198112578839e-05,-9.1893853374052936e-01,-inf,0.0000000000000000e+00
-5.6630407390595005e-05,-9.1893853423684102e-01,-inf,0.0000000000000000e+00
-7.6249119303941639e-05,-9.1893853554030358e-01,-inf,0.0000000000000000e+00
9.0082869330315019e-05,-9.1893853669080117e-01,-inf,0.0000000000000000e+00
5.9719352158613430e-05,-9.1893853441653994e-01,-inf,0.0000000000000000e+00
7.0680916727500735e-05,-9.1893853513123547e-01,-inf,0.0000000000000000e+00
8.9915277984682916e-05,-9.1893853667571812e-01,-inf,0.0000000000000000e+00
-9.0738496456451128e-05,-9.1893853675007686e-01,-inf,0.0000000000000000e+00
-6.6496857964011747e-05,-9.1893853484425547e-01,-inf,0.0000000000000000e+00
-9.7700786084604896e-06,-9.1893853268106673e-01,-inf,0.0000000000000000e+00
6.6694758433962208e-05,-9.1893853485743482e-01,-inf,0.0000000000000000e+00
-1.7907475407861600e-05,-9.1893853279367832e-01,-inf,0.0000000000000000e+00
3.6588333144434778e-05,-9.1893853330269248e-01,-inf,0.0000000000000000e+00
-7.8766913051844402e-07,-9.1893853263364966e-01,-inf,0.0000000000000000e+00
-8.3255538735075459e-05,-9.1893853609908183e-01,-inf,0.0000000000000000e+00
-7.5740481757948302e-05,-9.1893853550164972e-01,-inf,0.0000000000000000e+00
3.9163626417899815e-05,-9.1893853340023424e-01,-inf,0.0000000000000000e+00
-5.2168463936354915e-05,-9.1893853399411374e-01,-inf,0.0000000000000000e+00
7.8030030744795148e-05,-9.1893853567768236e-01,-inf,0.0000000000000000e+00
6.9520937127522648e-05,-9.1893853504991985e-01,-inf,0.0000000000000000e+00
-8.9840703257497423e-05,-9.1893853666901548e-01,-inf,0.0000000000000000e+00
9.1901847706616464e-06,-9.1893853267556924e-01,-inf,0.0000000000000000e+00
-2.0903736578327994e-05,-9.1893853285182259e-01,-inf,0.0000000000000000e+00
-5.5114098803087661e-05,-9.1893853415212146e-01,-inf,0.0000000000000000e+00
9.9656402086567691e-06,-9.1893853268299641e-01,-inf,0.0000000000000000e+00
5.4402069155634614e-05,-9.1893853411313198e-01,-inf,0.0000000000000000e+00
6.6629942945509044e-05,-9.1893853485311416e-01,-inf,0.0000000000000000e+00
-8.5142855018462775e-05,-9.1893853625799238e-01,-inf,0.0000000000000000e+00
1.5479167359489432e-06,-9.1893853263453751e-01,-inf,0.0000000000000000e+00
4.7677055402165858e-05,-9.1893853376989032e-01,-inf,0.0000000000000000e+00
7.4385120420511399e-05,-9.1893853539991255e-01,-inf,0.0000000000000000e+00
-8.2575864084326377e-05,-9.1893853604272613e-01,-inf,0.0000000000000000e+00
4.3798748509962809e-05,-9.1893853359250466e-01,-inf,0.0000000000000000e+00
-6.1510499971338011e-05,-9.1893853452511032e-01,-inf,0.0000000000000000e+00
-8.5797201198624363e-05,-9.1893853631391931e-01,-inf,0.0000000000000000e+00
5.6448687599373610e-05,-9.1893853422656668e-01,-inf,0.0000000000000000e+00
-4.0288298121926171e-05,-9.1893853344491294e-01,-inf,0.0000000000000000e+00
-4.0927894773614640e-05,-9.1893853347088572e-01,-inf,0.0000000000000000e+00
-7.3482542928163919e-05,-9.1893853533318148e-01,-inf,0.0000000000000000e+00
-7.1778866808597572e-05,-9.1893853520944235e-01,-inf,0.0000000000000000e+00
-2.0148601094444738e-06,-9.1893853263536929e-01,-inf,0.0000000000000000e+00
-7.2356247832973310e-05,-9.1893853525105273e-01,-inf,0.0000000000000000e+00
8.3152716852292512e-05,-9.1893853609052667e-01,-inf,0.0000000000000000e+00
4.0838708964304070e-05,-9.1893853346723953e-01,-inf,0.0000000000000000e+00
1.2270846895403879e-05,-9.1893853270862635e-01,-inf,0.0000000000000000e+00
-2.8846848348024006e-05,-9.1893853304940976e-01,-inf,0.0000000000000000e+00
-5.2128390468932740e-05,-9.1893853399202396e-01,-inf,0.0000000000000000e+00
7.9583732904985738e-05,-9.1893853580012475e-01,-inf,0.0000000000000000e+00
7.6374566280193457e-05,-9.1893853554987670e-01,-inf,0.0000000000000000e+00
9.0484907841826558e-05,-9.1893853672709869e-01,-inf,0.0000000000000000e+00
-2.4927716852361766e-05,-9.1893853294403505e-01,-inf,0.0000000000000000e+00
-5.2541231056036646e-05,-9.1893853401362990e-01,-inf,0.0000000000000000e+00
3.2537361630789865e-06,-9.1893853263863290e-01,-inf,0.0000000000000000e+00
-2.1421947622959144e-05,-9.1893853286278937e-01,-inf,0.0000000000000000e+00
-4.4005933851114354e-05,-9.1893853360160060e-01,-inf,0.0000000000000000e+00
5.2223166311184826e-05,-9.1893853399696901e-01,-inf,0.0000000000000000e+00
-4.5990696725568791e-05,-9.1893853369091161e-01,-inf,0.0000000000000000e+00
3.4127754078343388e-05,-9.1893853321569130e-01,-inf,0.0000000000000000e+00
8.9036340325494558e-05,-9.1893853659707436e-01,-inf,0.0000000000000000e+00
1.4625455265047303e-05,-9.1893853274029147e-01,-inf,0.0000000000000000e+00
-7.6866886939213553e-05,-9.1893853558759864e-01,-inf,0.0000000000000000e+00
-2.3614543846442714e-05,-9.1893853291216276e-01,-inf,0.0000000000000000e+00
-8.6662495878928351e-05,-9.1893853638853351e-01,-inf,0.0000000000000000e+00
-7.9763555854423066e-05,-9.1893853581445184e-01,-inf,0.0000000000000000e+00
