cmpt_0,logl,logv,weight
3.1339622663709754e+00,-5.8297982761518892e+00,-4.6101660193249021e+00,2.9240252272284915e-05
-2.7750802745484662e+00,-4.7694737977273345e+00,-4.6201660193248868e+00,8.3585556908437531e-05
-2.6018688885466625e+00,-4.3037993892268620e+00,-4.6301660193248999e+00,1.3183421014299485e-04
-2.3412404795812027e+00,-3.6596420242481495e+00,-4.6401660193248961e+00,2.4856453608899785e-04
-2.3256334631265019e+00,-3.6232240350402227e+00,-4.6501660193249013e+00,2.5521861806230271e-04
2.2957541481145971e+00,-3.5541820869260290e+00,-4.6601660193248975e+00,2.7074094785040721e-04
-2.1614929775884022e+00,-3.2549644787153280e+00,-4.6701660193249008e+00,3.6154266614221297e-04
-2.0789856136878218e+00,-3.0800291235938038e+00,-4.6801660193248891e+00,4.2637336882316967e-04
-2.0034481848888150e+00,-2.9258408474004831e+00,-4.6901660193248995e+00,4.9250454610465504e-04
1.9486265060973651e+00,-2.8175111627659515e+00,-4.7001660193248913e+00,5.4339330474528194e-04
1.8897161799175537e+00,-2.7044521529544356e+00,-4.7101660193249000e+00,6.0238235548004334e-04
-1.8767893089802641e+00,-2.6801075877846481e+00,-4.7201660193248962e+00,6.1108554090576314e-04
-1.8561096045735637e+00,-2.6415099647284550e+00,-4.7301660193248987e+00,6.2881341420515725e-04
1.7803850598951514e+00,-2.5038240133822702e+00,-4.7401660193249038e+00,7.1445536506962244e-04
1.7741877626969174e+00,-2.4928096412850858e+00,-4.7501660193248929e+00,7.1518045635064862e-04
1.7646124849758711e+00,-2.4758671436996988e+00,-4.7601660193248980e+00,7.2016287012782157e-04
-1.7131932486673098e+00,-2.3864540862729648e+00,-4.7701660193248987e+00,7.7968535897051771e-04
1.6258487238016086e+00,-2.2406305689769992e+00,-4.7801660193248923e+00,8.9311376543186032e-04
1.6126538289243757e+00,-2.2192647186055643e+00,-4.7901660193248956e+00,9.0332266939106517e-04
-1.6076344265778537e+00,-2.2111827573924918e+00,-4.8001660193248954e+00,9.0159172201682456e-04
-1.5905855894696845e+00,-2.1839197913476514e+00,-4.8101660193248987e+00,9.1729098736640551e-04
1.5712179918604996e+00,-2.1533015216064100e+00,-4.8201660193249003e+00,9.3640026351817483e-04
1.5285622164459887e+00,-2.0871897574064762e+00,-4.8301660193249010e+00,9.9044543990362867e-04
-1.4799799812422898e+00,-2.0141089050723036e+00,-4.8401660193248999e+00,1.0549362669031858e-03
-1.4526498648471904e+00,-1.9740343475536197e+00,-4.8501660193248908e+00,1.0871449110678652e-03
-1.4312009680045721e+00,-1.9431066380419515e+00,-4.8601660193248915e+00,1.1101361013263354e-03
1.4188857282068197e+00,-1.9255568874878379e+00,-4.8701660193248957e+00,1.1185490699189330e-03
-1.3983986846930461e+00,-1.8966979733089602e+00,-4.8801660193249008e+00,1.1398438579878368e-03
-1.3871204261393701e+00,-1.8809900709398732e+00,-4.8901660193249050e+00,1.1463685789657044e-03
1.3209601923072449e+00,-1.7914064474635363e+00,-4.9001660193248906e+00,1.2413292883894649e-03
1.3063991981016105e+00,-1.7722779650336049e+00,-4.9101660193248922e+00,1.2527126182045286e-03
1.2977441495797106e+00,-1.7610084715175227e+00,-4.9201660193249026e+00,1.2543039386226013e-03
-1.2947799051656221e+00,-1.7571660340436881e+00,-4.9301660193248953e+00,1.2466042137905457e-03
1.2924503686761397e+00,-1.7541525103788842e+00,-4.9401660193248880e+00,1.2379251961297929e-03
1.2118478913258632e+00,-1.6532261884888100e+00,-4.9501660193249064e+00,1.3557612045464425e-03
1.1995898950383208e+00,-1.6384464907723642e+00,-4.9601660193248920e+00,1.3622568445112852e-03
-1.1948768354337169e+00,-1.6328038585613864e+00,-4.9701660193249033e+00,1.3563339040031134e-03
1.1572480258810902e+00,-1.5885500293361798e+00,-4.9801660193248907e+00,1.4035984077488436e-03
1.1249619678404641e+00,-1.5517082471770842e+00,-4.9901660193248940e+00,1.4417836781836892e-03
-1.1213752650033990e+00,-1.5476797751140612e+00,-5.0001660193249080e+00,1.4331996819650812e-03
-1.1202197378408534e+00,-1.5463846631574545e+00,-5.0101660193248980e+00,1.4207779823796987e-03
1.0980777422685697e+00,-1.5218258966661593e+00,-5.0201660193248872e+00,1.4416140630483666e-03
1.0881046560796894e+00,-1.5109244039244891e+00,-5.0301660193248994e+00,1.4429142536306087e-03
1.0685002994513835e+00,-1.4897849775971874e+00,-5.0401660193249072e+00,1.4590773473159655e-03
1.0674640547355605e+00,-1.4886782867095814e+00,-5.0501660193248954e+00,1.4461588506838835e-03
1.0398655393880862e+00,-1.4595987026367774e+00,-5.0601660193248881e+00,1.4740158651207829e-03
-1.0385979037815485e+00,-1.4582813355030528e+00,-5.0701660193248976e+00,1.4612729277038760e-03
1.0326637241731058e+00,-1.4521357162448738e+00,-5.0801660193248974e+00,1.4556514660590278e-03
1.0282850277694677e+00,-1.4476235818007670e+00,-5.0901660193249070e+00,1.4476849261607899e-03
-1.0266963934498752e+00,-1.4459912747948298e+00,-5.1001660193248899e+00,1.4356216842860399e-03
-9.9908558859671004e-01,-1.4180245393041568e+00,-5.1101660193248888e+00,1.4616482252226980e-03
-9.8114464920270195e-01,-1.4002609439628859e+00,-5.1201660193249117e+00,1.4730400340530201e-03
9.6547750382447295e-01,-1.3850119378289070e+00,-5.1301660193248875e+00,1.4807923584271227e-03
-9.6380968565114999e-01,-1.3834030877108239e+00,-5.1401660193248944e+00,1.4684187946210280e-03
9.6128353940120981e-01,-1.3809715541951981e+00,-5.1501660193248933e+00,1.4573470670390303e-03
-9.3609401801828729e-01,-1.3570745379181504e+00,-5.1601660193249019e+00,1.4777412236935525e-03
-9.3090985101643831e-01,-1.3522351079930632e+00,-5.1701660193248982e+00,1.4701348799716738e-03
9.2401798061845242e-01,-1.3458431468864407e+00,-5.1801660193248997e+00,1.4648401337153262e-03
9.2057240026664722e-01,-1.3426653046996875e+00,-5.1901660193249066e+00,1.4548807739411934e-03
-8.8442200249478342e-01,-1.3100396718817808e+00,-5.2001660193248975e+00,1.4881735873548670e-03
-8.8150550006129524e-01,-1.3074645059524965e+00,-5.2101660193248884e+00,1.4771650642024911e-03
-8.6949140148808668e-01,-1.2969461812641980e+00,-5.2201660193248891e+00,1.4779309137861844e-03
8.6398420732598868e-01,-1.2921728878876979e+00,-5.2301660193248987e+00,1.4702263547645622e-03
-8.6277310604691870e-01,-1.2911272488922632e+00,-5.2401660193248967e+00,1.4571201834916439e-03
-8.6273299081031729e-01,-1.2910926393495969e+00,-5.2501660193248982e+00,1.4426715247561259e-03
-8.6010369969693046e-01,-1.2888277197495133e+00,-5.2601660193248856e+00,1.4315553920361383e-03
-8.5595086822602973e-01,-1.2852644770417865e+00,-5.2701660193249014e+00,1.4223704098900798e-03
-8.4115460472098968e-01,-1.2727090671550016e+00,-5.2801660193248923e+00,1.4260097973811149e-03
8.4003471151359366e-01,-1.2717676909072027e+00,-5.2901660193249151e+00,1.4131504431206239e-03
-8.3534587555299300e-01,-1.2678398985350376e+00,-5.3001660193248936e+00,1.4045955002017446e-03
-8.0118520430160378e-01,-1.2398873984292407e+00,-5.3101660193248952e+00,1.4300392067848084e-03
8.0114320537349437e-01,-1.2398537503913980e+00,-5.3201660193249030e+00,1.4158577189646864e-03
-7.9943484337151660e-01,-1.2384865670315601e+00,-5.3301660193248930e+00,1.4036874861650867e-03
-7.8917326470253835e-01,-1.2303357534939707e+00,-5.3401660193248937e+00,1.4010942047376442e-03
-7.5666013033148571e-01,-1.2052058090499700e+00,-5.3501660193248943e+00,1.4224538599535562e-03
-7.5479096109146127e-01,-1.2037932301060255e+00,-5.3601660193249012e+00,1.4102909484911639e-03
7.5376805208538145e-01,-1.2030216708056347e+00,-5.3701660193248957e+00,1.3973360308892999e-03
7.4872708600626814e-01,-1.1992346572930583e+00,-5.3801660193248910e+00,1.3886813146686530e-03
7.4816626871577063e-01,-1.1988149154553789e+00,-5.3901660193249050e+00,1.3754409136671314e-03
7.4335833733600953e-01,-1.1952293414768178e+00,-5.4001660193248888e+00,1.3666464854379869e-03
7.3564179825076015e-01,-1.1895229603001456e+00,-5.4101660193248966e+00,1.3607912055285333e-03
7.3347980974944227e-01,-1.1879348482883785e+00,-5.4201660193249124e+00,1.3493923923169895e-03
-7.2973946286611302e-01,-1.1851983744654011e+00,-5.4301660193248917e+00,1.3396265554941748e-03
7.2819681743824394e-01,-1.1840738350969331e+00,-5.4401660193249004e+00,1.3277893607229758e-03
-7.1789705340359555e-01,-1.1766266222761219e+00,-5.4501660193248966e+00,1.3244041198044614e-03
7.1673519083251125e-01,-1.1757931995221975e+00,-5.4601660193248893e+00,1.3123193397896809e-03
-7.0466916177734962e-01,-1.1672178464133358e+00,-5.4701660193248998e+00,1.3104510792438327e-03
6.9494239838667826e-01,-1.1604110011710538e+00,-5.4801660193248960e+00,1.3062732798751770e-03
6.7031771226904457e-01,-1.1436014503241423e+00,-5.4901660193248976e+00,1.3151987689908923e-03
-6.6540678956752630e-01,-1.1403216304346206e+00,-5.5001660193248920e+00,1.3063900276970306e-03
6.6198350888597857e-01,-1.1380496156518358e+00,-5.5101660193248962e+00,1.2963331745323859e-03
6.5484150224111093e-01,-1.1333472291620370e+00,-5.5201660193248889e+00,1.2894838609200938e-03
6.5227767239187151e-01,-1.1316716135838183e+00,-5.5301660193248949e+00,1.2787942554768981e-03
6.4882025272806310e-01,-1.1294223928083933e+00,-5.5401660193249169e+00,1.2689209159942934e-03
6.4143757453733008e-01,-1.1246596136475060e+00,-5.5501660193248945e+00,1.2622926688770780e-03
6.3656942433596231e-01,-1.1215488486330487e+00,-5.5601660193249005e+00,1.2536263245783077e-03
-6.2984197665041408e-01,-1.1172889904087899e+00,-5.5701660193248888e+00,1.2464509452905679e-03
-6.2669078567390879e-01,-1.1153092030576299e+00,-5.5801660193249027e+00,1.2364941249329215e-03
6.1232806471076473e-01,-1.1064113620495548e+00,-5.5901660193248945e+00,1.2351320625572028e-03
6.0978228925928724e-01,-1.1048557527804881e+00,-5.6001660193248943e+00,1.2247460383568263e-03
-6.0955140456945633e-01,-1.1047149900396380e+00,-5.6101660193248959e+00,1.2127303068879896e-03
6.0629542758517108e-01,-1.1027356053886821e+00,-5.6201660193248966e+00,1.2030423671290707e-03
-6.0327767793822373e-01,-1.1009105109826072e+00,-5.6301660193248981e+00,1.1932476991426812e-03
-5.9673736760873419e-01,-1.0969862755836401e+00,-5.6401660193248970e+00,1.1860197867937629e-03
-5.8588500421191192e-01,-1.0905691517135354e+00,-5.6501660193248862e+00,1.1817780281955246e-03
5.8362031811001647e-01,-1.0892448704887578e+00,-5.6601660193248939e+00,1.1715696011200358e-03
-5.8353102849685590e-01,-1.0891927632426386e+00,-5.6701660193248991e+00,1.1599727302242782e-03
-5.6326662233519176e-01,-1.0775731765517873e+00,-5.6801660193248944e+00,1.1618529287811949e-03
5.4316949362000067e-01,-1.0664550820330434e+00,-5.6901660193249093e+00,1.1631527166798884e-03
5.3388428732631954e-01,-1.0614547487603054e+00,-5.7001660193248957e+00,1.1573518540171311e-03
-5.3151478202551572e-01,-1.0601925143891553e+00,-5.7101660193248964e+00,1.1472832374328477e-03
-5.3146579406857963e-01,-1.0601664777658124e+00,-5.7201660193248935e+00,1.1358971530249186e-03
5.3071011999196260e-01,-1.0597651483642812e+00,-5.7301660193249049e+00,1.1250462110402057e-03
5.2396445825534377e-01,-1.0562079093907475e+00,-5.7401660193248940e+00,1.1178211069605652e-03
-5.1195002296387671e-01,-1.0499849456396964e+00,-5.7501660193249133e+00,1.1136070195100886e-03
-5.0591046640217607e-01,-1.0469112326409731e+00,-5.7601660193248856e+00,1.1059205079080702e-03
-5.0046035520092125e-01,-1.0441688161972555e+00,-5.7701660193248978e+00,1.0979232528914925e-03
4.9200441023758668e-01,-1.0399727024799572e+00,-5.7801660193248940e+00,1.0915694872866890e-03
-4.9095280503880406e-01,-1.0394558610210745e+00,-5.7901660193249018e+00,1.0812668885780950e-03
4.8190355160386122e-01,-1.0350540491575471e+00,-5.8001660193249007e+00,1.0752306648326283e-03
4.7528111217939339e-01,-1.0318846004305799e+00,-5.8101660193248863e+00,1.0679112728453326e-03
4.7428762455573997e-01,-1.0314129080367027e+00,-5.8201660193248959e+00,1.0577842092485703e-03
-4.7202654325168836e-01,-1.0303430614004085e+00,-5.8301660193249027e+00,1.0483800866590532e-03
-4.6495223470851815e-01,-1.0270288229135620e+00,-5.8401660193248812e+00,1.0413942462778043e-03
4.6254040298180882e-01,-1.0259103448286264e+00,-5.8501660193249023e+00,1.0321860324633172e-03
-4.5655341305917196e-01,-1.0231590421213288e+00,-5.8601660193249074e+00,1.0247310803523037e-03
4.5535231495157874e-01,-1.0226113979992204e+00,-5.8701660193248939e+00,1.0150905919443034e-03
-4.5104691794582397e-01,-1.0206601937275530e+00,-5.8801660193248937e+00,1.0069531274495332e-03
-4.4924260672192828e-01,-1.0198479924804960e+00,-5.8901660193248944e+00,9.9774381619418531e-04
-4.4500683678374953e-01,-1.0179540750254787e+00,-5.9001660193248942e+00,9.8968871422947750e-04
-4.4470954971861387e-01,-1.0178218244388055e+00,-5.9101660193248859e+00,9.7997074012206057e-04
4.3785953759393520e-01,-1.0147990199643269e+00,-5.9201660193248999e+00,9.7315709038355675e-04
4.3010712780431537e-01,-1.0114346033273782e+00,-5.9301660193249086e+00,9.6672100259905718e-04
-4.2725367103170042e-01,-1.0102113823383716e+00,-5.9401660193248942e+00,9.5827343145413180e-04
4.2703141430820957e-01,-1.0101164470363744e+00,-5.9501660193249002e+00,9.4882852454430001e-04
-4.2525648134233301e-01,-1.0093600700951706e+00,-5.9601660193248973e+00,9.4009832282521100e-04
4.1575290067212278e-01,-1.0053637698419815e+00,-5.9701660193248847e+00,9.3447116355214457e-04
4.0316193294778224e-01,-1.0002083047224355e+00,-5.9801660193249111e+00,9.2995503351287585e-04
-4.0259716644592508e-01,-9.9998077184848344e-01,-5.9901660193249064e+00,9.2091134009095600e-04
3.9954224106887204e-01,-9.9875553383250781e-01,-6.0001660193248911e+00,9.1286591225283340e-04
3.9663217560737984e-01,-9.9759707399686115e-01,-6.0101660193249042e+00,9.0483034735669324e-04
3.8369195433103392e-01,-9.9254829054252358e-01,-6.0201660193248863e+00,9.0036140884051658e-04
3.8198120027345822e-01,-9.9189335131451539e-01,-6.0301660193249038e+00,8.9198666893202056e-04
-3.7704921282742054e-01,-9.9002158708022825e-01,-6.0401660193248912e+00,8.8476577729780905e-04
-3.7606875856774225e-01,-9.8965238821868085e-01,-6.0501660193248936e+00,8.7628567467919237e-04
3.7366093480211016e-01,-9.8874977973193290e-01,-6.0601660193249005e+00,8.6834991291693208e-04
3.7192237789551974e-01,-9.8810166022306833e-01,-6.0701660193248959e+00,8.6026706214293626e-04
-3.6421623208031523e-01,-9.8526526448873053e-01,-6.0801660193248939e+00,8.5412646999284626e-04
-3.4773900982055927e-01,-9.7939974210883096e-01,-6.0901660193248954e+00,8.5060239334595585e-04
-3.4614586163611216e-01,-9.7884701139724273e-01,-6.1001660193248943e+00,8.4260436273897238e-04
-3.4388053953573061e-01,-9.7806544536903206e-01,-6.1101660193249021e+00,8.3487256235602130e-04
3.3763139935611841e-01,-9.7593601354892479e-01,-6.1201660193248895e+00,8.2832743166808540e-04
3.3652812458307590e-01,-9.7556412195104059e-01,-6.1301660193249070e+00,8.2039047561336558e-04
-3.3364883503878756e-01,-9.7459930519470950e-01,-6.1401660193248890e+00,8.1301148280924168e-04
3.3315613387271037e-01,-9.7443503740184512e-01,-6.1501660193248942e+00,8.0505411699322731e-04
-3.2936320805429642e-01,-9.7317859404324836e-01,-6.1601660193248957e+00,7.9804576433497893e-04
3.2913737827166956e-01,-9.7310423952111347e-01,-6.1701660193249035e+00,7.9016382637359204e-04
-3.2897301241782789e-01,-9.7305015408296969e-01,-6.1801660193248864e+00,7.8234387720292349e-04
-3.2866179411347918e-01,-9.7294782008828495e-01,-6.1901660193249004e+00,7.7463869337538794e-04
3.2190704048794788e-01,-9.7075060399119417e-01,-6.2001660193248940e+00,7.6861787516716213e-04
-3.2141288196844714e-01,-9.7059165298097094e-01,-6.2101660193249044e+00,7.6109096608967806e-04
-3.1884326603992952e-01,-9.6976904678284415e-01,-6.2201660193248891e+00,7.5413808802505264e-04
-3.1557626864687471e-01,-9.6873272329988169e-01,-6.2301660193249182e+00,7.4740844438822259e-04
-3.1502703857396147e-01,-9.6855955014967954e-01,-6.2401660193248949e+00,7.4009976041951385e-04
3.1447593091575748e-01,-9.6838608819600558e-01,-6.2501660193249009e+00,7.3286275754189795e-04
-3.1093847115076095e-01,-9.6727989905412581e-01,-6.2601660193249007e+00,7.2637371372900915e-04
-3.0660224363792915e-01,-9.6594100053524545e-01,-6.2701660193248960e+00,7.2010968314129280e-04
-2.9811896963428747e-01,-9.6337599266124407e-01,-6.2801660193248861e+00,7.1477552759180137e-04
2.8869135746709612e-01,-9.6060988257143676e-01,-6.2901660193248929e+00,7.0962357690316873e-04
2.8277021280084819e-01,-9.5891802925705794e-01,-6.3001660193249061e+00,7.0375234344102039e-04
2.8252053302898344e-01,-9.5884745842482988e-01,-6.3101660193248987e+00,6.9679906257904308e-04
2.7875729310392267e-01,-9.5779134686265255e-01,-6.3201660193248861e+00,6.9059475617038314e-04
-2.7419906481510659e-01,-9.5653109620607901e-01,-6.3301660193249081e+00,6.8458542935950762e-04
2.7178769531419356e-01,-9.5587280829543997e-01,-6.3401660193248830e+00,6.7822000763758435e-04
2.7166896143617270e-01,-9.5584054493724380e-01,-6.3501660193249094e+00,6.7149327008534775e-04
-2.7121817836610962e-01,-9.5571818277145493e-01,-6.3601660193248941e+00,6.6489315320058476e-04
2.6986709826579347e-01,-9.5535265799653923e-01,-6.3701660193248877e+00,6.5851801645054717e-04
2.6391579609778837e-01,-9.5376430634830411e-01,-6.3801660193248928e+00,6.5300202627170743e-04
-2.6299053373470194e-01,-9.5352054305037115e-01,-6.3901660193248988e+00,6.4666216083819649e-04
2.6233613069879419e-01,-9.5334865536834690e-01,-6.4001660193248995e+00,6.4033782155462429e-04
-2.6205689843665730e-01,-9.5327544164245970e-01,-6.4101660193248904e+00,6.3401277051146332e-04
-2.5973990740295877e-01,-9.5267094238218830e-01,-6.4201660193248964e+00,6.2808379949803633e-04
2.5625820148521550e-01,-9.5177266554755813e-01,-6.4301660193248935e+00,6.2239309154002453e-04
2.5584480059617010e-01,-9.5166681362938643e-01,-6.4401660193249013e+00,6.1626540622878895e-04
2.5225849005050849e-01,-9.5075570553462074e-01,-6.4501660193249020e+00,6.1068961383748646e-04
-2.4966285083351869e-01,-9.5010430217649933e-01,-6.4601660193249000e+00,6.0500712599334658e-04
-2.4792854684094312e-01,-9.4967281480267030e-01,-6.4701660193248838e+00,5.9924571569075946e-04
-2.4779849177034649e-01,-9.4964057889516873e-01,-6.4801660193249280e+00,5.9330224652258791e-04
2.4662757598769380e-01,-9.4935111325212229e-01,-6.4901660193248931e+00,5.8756884691289508e-04
-2.4434915406673749e-01,-9.4879178717990453e-01,-6.5001660193248920e+00,5.8204790274097933e-04
-2.3970005329359900e-01,-9.4766659040781653e-01,-6.5101660193248971e+00,5.7690519614365325e-04
-2.3531887388427872e-01,-9.4662601883642206e-01,-6.5201660193249014e+00,5.7175954081471227e-04
2.3422635835343730e-01,-9.4636952610709590e-01,-6.5301660193248852e+00,5.6621564990189414e-04
-2.3202609044597672e-01,-9.4585658595716171e-01,-6.5401660193249009e+00,5.6086932867720673e-04
2.2575258916395091e-01,-9.4442064839045325e-01,-6.5501660193249043e+00,5.5608651810583473e-04
2.2390285488665521e-01,-9.4400477684653672e-01,-6.5601660193248890e+00,5.5078237189413808e-04
-2.1997563764713357e-01,-9.4313317321247092e-01,-6.5701660193248967e+00,5.4577749011811558e-04
-2.1933425671129714e-01,-9.4299229071688806e-01,-6.5801660193249019e+00,5.4042304413973109e-04
2.1841661689738365e-01,-9.4279144190178865e-01,-6.5901660193248821e+00,5.3515321910134006e-04
-2.1816444657465656e-01,-9.4273639550795252e-01,-6.6001660193249112e+00,5.2985752154465892e-04
2.1664959661911573e-01,-9.4240705649095224e-01,-6.6101660193249039e+00,5.2475814599239434e-04
2.1433638645530631e-01,-9.4190857591269872e-01,-6.6201660193248770e+00,5.1979575871923997e-04
-2.1408706428729621e-01,-9.4185516818091597e-01,-6.6301660193249310e+00,5.1465119012222339e-04
2.1250132218452486e-01,-9.4151693859842511e-01,-6.6401660193248597e+00,5.0970269259675025e-04
2.1005165112010774e-01,-9.4099938070248124e-01,-6.6501660193249164e+00,5.0489230945812693e-04
-2.0944153774868002e-01,-9.4087141150060538e-01,-6.6601660193248859e+00,4.9993251891240233e-04
2.0841606185159806e-01,-9.4065716005220401e-01,-6.6701660193249168e+00,4.9506416408739604e-04
2.0501034565561832e-01,-9.3995315354625752e-01,-6.6801660193248669e+00,4.9048337531777187e-04
2.0491225100714339e-01,-9.3993304793974675e-01,-6.6901660193249173e+00,4.8561274763073636e-04
2.0213102634914265e-01,-9.3936700853981836e-01,-6.7001660193248824e+00,4.8105303798095356e-04
-2.0120558662462049e-01,-9.3918037667781828e-01,-6.7101660193249124e+00,4.7635537507262609e-04
1.9980614809961880e-01,-9.3889978104254290e-01,-6.7201660193248767e+00,4.7174791173163302e-04
-1.9952740608814104e-01,-9.3884412552347041e-01,-6.7301660193249155e+00,4.6707993643432772e-04
-1.9772071478174841e-01,-9.3848527316024222e-01,-6.7401660193248771e+00,4.6259838815721627e-04
1.9705641014759201e-01,-9.3835414702346742e-01,-6.7501660193249133e+00,4.5805551640021650e-04
1.9669915759647646e-01,-9.3828381193292121e-01,-6.7601660193248811e+00,4.5352968578966875e-04
1.9564833255716574e-01,-9.3807766764953915e-01,-6.7701660193249182e+00,4.4910956184323925e-04
-1.9043688980359338e-01,-9.3707163713237240e-01,-6.7801660193248727e+00,4.4508839438477772e-04
1.8970448226955841e-01,-9.3693242792992004e-01,-6.7901660193249160e+00,4.4072103901844720e-04
-1.8670782409999936e-01,-9.3636843842341766e-01,-6.8001660193248785e+00,4.3658194962645778e-04
-1.8573651449392903e-01,-9.3618755904151618e-01,-6.8101660193249165e+00,4.3231607663858201e-04
-1.8217664079290447e-01,-9.3553269685863294e-01,-6.8201660193248683e+00,4.2829484208244931e-04
1.8063838334811089e-01,-9.3525364540264899e-01,-6.8301660193249196e+00,4.2415158080276905e-04
1.7814108446351434e-01,-9.3480565562025797e-01,-6.8401660193248786e+00,4.2011936909138175e-04
-1.7725885891684173e-01,-9.3464888416558989e-01,-6.8501660193249103e+00,4.1600432401487676e-04
-1.7659876647661576e-01,-9.3453209479387056e-01,-6.8601660193249190e+00,4.1191311609480377e-04
1.7624804103643163e-01,-9.3447021861792934e-01,-6.8701660193248753e+00,4.0783974689199059e-04
-1.7519551417916693e-01,-9.3428526672759082e-01,-6.8801660193249150e+00,4.0385636069706582e-04
1.7461962601081665e-01,-9.3418453952741820e-01,-6.8901660193248739e+00,3.9987819934961331e-04
-1.7217087601366970e-01,-9.3375993790699663e-01,-6.9001660193249190e+00,3.9606747998201578e-04
-1.6804193582375246e-01,-9.3305757873103656e-01,-6.9101660193248833e+00,3.9240205312737953e-04
1.6792566965963776e-01,-9.3303804789865841e-01,-6.9201660193249088e+00,3.8850517521694169e-04
1.6592847909746494e-01,-9.3270466272113839e-01,-6.9301660193248731e+00,3.8476773861482089e-04
1.6549624016049658e-01,-9.3263303538696984e-01,-6.9401660193249235e+00,3.8096652228678023e-04
1.6438628745596884e-01,-9.3244995838511768e-01,-6.9501660193248753e+00,3.7724490059770058e-04
-1.5683162780780741e-01,-9.3123661237376276e-01,-6.9601660193249106e+00,3.7394470027901720e-04
1.5381687760385443e-01,-9.3076834855123902e-01,-6.9701660193248811e+00,3.7039729139179802e-04
1.5253987112445080e-01,-9.3057273877467150e-01,-6.9801660193249200e+00,3.6678351618853270e-04
-1.5178754839675995e-01,-9.3045826255748887e-01,-6.9901660193248638e+00,3.6317553180588571e-04
-1.4784324233648394e-01,-9.2986734478562161e-01,-7.0001660193249240e+00,3.5977440917707735e-04
1.4717503018999825e-01,-9.2976877738905295e-01,-7.0101660193248723e+00,3.5622970489715774e-04
1.4646658626171172e-01,-9.2966476307891921e-01,-7.0201660193249227e+00,3.5272184632146409e-04
1.4624909419127316e-01,-9.2963293140922343e-01,-7.0301660193248745e+00,3.4922332149477754e-04
1.4525276824991512e-01,-9.2948771597547120e-01,-7.0401660193249143e+00,3.4579870305003504e-04
1.4342180465191776e-01,-9.2922343965814591e-01,-7.0501660193248732e+00,3.4244843751973694e-04
1.4339426527005894e-01,-9.2921949028950945e-01,-7.0601660193249218e+00,3.3904235763467102e-04
-1.4206525548754115e-01,-9.2902980104170962e-01,-7.0701660193248737e+00,3.3573250861738637e-04
1.4165390321297294e-01,-9.2897144678107457e-01,-7.0801660193249205e+00,3.3241131139116585e-04
1.4027551645667119e-01,-9.2877714289193236e-01,-7.0901660193248635e+00,3.2916771593327447e-04
1.4004343413061190e-01,-9.2874461435488698e-01,-7.1001660193249299e+00,3.2590304341211288e-04
-1.3627138121137478e-01,-9.2822347730196741e-01,-7.1101660193249048e+00,3.2282844798462140e-04
1.3490949513824393e-01,-9.2803881857256743e-01,-7.1201660193248903e+00,3.1967527663714142e-04
1.3270401357670683e-01,-9.2774371024302282e-01,-7.1301660193249061e+00,3.1658786842102759e-04
-1.2994492091397519e-01,-9.2738137386900910e-01,-7.1401660193248810e+00,3.1355135697877967e-04
1.2958437559112024e-01,-9.2733458783200973e-01,-7.1501660193249181e+00,3.1044599304660508e-04
1.2939226942624615e-01,-9.2730971232697657e-01,-7.1601660193248691e+00,3.0736464955969240e-04
-1.2917688401643371e-01,-9.2728186631543708e-01,-7.1701660193249195e+00,3.0431479403221409e-04
1.2729043324336786e-01,-9.2703995983098164e-01,-7.1801660193248802e+00,3.0135970328851132e-04
1.2680333669807287e-01,-9.2697807573222191e-01,-7.1901660193249199e+00,2.9837958852006968e-04
-1.2630951351770503e-01,-9.2691557923587908e-01,-7.2001660193248691e+00,2.9542912471673444e-04
-1.2557404737355982e-01,-9.2682295332022802e-01,-7.2101660193249142e+00,2.9251664917813203e-04
-1.2535410558370513e-01,-9.2679535852668482e-01,-7.2201660193248784e+00,2.8961405161737980e-04
-1.2256631560074362e-01,-9.2644978349330998e-01,-7.2301660193249093e+00,2.8683144831749124e-04
-1.2001153357450234e-01,-9.2613991672879137e-01,-7.2401660193248807e+00,2.8406543652229489e-04
-1.1834400701624112e-01,-9.2594118463166952e-01,-7.2501660193249204e+00,2.8129483496080885e-04
-1.1761912944281847e-01,-9.2585566243878270e-01,-7.2601660193248732e+00,2.7851972318642700e-04
1.1628596267087574e-01,-9.2569974519048559e-01,-7.2701660193249209e+00,2.7579140292112420e-04
1.1319709112219503e-01,-9.2534532335260278e-01,-7.2801660193248701e+00,2.7314402366495196e-04
1.1194249893068284e-01,-9.2520409416676241e-01,-7.2901660193249196e+00,2.7046438998747655e-04
1.1055564465396582e-01,-9.2504980791576641e-01,-7.3001660193248741e+00,2.6781454125631820e-04
-1.0764197429340183e-01,-9.2473192994823017e-01,-7.3101660193249165e+00,2.6523404070514400e-04
1.0496019120835841e-01,-9.2444685350258704e-01,-7.3201660193248701e+00,2.6266978820197270e-04
-1.0130804467460169e-01,-9.2407019259123502e-01,-7.3301660193249187e+00,2.6015415158794268e-04
-9.9444027347871861e-02,-9.2388308992092161e-01,-7.3401660193248670e+00,2.5761377024421993e-04
9.8654144077466047e-02,-9.2380485270516821e-01,-7.3501660193249228e+00,2.5507042562106328e-04
-9.8118367352400968e-02,-9.2375213963928982e-01,-7.3601660193249163e+00,2.5254574459007288e-04
-9.7055470701191790e-02,-9.2364841482985438e-01,-7.3701660193248806e+00,2.5005880840259519e-04
-9.6383202129318835e-02,-9.2358339345968998e-01,-7.3801660193249123e+00,2.4758677959478049e-04
-9.6138315179798012e-02,-9.2355982045614460e-01,-7.3901660193248775e+00,2.4512902833566028e-04
-9.3753556484571343e-02,-9.2333339731009234e-01,-7.4001660193249128e+00,2.4274491059516628e-04
9.3310823180794006e-02,-9.2329198749467822e-01,-7.4101660193248815e+00,2.4033951058691767e-04
9.2835449643587920e-02,-9.2324774298860302e-01,-7.4201660193249213e+00,2.3795862062865334e-04
-9.2415904828932666e-02,-9.2320888236601462e-01,-7.4301660193248713e+00,2.3560004817925226e-04
9.1503862975671729e-02,-9.2312501110307477e-01,-7.4401660193249155e+00,2.3327535280915525e-04
9.0226288347528355e-02,-9.2300892418782510e-01,-7.4501660193248709e+00,2.3098103658620174e-04
-8.9108084165557044e-02,-9.2290865796516741e-01,-7.4601660193249204e+00,2.2870566717512962e-04
8.8773571813441254e-02,-9.2287890615959756e-01,-7.4701660193248687e+00,2.2643674456602317e-04
-8.7171302293216540e-02,-9.2273795060508712e-01,-7.4801660193249200e+00,2.2421526347177260e-04
8.6459691612042644e-02,-9.2267617177016426e-01,-7.4901660193248718e+00,2.2199799867834576e-04
-8.4669786180644080e-02,-9.2252301897927746e-01,-7.5001660193249187e+00,2.1982274557319397e-04
-8.3925574284629031e-02,-9.2246028364284183e-01,-7.5101660193248811e+00,2.1764912657192050e-04
-8.2054749222787993e-02,-9.2230502356834676e-01,-7.5201660193249156e+00,2.1551694015690002e-04
7.9318055699035453e-02,-9.2208420961327708e-01,-7.5301660193248807e+00,2.1341963160275920e-04
7.9249085334042596e-02,-9.2207874139648061e-01,-7.5401660193249151e+00,2.1129722620299575e-04
7.8042993694286911e-02,-9.2198388706572276e-01,-7.5501660193248670e+00,2.0921462764627829e-04
7.5765616503401301e-02,-9.2180874695540971e-01,-7.5601660193249183e+00,2.0716918777630755e-04
-7.5497945704811831e-02,-9.2178850253616285e-01,-7.5701660193248737e+00,2.0511197224662041e-04
7.5349094499673641e-02,-9.2177727565429979e-01,-7.5801660193249241e+00,2.0307335389047588e-04
7.3436550474463236e-02,-9.2163499610613364e-01,-7.5901660193248759e+00,2.0108134798630186e-04
-7.1449498595801533e-02,-9.2149104805813520e-01,-7.6001660193249183e+00,1.9910921446387290e-04
-7.0863203645891798e-02,-9.2144932944881908e-01,-7.6101660193249154e+00,1.9713626875731400e-04
7.0757009732997728e-02,-9.2144180984651725e-01,-7.6201660193248788e+00,1.9517619775098500e-04
7.0381246216704385e-02,-9.2141529254284760e-01,-7.6301660193249159e+00,1.9323928625204529e-04
-7.0368333384566897e-02,-9.2141438380500029e-01,-7.6401660193248722e+00,1.9131669708429840e-04
-7.0126253808330971e-02,-9.2139737836993474e-01,-7.6501660193249155e+00,1.8941628522069188e-04
-6.8081529112778677e-02,-9.2125607993650649e-01,-7.6601660193248744e+00,1.8755806148016934e-04
-6.7506931526869179e-02,-9.2121712553542612e-01,-7.6701660193249159e+00,1.8569906124156970e-04
6.7266821941861676e-02,-9.2120094530041852e-01,-7.6801660193248740e+00,1.8385429949130708e-04
6.5610256808638343e-02,-9.2109088553258722e-01,-7.6901660193249164e+00,1.8204495336820444e-04
-6.4395465624199386e-02,-9.2101192062981818e-01,-7.7001660193248771e+00,1.8024780850579717e-04
6.3626274750415407e-02,-9.2096268405264714e-01,-7.7101660193249213e+00,1.7846309954066598e-04
6.3584835559856764e-02,-9.2096004828992650e-01,-7.7201660193248687e+00,1.7668782773718259e-04
6.3267730980340248e-02,-9.2093993552503983e-01,-7.7301660193249209e+00,1.7493327283309553e-04
6.2954840622176295e-02,-9.2092018861222125e-01,-7.7401660193248754e+00,1.7319607773969177e-04
-6.0650694230132043e-02,-9.2077778598863791e-01,-7.7501660193249249e+00,1.7149716788005372e-04
-6.0003730486913986e-02,-9.2073875646951253e-01,-7.7601660193248740e+00,1.6979736952846562e-04
-5.9123612085716794e-02,-9.2068633338637063e-01,-7.7701660193249085e+00,1.6811667043588625e-04
-5.8402287955640141e-02,-9.2064394625256618e-01,-7.7801660193248710e+00,1.6645093684412420e-04
5.7504763117329549e-02,-9.2059193152392960e-01,-7.7901660193249276e+00,1.6480329432560568e-04
-5.7499768261195947e-02,-9.2059164430838514e-01,-7.8001660193248776e+00,1.6316352101148195e-04
5.7249393863397002e-02,-9.2057727918220267e-01,-7.8101660193249041e+00,1.6154233741073534e-04
5.6798331311795638e-02,-9.2055155785324172e-01,-7.8201660193248710e+00,1.5993907808969075e-04
-5.6544313924304590e-02,-9.2053716235192462e-01,-7.8301660193249258e+00,1.5834993718300678e-04
5.6200844010208070e-02,-9.2051780006706929e-01,-7.8401660193248759e+00,1.5677736452083819e-04
-5.4707625068802002e-02,-9.2043499475367374e-01,-7.8501660193249148e+00,1.5523025703739445e-04
-5.4550222262887055e-02,-9.2042639600780463e-01,-7.8601660193249234e+00,1.5368701168258671e-04
5.4517379278677808e-02,-9.2042460495504708e-01,-7.8701660193248681e+00,1.5215807288865196e-04
5.4378244145641963e-02,-9.2041702935152103e-01,-7.8801660193249283e+00,1.5064521599110128e-04
5.4367714710467308e-02,-9.2041645683475881e-01,-7.8901660193248713e+00,1.4914635643587031e-04
5.3777649202878114e-02,-9.2038455041023337e-01,-7.9001660193249208e+00,1.4766703684562321e-04
-5.3721711763281013e-02,-9.2038154379072801e-01,-7.9101660193248717e+00,1.4619816484084198e-04
5.3571564913942736e-02,-9.2037348891700388e-01,-7.9201660193249150e+00,1.4474463469016182e-04
5.3252751246500654e-02,-9.2035646039100028e-01,-7.9301660193248669e+00,1.4330684179459050e-04
5.3110992008898412e-02,-9.2034892136942414e-01,-7.9401660193249226e+00,1.4188198454115526e-04
-5.1894907280762015e-02,-9.2028507333417886e-01,-7.9501660193248807e+00,1.4047920424183172e-04
5.1802656786173129e-02,-9.2028029025839253e-01,-7.9601660193249080e+00,1.3908207804336605e-04
-5.1230561583125174e-02,-9.2025081785340068e-01,-7.9701660193248740e+00,1.3770224660090302e-04
-5.0876323491242062e-02,-9.2023273277933226e-01,-7.9801660193249182e+00,1.3633455195227989e-04
4.8877727355204958e-02,-9.2013304874904434e-01,-7.9901660193248674e+00,1.3499145631637254e-04
-4.8849513991128121e-02,-9.2013167014192421e-01,-8.0001660193249204e+00,1.3364845313215768e-04
-4.8653008943786304e-02,-9.2012209027298153e-01,-8.0101660193248758e+00,1.3231989640552643e-04
-4.8437351626592129e-02,-9.2011162114963851e-01,-8.0201660193249342e+00,1.3100466293478643e-04
-4.5755358631309979e-02,-9.1998530905507936e-01,-8.0301660193248718e+00,1.2971752861693842e-04
-4.5711967146028223e-02,-9.1998332460351928e-01,-8.0401660193249018e+00,1.2842707249860041e-04
4.5301905081595192e-02,-9.1996466393535037e-01,-8.0501660193248856e+00,1.2715157448733427e-04
4.3197184236865492e-02,-9.1987153099633634e-01,-8.0601660193249156e+00,1.2589811989806163e-04
-4.2431822500316858e-02,-9.1983876241368867e-01,-8.0701660193248692e+00,1.2464949719484319e-04
4.2337369065446662e-02,-9.1983475904303136e-01,-8.0801660193249205e+00,1.2340970802848054e-04
-4.1168777742217187e-02,-9.1978596676373348e-01,-8.0901660193248794e+00,1.2218772258867989e-04
4.0514873313421740e-02,-9.1975926011314080e-01,-8.1001660193249148e+00,1.2097516523343387e-04
-4.0366738639168023e-02,-9.1975326942752089e-01,-8.1101660193249181e+00,1.1977215974234483e-04
3.9732831742297359e-02,-9.1972788159247032e-01,-8.1201660193248699e+00,1.1858341737871743e-04
3.9709352454475523e-02,-9.1972694896951634e-01,-8.1301660193249230e+00,1.1740360215444425e-04
3.9444678404614880e-02,-9.1971647396056122e-01,-8.1401660193248695e+00,1.1623663436797620e-04
3.8314929969373107e-02,-9.1967254956261846e-01,-8.1501660193249172e+00,1.1508511546496289e-04
3.7893551607531412e-02,-9.1965649326005583e-01,-8.1601660193248744e+00,1.1394182890288716e-04
3.7697143828845925e-02,-9.1964906995976581e-01,-8.1701660193249168e+00,1.1280892617380110e-04
3.7508274107593859e-02,-9.1964196794660469e-01,-8.1801660193248757e+00,1.1168725180531407e-04
-3.7305022764015594e-02,-9.1963436499505136e-01,-8.1901660193249164e+00,1.1057678578849755e-04
3.7014137472213660e-02,-9.1962355581974542e-01,-8.2001660193248807e+00,1.0947771174380605e-04
-3.6596535462766686e-02,-9.1960818583727821e-01,-8.2101660193249213e+00,1.0839005625165155e-04
-3.6531795430037324e-02,-9.1960581867201052e-01,-8.2201660193248713e+00,1.0731181119650754e-04
-3.6339765064646104e-02,-9.1959882189581632e-01,-8.2301660193249120e+00,1.0624478420279642e-04
3.6294600597923027e-02,-9.1959718164962090e-01,-8.2401660193248798e+00,1.0518780347045111e-04
3.6032629463969387e-02,-9.1958770782638333e-01,-8.2501660193249204e+00,1.0414215395804063e-04
3.5869374209074031e-02,-9.1958183863641474e-01,-8.2601660193248634e+00,1.0310652736246460e-04
3.5849896918863339e-02,-9.1958114018788606e-01,-8.2701660193249236e+00,1.0208067157172600e-04
-3.5641365442042938e-02,-9.1957368609862611e-01,-8.2801660193248807e+00,1.0106570526857539e-04
3.5533017053404878e-02,-9.1956983028379824e-01,-8.2901660193249125e+00,1.0006047051279442e-04
-3.5184994576958034e-02,-9.1955752455502970e-01,-8.3001660193248803e+00,9.9066071268761214e-05
3.5050268220466453e-02,-9.1955279328450279e-01,-8.3101660193249103e+00,9.8080811435572010e-05
3.4883335357083822e-02,-9.1954695617615689e-01,-8.3201660193248763e+00,9.7105457869199084e-05
3.4539353534154459e-02,-9.1953501610461807e-01,-8.3301660193249134e+00,9.6140390335819152e-05
-3.4037829833112869e-02,-9.1951781956321343e-01,-8.3401660193248848e+00,9.5185414314404932e-05
-3.3766413119113041e-02,-9.1950861796080474e-01,-8.3501660193249077e+00,9.4239170764711186e-05
-3.3546698152429923e-02,-9.1950122311180460e-01,-8.3601660193249305e+00,9.3302165301132342e-05
3.3433139308273740e-02,-9.1949742003534274e-01,-8.3701660193248717e+00,9.2374144550095696e-05
3.3427808953331702e-02,-9.1949724183904968e-01,-8.3801660193249141e+00,9.1455022751484586e-05
3.3154510953404923e-02,-9.1948814343161922e-01,-8.3901660193248748e+00,9.0545853889959332e-05
3.2325865702366043e-02,-9.1946101343004316e-01,-8.4001660193249243e+00,8.9647339689901822e-05
-3.2108182884639763e-02,-9.1945400033741620e-01,-8.4101660193248691e+00,8.8755956207606869e-05
-3.0799359590164999e-02,-9.1941283290892162e-01,-8.4201660193249168e+00,8.7876437260069024e-05
-3.0582720976034317e-02,-9.1940618404448848e-01,-8.4301660193248740e+00,8.7002630566577162e-05
-3.0385970564594245e-02,-9.1940018623691566e-01,-8.4401660193249217e+00,8.6137456562515867e-05
-2.9896986321381755e-02,-9.1938544752888995e-01,-8.4501660193248753e+00,8.5281631481102447e-05
2.8895289201099805e-02,-9.1935600150234709e-01,-8.4601660193249177e+00,8.4435551324599866e-05
2.8759348241604008e-02,-9.1935208268898039e-01,-8.4701660193248607e+00,8.3595731146870900e-05
2.8435993533778091e-02,-9.1934283549746598e-01,-8.4801660193249297e+00,8.2764705061633788e-05
2.8259897317524835e-02,-9.1933784353153802e-01,-8.4901660193248638e+00,8.1941591535186821e-05
2.8246455463638350e-02,-9.1933746375646908e-01,-8.5001660193249293e+00,8.1126289886285206e-05
2.7992757465815185e-02,-9.1933032986860941e-01,-8.5101660193248705e+00,8.0319642803889044e-05
-2.7578202301051631e-02,-9.1931881125441828e-01,-8.5201660193249147e+00,7.9521364975427078e-05
-2.7126702354274879e-02,-9.1930646162364815e-01,-8.5301660193248825e+00,7.8731086467275304e-05
2.6822735189505960e-02,-9.1929826219486266e-01,-8.5401660193249089e+00,7.7948338197042995e-05
2.6588252401995305e-02,-9.1929200021623558e-01,-8.5501660193248750e+00,7.7173222528565888e-05
-2.5171951450506474e-02,-9.1925534620325278e-01,-8.5601660193249245e+00,7.6408136747799679e-05
2.5018449682247604e-02,-9.1925149404559103e-01,-8.5701660193248728e+00,7.5648154492303300e-05
2.4987207950574741e-02,-9.1925071291392213e-01,-8.5801660193249223e+00,7.4895501281757660e-05
-2.4791270139760117e-02,-9.1924583617091071e-01,-8.5901660193248723e+00,7.4150640205303131e-05
2.4656513423202055e-02,-9.1924250446043376e-01,-8.6001660193249059e+00,7.3413073598351300e-05
2.4346553682357181e-02,-9.1923490997144341e-01,-8.6101660193249216e+00,7.2683153300373435e-05
-2.4321383255940479e-02,-9.1923429747508067e-01,-8.6201660193249285e+00,7.1959987916616900e-05
2.4112175410457033e-02,-9.1922923113485178e-01,-8.6301660193248182e+00,7.1244335020572832e-05
-2.3835658002316837e-02,-9.1922260192954119e-01,-8.6401660193249246e+00,7.0535909638157551e-05
2.3492338219936099e-02,-9.1921447761085939e-01,-8.6501660193249190e+00,6.9834632967113100e-05
-2.3333525587426560e-02,-9.1921075934150898e-01,-8.6601660193249117e+00,6.9140023839778627e-05
-2.2214113273230418e-02,-9.1918526604759743e-01,-8.6701660193248262e+00,6.8453814198952783e-05
-2.1709185356948563e-02,-9.1917417699777060e-01,-8.6801660193249361e+00,6.7773438906036166e-05
-2.1600002679151437e-02,-9.1917181269120918e-01,-8.6901660193249093e+00,6.7099240564519533e-05
-2.1582650479765892e-02,-9.1917143803420531e-01,-8.7001660193249268e+00,6.6431616854662728e-05
-2.1519612969331137e-02,-9.1917007950451435e-01,-8.7101660193248218e+00,6.5770700574042967e-05
-2.1505438761689095e-02,-9.1916977458150584e-01,-8.7201660193249158e+00,6.5116291024343721e-05
2.1173310755809513e-02,-9.1916268717752048e-01,-8.7301660193249244e+00,6.4468830018037083e-05
2.0689231915508002e-02,-9.1915255479196634e-01,-8.7401660193249224e+00,6.3828001168001676e-05
1.9910484959233289e-02,-9.1913674633899545e-01,-8.7501660193248281e+00,6.3193900934842371e-05
1.9833274156751915e-02,-9.1913521201522785e-01,-8.7601660193249113e+00,6.2565207109707580e-05
-1.9803561954008099e-02,-9.1913462316637262e-01,-8.7701660193249147e+00,6.1942709372330744e-05
-1.9780354635444891e-02,-9.1913416384809143e-01,-8.7801660193249216e+00,6.1326397284377585e-05
-1.9686810931863821e-02,-9.1913231789567296e-01,-8.7901660193248361e+00,6.0716301515138831e-05
1.9606974458281495e-02,-9.1913074935704331e-01,-8.8001660193249105e+00,6.0112258509248780e-05
1.9147248298085923e-02,-9.1912184119203377e-01,-8.8101660193249192e+00,5.9514661707433808e-05
1.8813757016514020e-02,-9.1911551135987768e-01,-8.8201660193249243e+00,5.8922853899677396e-05
1.8809189229198057e-02,-9.1911542543306934e-01,-8.8301660193248264e+00,5.8336566720082631e-05
1.8761198883210331e-02,-9.1911452392510717e-01,-8.8401660193249132e+00,5.7756160250324973e-05
1.8744585296992682e-02,-9.1911421237231761e-01,-8.8501660193249236e+00,5.7181494668875313e-05
1.8418516281337519e-02,-9.1910815350434238e-01,-8.8601660193249199e+00,5.6612872299328953e-05
-1.8284691806569102e-02,-9.1910569761057004e-01,-8.8701660193249179e+00,5.6049702459959828e-05
1.8242964268755629e-02,-9.1910493550599504e-01,-8.8801660193248253e+00,5.5492040892900831e-05
-1.8180698474621337e-02,-9.1910380153185200e-01,-8.8901660193249210e+00,5.4939948160858553e-05
1.7916196890942877e-02,-9.1909902768885698e-01,-8.9001660193249155e+00,5.4393546208475990e-05
-1.7693985588978434e-02,-9.1909507119635092e-01,-8.9101660193249224e+00,5.3852534447456450e-05
1.7669061330819347e-02,-9.1909463049749562e-01,-8.9201660193248227e+00,5.3316716273291563e-05
-1.7647738314704897e-02,-9.1909425396715161e-01,-8.9301660193249202e+00,5.2786225958030843e-05
-1.7057108123277116e-02,-9.1908400510210408e-01,-8.9401660193249217e+00,5.2261529852616257e-05
-1.6957415741682420e-02,-9.1908230960765758e-01,-8.9501660193249108e+00,5.1741606669592795e-05
-1.6872980634735676e-02,-9.1908088137108956e-01,-8.9601660193248343e+00,5.1226842245146280e-05
-1.6872428420781689e-02,-9.1908087205374667e-01,-8.9701660193249229e+00,5.0717127120846323e-05
1.6521283732301016e-02,-9.1907500904142103e-01,-8.9801660193249120e+00,5.0212777671501176e-05
-1.6362205940943675e-02,-9.1907239352496639e-01,-8.9901660193249135e+00,4.9713282211491172e-05
-1.6311582983105984e-02,-9.1907156650304689e-01,-9.0001660193248298e+00,4.9218667493516544e-05
-1.6249906216155168e-02,-9.1907056235935636e-01,-9.0101660193249202e+00,4.8728982500182914e-05
-1.6146881263884694e-02,-9.1906889352061449e-01,-9.0201660193249253e+00,4.8244201534797383e-05
1.6072692653321181e-02,-9.1906769835790358e-01,-9.0301660193249251e+00,4.7764220794869061e-05
1.5574650832851856e-02,-9.1905981750762211e-01,-9.0401660193248290e+00,4.7289331535796450e-05
-1.5521246651712652e-02,-9.1905898718215107e-01,-9.0501660193249069e+00,4.6818833699974905e-05
-1.5393570337765429e-02,-9.1905701363721137e-01,-9.0601660193249227e+00,4.6353070000765853e-05
1.5326450554333793e-02,-9.1905598267663668e-01,-9.0701660193249172e+00,4.5891896560733652e-05
-1.5302597504031540e-02,-9.1905561737852470e-01,-9.0801660193248264e+00,4.5435281157811884e-05
-1.5276300764457400e-02,-9.1905521531586254e-01,-9.0901660193249256e+00,4.4983210642699687e-05
1.5076868845402765e-02,-9.1905218862043025e-01,-9.1001660193249148e+00,4.4535755014271426e-05
1.4924240571953337e-02,-9.1904989911166424e-01,-9.1101660193249199e+00,4.4092717798321220e-05
1.4651542535915749e-02,-9.1904586648268038e-01,-9.1201660193249197e+00,4.3654163966468867e-05
-1.4552735597677807e-02,-9.1904442369002748e-01,-9.1301660193248377e+00,4.3219860134716660e-05
1.4516722517168942e-02,-9.1904390024965965e-01,-9.1401660193249104e+00,4.2789837738957909e-05
1.4442331412290982e-02,-9.1904282310165064e-01,-9.1501660193249137e+00,4.2364117372009155e-05
1.4442208528634926e-02,-9.1904282132693171e-01,-9.1601660193249241e+00,4.1942587435523781e-05
1.4049267193542329e-02,-9.1903722358767725e-01,-9.1701660193248227e+00,4.1525484165736616e-05
1.3911477898110029e-02,-9.1903529724199429e-01,-9.1801660193249273e+00,4.1112377891212370e-05
1.3777554330600185e-02,-9.1903344313500579e-01,-9.1901660193249111e+00,4.0703378364576771e-05
-1.3693652899673239e-02,-9.1903229069820780e-01,-9.2001660193249304e+00,4.0298419424232568e-05
-1.3509531197067069e-02,-9.1902978634992172e-01,-9.2101660193248271e+00,3.9897543368539061e-05
1.3160948256858908e-02,-9.1902513791284934e-01,-9.2201660193249193e+00,3.9500739795295205e-05
-1.2979012085315336e-02,-9.1902276001069483e-01,-9.2301660193249120e+00,3.9107793861698163e-05
1.2869173546261339e-02,-9.1902134044722139e-01,-9.2401660193249135e+00,3.8718719774712242e-05
1.2709017502802546e-02,-9.1901929219628276e-01,-9.2501660193248334e+00,3.8333540592567673e-05
-1.2610553935426028e-02,-9.1901804566861867e-01,-9.2601660193249202e+00,3.7952162799076640e-05
-1.2608888760629862e-02,-9.1901802467122840e-01,-9.2701660193249200e+00,3.7574533258614339e-05
-1.2422837366404066e-02,-9.1901569607745548e-01,-9.2801660193249234e+00,3.7200747031220611e-05
-1.2191688030511943e-02,-9.1901285126185617e-01,-9.2901660193248219e+00,3.6830698190004263e-05
-1.2147286424133846e-02,-9.1901231091707447e-01,-9.3001660193249194e+00,3.6464246323135868e-05
1.1997430753877894e-02,-9.1901050180568655e-01,-9.3101660193249209e+00,3.6101486321560231e-05
-1.1772076971856973e-02,-9.1900782353145516e-01,-9.3201660193249243e+00,3.5742366258488793e-05
-1.1495793125581424e-02,-9.1900460926313254e-01,-9.3301660193248210e+00,3.5386837514630384e-05
-1.1483513582841387e-02,-9.1900446817544312e-01,-9.3401660193249239e+00,3.5034737541234903e-05
1.1439006128406131e-02,-9.1900395806394231e-01,-9.3501660193249112e+00,3.4686153771947202e-05
-1.1107782264937013e-02,-9.1900022404676207e-01,-9.3601660193249216e+00,3.4341149005515028e-05
-1.1103133620566544e-02,-9.1900017242143750e-01,-9.3701660193249214e+00,3.3999450618898198e-05
1.1045931208805112e-02,-9.1899953893147435e-01,-9.3801660193248235e+00,3.3661171756814190e-05
-1.1041025101827917e-02,-9.1899948475098903e-01,-9.3901660193249157e+00,3.3326239307264799e-05
1.1029979027929678e-02,-9.1899936285201778e-01,-9.4001660193249190e+00,3.2994641707655021e-05
-1.0486214298392088e-02,-9.1899351297849541e-01,-9.4101660193249153e+00,3.2666530631791011e-05
-1.0279014715999712e-02,-9.1899136170510531e-01,-9.4201660193248333e+00,3.2341562796638063e-05
-1.0175171902338572e-02,-9.1899029969496049e-01,-9.4301660193249237e+00,3.2019792875323678e-05
-1.0169997979995800e-02,-9.1899024706279597e-01,-9.4401660193249128e+00,3.1701192281399699e-05
1.0141746697621998e-02,-9.1898996014637879e-01,-9.4501660193249091e+00,3.1385769152941457e-05
-9.9558302118105332e-03,-9.1898809191094266e-01,-9.4601660193248378e+00,3.1073533584583973e-05
9.8132596200981321e-03,-9.1898668266552519e-01,-9.4701660193249246e+00,3.0764390113959168e-05
-9.6829132644949828e-03,-9.1898541203798334e-01,-9.4801660193249191e+00,3.0458318018873133e-05
-9.6082477802152469e-03,-9.1898469184604248e-01,-9.4901660193249171e+00,3.0155274408442500e-05
9.5907322937207121e-03,-9.1898452370630435e-01,-9.5001660193248281e+00,2.9855229434591695e-05
9.5880572651245843e-03,-9.1898449805439908e-01,-9.5101660193249202e+00,2.9558165696481317e-05
-9.1423935369860966e-03,-9.1898032431313204e-01,-9.5201660193249129e+00,2.9264179174589285e-05
-9.1194326886182772e-03,-9.1898011465962059e-01,-9.5301660193249216e+00,2.8973001800898689e-05
8.8672787128937641e-03,-9.1897784694922557e-01,-9.5401660193248290e+00,2.8684780664898274e-05
8.8338605990379345e-03,-9.1897755117988111e-01,-9.5501660193249105e+00,2.8399370728073610e-05
8.7031294522630920e-03,-9.1897640486447085e-01,-9.5601660193249280e+00,2.8116824498640470e-05
8.6636766100379597e-03,-9.1897606227954109e-01,-9.5701660193249172e+00,2.7837066956991866e-05
-8.3791125211911746e-03,-9.1897363739666083e-01,-9.5801660193248193e+00,2.7560150342892646e-05
-8.1614190152209630e-03,-9.1897183701351048e-01,-9.5901660193249221e+00,2.7285971390239063e-05
8.0452226929167876e-03,-9.1897089543742883e-01,-9.6001660193249201e+00,2.7014496874782922e-05
7.8599701459076739e-03,-9.1896942219868671e-01,-9.6101660193249252e+00,2.6745737542523812e-05
-7.8539817862022070e-03,-9.1896937514828847e-01,-9.6201660193249161e+00,2.6479614253351212e-05
-7.5975747215951805e-03,-9.1896739420416462e-01,-9.6301660193248182e+00,2.6216189622030366e-05
-7.5706705954578001e-03,-9.1896719015997197e-01,-9.6401660193249246e+00,2.5955339472860827e-05
7.5675942416550956e-03,-9.1896716687464264e-01,-9.6501660193249208e+00,2.5697080128374142e-05
7.5191295068916192e-03,-9.1896680128761021e-01,-9.6601660193249206e+00,2.5441399209979817e-05
7.3863483908393410e-03,-9.1896581170461489e-01,-9.6701660193248262e+00,2.5188277984068348e-05
-7.2311092532082594e-03,-9.1896467710385543e-01,-9.6801660193249184e+00,2.4937678724845582e-05
7.1066161159261815e-03,-9.1896378462964901e-01,-9.6901660193249217e+00,2.4689566710415080e-05
-7.0633168364098494e-03,-9.1896347785570520e-01,-9.7001660193249073e+00,2.4443908915738968e-05
-6.9599382817271890e-03,-9.1896275300378216e-01,-9.7101660193248343e+00,2.4200705500130489e-05
-6.9578107799029617e-03,-9.1896273819876395e-01,-9.7201660193249193e+00,2.3959904811741586e-05
6.7317843483757564e-03,-9.1896119109359597e-01,-9.7301660193249244e+00,2.3721536475193800e-05
-6.6527087903310803e-03,-9.1896066190046399e-01,-9.7401660193249100e+00,2.3485515671911093e-05
6.5743930210271908e-03,-9.1896014395513692e-01,-9.7501660193248352e+00,2.3251842929671038e-05
-6.1279947870464544e-03,-9.1895730879339454e-01,-9.7601660193249096e+00,2.3020548493766732e-05
-5.9816718998743435e-03,-9.1895642283269829e-01,-9.7701660193249271e+00,2.2791510401441505e-05
-5.9246920127101893e-03,-9.1895608362106218e-01,-9.7801660193249109e+00,2.2564738738060622e-05
5.8998276669557231e-03,-9.1895593661658936e-01,-9.7901660193248308e+00,2.2340219120324007e-05
5.8619716889746487e-03,-9.1895571398938058e-01,-9.8001660193249229e+00,2.2117935150048356e-05
-5.7993473994775464e-03,-9.1895534884846941e-01,-9.8101660193249209e+00,2.1897866013985591e-05
5.7813199561692879e-03,-9.1895524446355725e-01,-9.8201660193249207e+00,2.1679980869670761e-05
5.7772249313600699e-03,-9.1895522079729319e-01,-9.8301660193248281e+00,2.1464261963683544e-05
-5.7767521463783925e-03,-9.1895521806601976e-01,-9.8401660193249114e+00,2.1250689046733186e-05
-5.6982566946250611e-03,-9.1895476769801843e-01,-9.8501660193249254e+00,2.1039250633176271e-05
5.6313047680332726e-03,-9.1895438843003474e-01,-9.8601660193249128e+00,2.0829914491701691e-05
5.6266332615579652e-03,-9.1895436213426951e-01,-9.8701660193249161e+00,2.0622653921807040e-05
-5.5864534760324989e-03,-9.1895413686455940e-01,-9.8801660193248235e+00,2.0417459686188258e-05
5.5389566411286591e-03,-9.1895387265367556e-01,-9.8901660193249263e+00,2.0214307908728408e-05
5.4853957114322296e-03,-9.1895357741639494e-01,-9.9001660193249155e+00,2.0013178093026664e-05
5.3882101928612123e-03,-9.1895304903788066e-01,-9.9101660193249259e+00,1.9814054113111040e-05
-5.3644996621833542e-03,-9.1895292156165220e-01,-9.9201660193248209e+00,1.9616903481273380e-05
-5.3633724504661799e-03,-9.1895291551536062e-01,-9.9301660193249290e+00,1.9421712147735435e-05
5.3488113376198836e-03,-9.1895283752470214e-01,-9.9401660193249146e+00,1.9228464382630463e-05
5.2878339597960400e-03,-9.1895251322733262e-01,-9.9501660193249215e+00,1.9037144138969756e-05
-5.2302197907268411e-03,-9.1895221023286910e-01,-9.9601660193248200e+00,1.8847727100603963e-05
-5.2127361448270878e-03,-9.1895211894239726e-01,-9.9701660193249140e+00,1.8660190785998437e-05
5.1669674163966105e-03,-9.1895188140948048e-01,-9.9801660193249155e+00,1.8474523173712319e-05
5.1439150791868782e-03,-9.1895176256451039e-01,-9.9901660193249349e+00,1.8290700770486327e-05
5.0869335784153435e-03,-9.1895147107995512e-01,-1.0000166019324832e+01,1.8108710535386309e-05
5.0851258638680841e-03,-9.1895146188586518e-01,-1.0010166019324906e+01,1.7928526019806186e-05
5.0667029883844222e-03,-9.1895136837292568e-01,-1.0020166019324913e+01,1.7750135865143932e-05
-5.0053569420346732e-03,-9.1895105943239808e-01,-1.0030166019324934e+01,1.7573524491483596e-05
-4.9971281860350537e-03,-9.1895101827839332e-01,-1.0040166019324820e+01,1.7398665717207002e-05
-4.9857663176707525e-03,-9.1895096156622669e-01,-1.0050166019324921e+01,1.7225547077674485e-05
-4.9715277138482469e-03,-9.1895089067724423e-01,-1.0060166019324909e+01,1.7054151229441679e-05
-4.9408382567525597e-03,-9.1895073857467913e-01,-1.0070166019324937e+01,1.6884462157611239e-05
4.9107952900172089e-03,-9.1895059058852968e-01,-1.0080166019324814e+01,1.6716461425893758e-05
-4.8613524950406432e-03,-9.1895034900738004e-01,-1.0090166019324927e+01,1.6550133853778500e-05
-4.8127631062414395e-03,-9.1895011397769788e-01,-1.0100166019324906e+01,1.6385461121529513e-05
-4.7723754806818074e-03,-9.1894992041720380e-01,-1.0110166019324932e+01,1.6222426199293842e-05
-4.6688014620311106e-03,-9.1894943148688535e-01,-1.0120166019324918e+01,1.6061018214336080e-05
4.6082146760437204e-03,-9.1894915045458969e-01,-1.0130166019324829e+01,1.5901212881700924e-05
4.5385976429968902e-03,-9.1894883206762201e-01,-1.0140166019324921e+01,1.5742998182301344e-05
4.4523793137409961e-03,-9.1894844447411617e-01,-1.0150166019324912e+01,1.5586358774271308e-05
-4.4437878983269920e-03,-9.1894840625878216e-01,-1.0160166019324924e+01,1.5431272502933245e-05
4.3500441917399078e-03,-9.1894799407557448e-01,-1.0170166019324821e+01,1.5277735073293280e-05
-4.3245921943319762e-03,-9.1894788368216307e-01,-1.0180166019324924e+01,1.5125720739156115e-05
4.2616548375859599e-03,-9.1894761348431686e-01,-1.0190166019324915e+01,1.4975221349410001e-05
4.2161306457922480e-03,-9.1894742051215061e-01,-1.0200166019324918e+01,1.4826218268387495e-05
-4.1182903814981327e-03,-9.1894701279117263e-01,-1.0210166019324834e+01,1.4678700916560231e-05
-4.1129835499813007e-03,-9.1894699095018062e-01,-1.0220166019324910e+01,1.4532645719500494e-05
4.0790419736668384e-03,-9.1894685192505099e-01,-1.0230166019324926e+01,1.4388045478826539e-05
-4.0541236948459739e-03,-9.1894675059280606e-01,-1.0240166019324919e+01,1.4244883477753748e-05
-3.9642179236150628e-03,-9.1894639014521240e-01,-1.0250166019324823e+01,1.4103149602373143e-05
3.9365636476419207e-03,-9.1894628090001540e-01,-1.0260166019324917e+01,1.3962822444539057e-05
-3.9224250644150482e-03,-9.1894622534253245e-01,-1.0270166019324925e+01,1.3823890807905496e-05
3.8917704616714590e-03,-9.1894610557200263e-01,-1.0280166019324911e+01,1.3686342435354067e-05
-3.8801073691282989e-03,-9.1894606024993741e-01,-1.0290166019324831e+01,1.3550161666878873e-05
3.8684557912837701e-03,-9.1894601510844398e-01,-1.0300166019324918e+01,1.3415335911154884e-05
3.8554794274903203e-03,-9.1894596499414738e-01,-1.0310166019324917e+01,1.3281851754138781e-05
3.8459185085104840e-03,-9.1894592817792653e-01,-1.0320166019324926e+01,1.3149695605188177e-05
3.8054924137161236e-03,-9.1894577351959494e-01,-1.0330166019324832e+01,1.3018855961244321e-05
-3.8023388511987857e-03,-9.1894576152370910e-01,-1.0340166019324913e+01,1.2889316334652036e-05
3.7998710142436477e-03,-9.1894575214320195e-01,-1.0350166019324915e+01,1.2761065613967930e-05
3.7867921817348622e-03,-9.1894570253085328e-01,-1.0360166019324931e+01,1.2634091516377904e-05
3.7718482809913747e-03,-9.1894564605306683e-01,-1.0370166019324907e+01,1.2508380911807673e-05
3.6669736199300591e-03,-9.1894525598110410e-01,-1.0380166019324827e+01,1.2383925272828537e-05
-3.6591265675595189e-03,-9.1894522723695815e-01,-1.0390166019324919e+01,1.2260703509948314e-05
-3.5990948478823752e-03,-9.1894500937520152e-01,-1.0400166019324926e+01,1.2138710116232514e-05
-3.5668820385704771e-03,-9.1894489395707801e-01,-1.0410166019324912e+01,1.2017929319592283e-05
3.5582400228288454e-03,-9.1894486316936952e-01,-1.0420166019324832e+01,1.1898349291195470e-05
-3.5276599243929231e-03,-9.1894475482561055e-01,-1.0430166019324925e+01,1.1779960013921577e-05
3.5232825183072435e-03,-9.1894473939319132e-01,-1.0440166019324909e+01,1.1662747633339489e-05
-3.4539421089046537e-03,-9.1894449749138529e-01,-1.0450166019324922e+01,1.1546704148614384e-05
-3.4262507839849989e-03,-9.1894440223055684e-01,-1.0460166019324834e+01,1.1431813611691482e-05
3.3376993480787156e-03,-9.1894410275180860e-01,-1.0470166019324921e+01,1.1318068555226135e-05
3.3361574403649469e-03,-9.1894409760657292e-01,-1.0480166019324907e+01,1.1205451949118170e-05
-3.3224221311104569e-03,-9.1894405187774808e-01,-1.0490166019324928e+01,1.1093956346622079e-05
3.2163495126055182e-03,-9.1894370508543310e-01,-1.0500166019324826e+01,1.0983573445613043e-05
3.1844880691373340e-03,-9.1894360311547074e-01,-1.0510166019324917e+01,1.0874286172650470e-05
3.1334064046939607e-03,-9.1894344175118792e-01,-1.0520166019324920e+01,1.0766086954635209e-05
-3.1273745977000588e-03,-9.1894342286927666e-01,-1.0530166019324913e+01,1.0658962800827341e-05
3.1248282028300718e-03,-9.1894341490898812e-01,-1.0540166019324840e+01,1.0552904432902610e-05
-3.1055657292287115e-03,-9.1894335490258872e-01,-1.0550166019324916e+01,1.0447901906306251e-05
3.0725284793252060e-03,-9.1894325284896761e-01,-1.0560166019324909e+01,1.0343944601003140e-05
3.0043613300756106e-03,-9.1894304572684027e-01,-1.0570166019324919e+01,1.0241022753675857e-05
2.9818362093272819e-03,-9.1894297830692906e-01,-1.0580166019324839e+01,1.0139123558277830e-05
-2.9608337337963982e-03,-9.1894291590153909e-01,-1.0590166019324910e+01,1.0038238219674673e-05
2.9386392647305012e-03,-9.1894285043370361e-01,-1.0600166019324927e+01,9.9383567311659645e-06
2.8614608413135424e-03,-9.1894262661241266e-01,-1.0610166019324909e+01,9.8394706317137323e-06
-2.8161987086990662e-03,-9.1894249812092288e-01,-1.0620166019324923e+01,9.7415675148163049e-06
-2.8115795145099275e-03,-9.1894248512302268e-01,-1.0630166019324825e+01,9.6446374238611689e-06
-2.7959229061619837e-03,-9.1894244122578805e-01,-1.0640166019324919e+01,9.5486720972241449e-06
-2.7793889124639115e-03,-9.1894239513470288e-01,-1.0650166019324928e+01,9.4536616581115121e-06
-2.7731175277017732e-03,-9.1894237772375065e-01,-1.0660166019324910e+01,9.3595963158938430e-06
2.7665317908727944e-03,-9.1894235948241443e-01,-1.0670166019324833e+01,9.2664669455434656e-06
-2.7492646418524930e-03,-9.1894231186137498e-01,-1.0680166019324911e+01,9.1742644957647564e-06
-2.6861783345185743e-03,-9.1894214041036193e-01,-1.0690166019324916e+01,9.0829805960888398e-06
2.5268843330333935e-03,-9.1894172520555573e-01,-1.0700166019324927e+01,8.9926071628775156e-06
-2.4929509595956784e-03,-9.1894164003558299e-01,-1.0710166019324834e+01,8.9031299848585897e-06
2.4546824819467678e-03,-9.1894154536638306e-01,-1.0720166019324918e+01,8.8145431958214637e-06
-2.3861238687887792e-03,-9.1894137942689802e-01,-1.0730166019324907e+01,8.7268384737249663e-06
-2.3781956690823681e-03,-9.1894136054065967e-01,-1.0740166019324917e+01,8.6400051432443512e-06
2.3454748364509941e-03,-9.1894128325944369e-01,-1.0750166019324839e+01,8.5540363167279856e-06
2.3167474719495524e-03,-9.1894121629276382e-01,-1.0760166019324920e+01,8.4689228003958312e-06
2.3040249509691125e-03,-9.1894118689882676e-01,-1.0770166019324915e+01,8.3846558570245138e-06
-2.2882812686593219e-03,-9.1894115074892169e-01,-1.0780166019324922e+01,8.3012274373796382e-06
2.2722345263528005e-03,-9.1894111415821089e-01,-1.0790166019324817e+01,8.2186291450180839e-06
2.2365676912655084e-03,-9.1894103375085823e-01,-1.0800166019324926e+01,8.1368530729331093e-06
-2.2238954122141218e-03,-9.1894100548874169e-01,-1.0810166019324919e+01,8.0558902597753940e-06
-2.2215533030982308e-03,-9.1894100028287873e-01,-1.0820166019324914e+01,7.9757328539127976e-06
-2.2144706525167477e-03,-9.1894098457347495e-01,-1.0830166019324826e+01,7.8963731100921423e-06
-2.1971227840808334e-03,-9.1894094630760359e-01,-1.0840166019324926e+01,7.8178031840223884e-06
2.1920764277770038e-03,-9.1894093523287212e-01,-1.0850166019324922e+01,7.7400148283437027e-06
2.1769586544943143e-03,-9.1894090220783120e-01,-1.0860166019324911e+01,7.6630006470887645e-06
-2.1661273205346842e-03,-9.1894087868712382e-01,-1.0870166019324923e+01,7.5867526951156920e-06
2.1495970131401366e-03,-9.1894084301699896e-01,-1.0880166019324829e+01,7.5112635124237530e-06
2.1461350335614097e-03,-9.1894083558113060e-01,-1.0890166019324914e+01,7.4365252470177221e-06
-2.0814020127155972e-03,-9.1894069875050877e-01,-1.0900166019324921e+01,7.3625315919010408e-06
-2.0698064680203165e-03,-9.1894067468274698e-01,-1.0910166019324921e+01,7.2892733539711250e-06
-2.0674365126987383e-03,-9.1894066978020650e-01,-1.0920166019324830e+01,7.2167439076323753e-06
-2.0033502110464937e-03,-9.1894053933937347e-01,-1.0930166019324911e+01,7.1449370379526524e-06
1.9975391045167876e-03,-9.1894052771457646e-01,-1.0940166019324918e+01,7.0738438088052467e-06
-1.9951597646624517e-03,-9.1894052296458273e-01,-1.0950166019324925e+01,7.0034579201415525e-06
1.9825426345340715e-03,-9.1894049787098830e-01,-1.0960166019324824e+01,6.9337725234994174e-06
1.9492671560926978e-03,-9.1894043245456236e-01,-1.0970166019324925e+01,6.8647807832138633e-06
1.9071882668434711e-03,-9.1894035131688201e-01,-1.0980166019324916e+01,6.7964756245956714e-06
-1.8742548105142166e-03,-9.1894028904888680e-01,-1.0990166019324912e+01,6.7288499812032276e-06
1.8678859802569374e-03,-9.1894027713235704e-01,-1.1000166019324835e+01,6.6618968846005521e-06
1.8346980504507335e-03,-9.1894021569180762e-01,-1.1010166019324924e+01,6.5956103082901966e-06
-1.8200431471720627e-03,-9.1894018891186824e-01,-1.1020166019324909e+01,6.5299830640696546e-06
1.7897724819632677e-03,-9.1894013427610810e-01,-1.1030166019324918e+01,6.4650090001876639e-06
1.7848152741639645e-03,-9.1894012541612091e-01,-1.1040166019324836e+01,6.4006811425331454e-06
1.7625760065889040e-03,-9.1894008597042898e-01,-1.1050166019324916e+01,6.3369935510129669e-06
-1.7254068501049865e-03,-9.1894002114773865e-01,-1.1060166019324919e+01,6.2739398183435561e-06
1.7192028610051296e-03,-9.1894001046257812e-01,-1.1070166019324917e+01,6.2115131404743549e-06
-1.7037181944868506e-03,-9.1893998396118259e-01,-1.1080166019324830e+01,6.1497077150337745e-06
1.7031696465057127e-03,-9.1893998302676183e-01,-1.1090166019324920e+01,6.0885171065638497e-06
1.6756599123017358e-03,-9.1893993655141026e-01,-1.1100166019324915e+01,6.0279356292829597e-06
-1.6528290755678243e-03,-9.1893989855531599e-01,-1.1110166019324931e+01,5.9679568943812402e-06
1.6384556326519621e-03,-9.1893987490176954e-01,-1.1120166019324916e+01,5.9085748708631835e-06
1.6383694977083472e-03,-9.1893987476064498e-01,-1.1130166019324824e+01,5.8497835694186963e-06
1.5874353543963845e-03,-9.1893979260884162e-01,-1.1140166019324923e+01,5.7915777261595459e-06
1.4837704977942350e-03,-9.1893963342078455e-01,-1.1150166019324914e+01,5.7339514777062244e-06
-1.4738290569272234e-03,-9.1893961871938401e-01,-1.1160166019324912e+01,5.6768977906872059e-06
-1.4691757244419700e-03,-9.1893961187199413e-01,-1.1170166019324832e+01,5.6204117523664805e-06
1.4649920190064035e-03,-9.1893960573414735e-01,-1.1180166019324929e+01,5.5644877551857395e-06
-1.4608447837954515e-03,-9.1893959966708061e-01,-1.1190166019324913e+01,5.5091202103452122e-06
1.4359159820911170e-03,-9.1893956356069328e-01,-1.1200166019324914e+01,5.4543037452916495e-06
1.4246792387897680e-03,-9.1893954748880624e-01,-1.1210166019324838e+01,5.4000326030325893e-06
1.4243296352858495e-03,-9.1893954699079450e-01,-1.1220166019324919e+01,5.3463013835345900e-06
1.4238382402433874e-03,-9.1893954629100660e-01,-1.1230166019324917e+01,5.2931047996454242e-06
1.4030946951381208e-03,-9.1893951697070120e-01,-1.1240166019324921e+01,5.2404376805570929e-06
1.3973990917720408e-03,-9.1893950899545029e-01,-1.1250166019324830e+01,5.1882944957868462e-06
-1.3802165064442495e-03,-9.1893948513214174e-01,-1.1260166019324902e+01,5.1366702255730586e-06
1.3355196859752309e-03,-9.1893942443975529e-01,-1.1270166019324925e+01,5.0855598115075431e-06
1.3188818729219982e-03,-9.1893940235803684e-01,-1.1280166019324914e+01,5.0349577570850718e-06
1.3158217865306425e-03,-9.1893939832682647e-01,-1.1290166019324838e+01,4.9848591104315595e-06
-1.2861047767597303e-03,-9.1893935966608786e-01,-1.1300166019324918e+01,4.9352591243461573e-06
-1.2834158592272818e-03,-9.1893935621147338e-01,-1.1310166019324919e+01,4.8861524924477424e-06
-1.2812815590975983e-03,-9.1893935347455635e-01,-1.1320166019324907e+01,4.8375344760609601e-06
-1.2778656291275840e-03,-9.1893934910362252e-01,-1.1330166019324832e+01,4.7894002247145318e-06
1.2685487374471602e-03,-9.1893933724128907e-01,-1.1340166019324920e+01,4.7417449524845887e-06
1.2537627844772803e-03,-9.1893931859389932e-01,-1.1350166019324927e+01,4.6945638894296521e-06
-1.2270286008106048e-03,-9.1893928543293302e-01,-1.1360166019324913e+01,4.6478523523820194e-06
-1.1984246733452587e-03,-9.1893925074418836e-01,-1.1370166019324921e+01,4.6016056083903756e-06
-1.1862824676990048e-03,-9.1893923626638607e-01,-1.1380166019324825e+01,4.5558189335248128e-06
1.1812639716510219e-03,-9.1893923032562486e-01,-1.1390166019324928e+01,4.5104878045228180e-06
1.1719964420147469e-03,-9.1893921942116952e-01,-1.1400166019324908e+01,4.4656077496905776e-06
1.1577374064785225e-03,-9.1893920281129060e-01,-1.1410166019324913e+01,4.4211742836052941e-06
-1.1559015862370151e-03,-9.1893920068757795e-01,-1.1420166019324826e+01,4.3771828737557798e-06
-1.1552911512451246e-03,-9.1893919998216156e-01,-1.1430166019324929e+01,4.3336291795081820e-06
1.1333534295791124e-03,-9.1893917487833765e-01,-1.1440166019324918e+01,4.2905089564108497e-06
-1.1266781244636029e-03,-9.1893916733513759e-01,-1.1450166019324923e+01,4.2478177110359944e-06
1.1187535223964435e-03,-9.1893915843806140e-01,-1.1460166019324815e+01,4.2055512560255273e-06
1.1061193628678894e-03,-9.1893914438336188e-01,-1.1470166019324935e+01,4.1637053803707998e-06
-1.1020173841176503e-03,-9.1893913985449693e-01,-1.1480166019324903e+01,4.1222758382859881e-06
-1.0986903027508923e-03,-9.1893913619353018e-01,-1.1490166019324933e+01,4.0812585233044836e-06
1.0928220258111104e-03,-9.1893912976332948e-01,-1.1500166019324825e+01,4.0406493484676102e-06
1.0862203363224297e-03,-9.1893912257064903e-01,-1.1510166019324924e+01,4.0004442444625603e-06
-1.0737453418908386e-03,-9.1893910909786913e-01,-1.1520166019324906e+01,3.9606392125138671e-06
1.0596285688899323e-03,-9.1893909403969143e-01,-1.1530166019324925e+01,3.9212302529362923e-06
-1.0583449784084590e-03,-9.1893909268038609e-01,-1.1540166019324827e+01,3.8822133652892786e-06
-1.0551375543702112e-03,-9.1893908929096879e-01,-1.1550166019324914e+01,3.8435847099106251e-06
1.0529810173913084e-03,-9.1893908701785099e-01,-1.1560166019324919e+01,3.8053404116978293e-06
1.0404858610341592e-03,-9.1893907393875296e-01,-1.1570166019324919e+01,3.7674766912356198e-06
1.0383911715097721e-03,-9.1893907176145195e-01,-1.1580166019324828e+01,3.7299896799333437e-06
-1.0324090514829388e-03,-9.1893906556756422e-01,-1.1590166019324917e+01,3.6928756853770508e-06
1.0311709433522111e-03,-9.1893906429009664e-01,-1.1600166019324924e+01,3.6561309630344558e-06
-1.0306028530183376e-03,-9.1893906370445977e-01,-1.1610166019324916e+01,3.6197518542373337e-06
1.0255566780975798e-03,-9.1893905851658941e-01,-1.1620166019324918e+01,3.5837347400928644e-06
-1.0058469018409031e-03,-9.1893903849733449e-01,-1.1630166019324824e+01,3.5480760546602276e-06
1.0024666273013329e-03,-9.1893903510300889e-01,-1.1640166019324917e+01,3.5127721199689284e-06
-9.8831380649123338e-04,-9.1893902101542957e-01,-1.1650166019324921e+01,3.4778195023679954e-06
-9.6087044681544874e-04,-9.1893899426934722e-01,-1.1660166019324921e+01,3.4432147122215532e-06
9.4649000916557577e-04,-9.1893898055500822e-01,-1.1670166019324830e+01,3.4089542001494981e-06
-9.4472206102550610e-04,-9.1893897888322573e-01,-1.1680166019324918e+01,3.3750345447585640e-06
-9.4371599141506802e-04,-9.1893897793327572e-01,-1.1690166019324923e+01,3.3414523931101089e-06
-9.2841779086636216e-04,-9.1893896361313665e-01,-1.1700166019324916e+01,3.3082044336533968e-06
-9.0466497578803524e-04,-9.1893894184269864e-01,-1.1710166019324824e+01,3.2752873208515480e-06
8.7812960003511194e-04,-9.1893891818913664e-01,-1.1720166019324919e+01,3.2426977441908761e-06
-8.7765317462102407e-04,-9.1893891777088688e-01,-1.1730166019324912e+01,3.2104323638777612e-06
-8.7600683829999033e-04,-9.1893891632732982e-01,-1.1740166019324928e+01,3.1784880327084083e-06
8.7245708306765354e-04,-9.1893891322402033e-01,-1.1750166019324828e+01,3.1468615581226792e-06
8.7098906075389244e-04,-9.1893891194431143e-01,-1.1760166019324918e+01,3.1155497664377216e-06
-8.5550093759048337e-04,-9.1893889857426658e-01,-1.1770166019324913e+01,3.0845495695395079e-06
8.5161173216520114e-04,-9.1893889525461070e-01,-1.1780166019324925e+01,3.0538577986513765e-06
8.4298142488684990e-04,-9.1893888794218082e-01,-1.1790166019324820e+01,3.0234714279576357e-06
-8.2172178117273227e-04,-9.1893887024668230e-01,-1.1800166019324919e+01,2.9933874375640016e-06
8.2105799946653106e-04,-9.1893886970145866e-01,-1.1810166019324919e+01,2.9636027365229171e-06
-8.1501405125536039e-04,-9.1893886475729136e-01,-1.1820166019324926e+01,2.9341144110998269e-06
8.1390482191326147e-04,-9.1893886385386903e-01,-1.1830166019324830e+01,2.9049194875350673e-06
-8.0718824426017841e-04,-9.1893885840977030e-01,-1.1840166019324917e+01,2.8760150713458717e-06
8.0282484786370367e-04,-9.1893885489720761e-01,-1.1850166019324911e+01,2.8473982532477626e-06
7.9663922840321737e-04,-9.1893884995036956e-01,-1.1860166019324920e+01,2.8190661811910570e-06
7.9050318691548604e-04,-9.1893884508098378e-01,-1.1870166019324916e+01,2.7910160176066548e-06
-7.8074238457085418e-04,-9.1893883741267501e-01,-1.1880166019324841e+01,2.7632449654123556e-06
-7.7971288658494490e-04,-9.1893883660943221e-01,-1.1890166019324910e+01,2.7357502208120085e-06
7.7866890938406669e-04,-9.1893883579597468e-01,-1.1900166019324924e+01,2.7085290534974148e-06
7.6878111728920380e-04,-9.1893882814554262e-01,-1.1910166019324915e+01,2.6815787596351705e-06
-7.6307146776810597e-04,-9.1893882377237190e-01,-1.1920166019324835e+01,2.6548966167726285e-06
-7.6231215499393469e-04,-9.1893882319325026e-01,-1.1930166019324909e+01,2.6284799555789861e-06
-7.5971325601191173e-04,-9.1893882121545511e-01,-1.1940166019324927e+01,2.6023261481808149e-06
7.5617740505000994e-04,-9.1893881853547343e-01,-1.1950166019324907e+01,2.5764325772723735e-06
7.5529533911147632e-04,-9.1893881786886411e-01,-1.1960166019324832e+01,2.5507966464950265e-06
-7.4790825995398307e-04,-9.1893881231672214e-01,-1.1970166019324923e+01,2.5254158098115749e-06
-7.3946969795719072e-04,-9.1893880604105660e-01,-1.1980166019324914e+01,2.5002875183424629e-06
-6.9935615542771968e-04,-9.1893877718285555e-01,-1.1990166019324908e+01,2.4754093132959481e-06
-6.9860004010388241e-04,-9.1893877665434753e-01,-1.2000166019324832e+01,2.4507785803852413e-06
6.9162034808565849e-04,-9.1893877180269246e-01,-1.2010166019324933e+01,2.4263929378382067e-06
-6.8971709055058532e-04,-9.1893877048817196e-01,-1.2020166019324913e+01,2.4022499278747254e-06
-6.8024852494243994e-04,-9.1893876400236729e-01,-1.2030166019324918e+01,2.3783471571418039e-06
-6.7019779445982928e-04,-9.1893875721588136e-01,-1.2040166019324822e+01,2.3546822235062937e-06
-6.6641985091451042e-04,-9.1893875469104835e-01,-1.2050166019324918e+01,2.3312527498003297e-06
6.6530658347842882e-04,-9.1893875394976443e-01,-1.2060166019324924e+01,2.3080563990780176e-06
-6.5910150221345099e-04,-9.1893874984073454e-01,-1.2070166019324917e+01,2.2850908635804174e-06
6.4829295344796117e-04,-9.1893874277521626e-01,-1.2080166019324830e+01,2.2623538455744339e-06
6.4597343664894464e-04,-9.1893874127417985e-01,-1.2090166019324926e+01,2.2398430520546294e-06
-6.3568402150666935e-04,-9.1893873468042708e-01,-1.2100166019324918e+01,2.2175562559329496e-06
-6.2995705062931910e-04,-9.1893873105628232e-01,-1.2110166019324915e+01,2.1954912104726301e-06
6.2556669900397290e-04,-9.1893872830018697e-01,-1.2120166019324907e+01,2.1736457139169792e-06
6.2459243110637346e-04,-9.1893872769119200e-01,-1.2130166019324840e+01,2.1520175790038115e-06
6.2268563004337955e-04,-9.1893872650203645e-01,-1.2140166019324914e+01,2.1306046488514721e-06
6.1805349129613900e-04,-9.1893872362839857e-01,-1.2150166019324926e+01,2.1094047844422432e-06
-6.1641811210837866e-04,-9.1893872261898391e-01,-1.2160166019324903e+01,2.0884158582548692e-06
-6.1090935917095922e-04,-9.1893871923846204e-01,-1.2170166019324839e+01,2.0676357802541811e-06
5.8910518144182882e-04,-9.1893870615579687e-01,-1.2180166019324918e+01,2.0470624872753508e-06
-5.7800914221155762e-04,-9.1893869968062369e-01,-1.2190166019324915e+01,2.0266938883243228e-06
5.7471768970408863e-04,-9.1893869778355086e-01,-1.2200166019324913e+01,2.0065279510024844e-06
-5.5494701503212721e-04,-9.1893868661643419e-01,-1.2210166019324841e+01,1.9865626864873875e-06
5.5093100806670968e-04,-9.1893868439582727e-01,-1.2220166019324921e+01,1.9667960618564612e-06
5.4732183135037030e-04,-9.1893868241393295e-01,-1.2230166019324912e+01,1.9472261179187241e-06
-5.4710393527921005e-04,-9.1893868229469744e-01,-1.2240166019324922e+01,1.9278508945473169e-06
5.4678232121475445e-04,-9.1893868211879282e-01,-1.2250166019324828e+01,1.9086684579756814e-06
5.4202562777849468e-04,-9.1893867952923003e-01,-1.2260166019324920e+01,1.8896768943943662e-06
5.4111707295438952e-04,-9.1893867903718274e-01,-1.2270166019324909e+01,1.8708742960553653e-06
-5.3940843241346366e-04,-9.1893867811406793e-01,-1.2280166019324920e+01,1.8522587874850330e-06
-5.3729432255292546e-04,-9.1893867697593401e-01,-1.2290166019324831e+01,1.8338285066973002e-06
-5.3515143614824912e-04,-9.1893867582686928e-01,-1.2300166019324918e+01,1.8155816102662104e-06
-5.3508072578114304e-04,-9.1893867578903099e-01,-1.2310166019324921e+01,1.7975162714701173e-06
5.2993328069362244e-04,-9.1893867304798049e-01,-1.2320166019324917e+01,1.7796306906084774e-06
5.1803640792597895e-04,-9.1893866681419945e-01,-1.2330166019324830e+01,1.7619230803554374e-06
5.1755767169034059e-04,-9.1893866656631118e-01,-1.2340166019324917e+01,1.7443916532169866e-06
5.0526340473563177e-04,-9.1893866027889359e-01,-1.2350166019324922e+01,1.7270346771194920e-06
5.0495159245577390e-04,-9.1893866012139480e-01,-1.2360166019324923e+01,1.7098503952304981e-06
-4.8954456848991005e-04,-9.1893865246028172e-01,-1.2370166019324918e+01,1.6928371125029291e-06
-4.7715108335597521e-04,-9.1893864646991763e-01,-1.2380166019324825e+01,1.6759931118379102e-06
-4.7106681246455068e-04,-9.1893864358531041e-01,-1.2390166019324919e+01,1.6593167065261963e-06
-4.6631947127177159e-04,-9.1893864136026415e-01,-1.2400166019324923e+01,1.6428062330887930e-06
4.6443963601163971e-04,-9.1893864048542717e-01,-1.2410166019324906e+01,1.6264600393745690e-06
-4.6371080379333001e-04,-9.1893864014719429e-01,-1.2420166019324832e+01,1.6102764921272257e-06
4.5832858468827548e-04,-9.1893863766588524e-01,-1.2430166019324915e+01,1.5942539772764579e-06
-4.5791476110388642e-04,-9.1893863747630367e-01,-1.2440166019324931e+01,1.5783908854557163e-06
-4.5623839789430960e-04,-9.1893863671007736e-01,-1.2450166019324913e+01,1.5626856349340328e-06
-4.5382828367525205e-04,-9.1893863561339495e-01,-1.2460166019324825e+01,1.5471366547655041e-06
4.4532276989498403e-04,-9.1893863178952417e-01,-1.2470166019324926e+01,1.5317423936948618e-06
-4.3666904672707576e-04,-9.1893862797326764e-01,-1.2480166019324912e+01,1.5165013080115320e-06
-4.3300496086435793e-04,-9.1893862637998758e-01,-1.2490166019324914e+01,1.5014118702693806e-06
-4.3284257470665999e-04,-9.1893862630968670e-01,-1.2500166019324830e+01,1.4864725726538503e-06
-4.1851809325063269e-04,-9.1893862021203665e-01,-1.2510166019324931e+01,1.4716819324022957e-06
-4.1718087649985735e-04,-9.1893861965328127e-01,-1.2520166019324915e+01,1.4570384533207007e-06
-4.1229141047563391e-04,-9.1893861762544304e-01,-1.2530166019324918e+01,1.4425406814015379e-06
-4.1185211836287694e-04,-9.1893861744442318e-01,-1.2540166019324827e+01,1.4281871620566637e-06
4.1169885962698337e-04,-9.1893861738131499e-01,-1.2550166019324916e+01,1.4139764624460049e-06
4.1156669474687053e-04,-9.1893861732691162e-01,-1.2560166019324921e+01,1.3999071616460555e-06
-3.9867609472593867e-04,-9.1893861210465377e-01,-1.2570166019324910e+01,1.3859778598898962e-06
-3.9537629955314207e-04,-9.1893861079454864e-01,-1.2580166019324832e+01,1.3721871515618374e-06
3.9209083426649827e-04,-9.1893860950095063e-01,-1.2590166019324927e+01,1.3585336630338081e-06
-3.7847310857952254e-04,-9.1893860425428642e-01,-1.2600166019324918e+01,1.3450160342861290e-06
3.7701786197977814e-04,-9.1893860370457359e-01,-1.2610166019324918e+01,1.3316329018669635e-06
3.7561276320219111e-04,-9.1893860317581344e-01,-1.2620166019324911e+01,1.3183829338054265e-06
-3.7547522973952266e-04,-9.1893860312416353e-01,-1.2630166019324916e+01,1.3052648044992146e-06
3.6927844565521218e-04,-9.1893860081662471e-01,-1.2640166019324916e+01,1.2922772056750680e-06
3.6643113345220823e-04,-9.1893859976922720e-01,-1.2650166019324741e+01,1.2794188339767228e-06
3.6566174911583109e-04,-9.1893859948759682e-01,-1.2660166019324919e+01,1.2666884042307226e-06
3.5769238582009761e-04,-9.1893859660526089e-01,-1.2670166019324922e+01,1.2540846476353150e-06
-3.5190038062403602e-04,-9.1893859455027838e-01,-1.2680166019324925e+01,1.2416062994502022e-06
3.4895672698775579e-04,-9.1893859351873808e-01,-1.2690166019324916e+01,1.2292521116206255e-06
3.4660477293789910e-04,-9.1893859270077383e-01,-1.2700166019324916e+01,1.2170208497412939e-06
-3.3950443367321173e-04,-9.1893859026496971e-01,-1.2710166019324921e+01,1.2049112928905613e-06
-3.3200834902185207e-04,-9.1893858774811132e-01,-1.2720166019324909e+01,1.1929222282112284e-06
3.3161938570780512e-04,-9.1893858761904801e-01,-1.2730166019324743e+01,1.1810524538688392e-06
3.2991448625060364e-04,-9.1893858705512355e-01,-1.2740166019324914e+01,1.1693007862610889e-06
3.2983112748255050e-04,-9.1893858702762576e-01,-1.2750166019324929e+01,1.1576660490723778e-06
3.2902641718741976e-04,-9.1893858676253104e-01,-1.2760166019324917e+01,1.1461470797250159e-06
-3.2884332315405429e-04,-9.1893858670230510e-01,-1.2770166019324918e+01,1.1347427258021851e-06
3.2668527545221633e-04,-9.1893858599497402e-01,-1.2780166019324913e+01,1.1234518478231899e-06
3.2509037406212296e-04,-9.1893858547521512e-01,-1.2790166019324912e+01,1.1122733157406583e-06
-3.2390064210179742e-04,-9.1893858508915249e-01,-1.2800166019324932e+01,1.1012060117577881e-06
-3.1907276383315672e-04,-9.1893858353705382e-01,-1.2810166019324729e+01,1.0902488305567775e-06
-3.1611583130723036e-04,-9.1893858259794892e-01,-1.2820166019324930e+01,1.0794006744514164e-06
3.1501599717665980e-04,-9.1893858225087865e-01,-1.2830166019324908e+01,1.0686604586602875e-06
3.1003847164916048e-04,-9.1893858069526646e-01,-1.2840166019324926e+01,1.0580271110767891e-06
3.0908336118652105e-04,-9.1893858039960152e-01,-1.2850166019324920e+01,1.0474995657334030e-06
3.0718818418994445e-04,-9.1893857981562976e-01,-1.2860166019324923e+01,1.0370767715123017e-06
-2.9530502339200734e-04,-9.1893857623586783e-01,-1.2870166019324920e+01,1.0267576888964288e-06
-2.9235557636472028e-04,-9.1893857536923096e-01,-1.2880166019324902e+01,1.0165412800735813e-06
2.8973186072206111e-04,-9.1893857460561501e-01,-1.2890166019324923e+01,1.0064265261045168e-06
-2.8854024076054789e-04,-9.1893857426107473e-01,-1.2900166019324743e+01,9.9641241519401283e-07
-2.8840227807997750e-04,-9.1893857422127645e-01,-1.2910166019324922e+01,9.8649794604752444e-07
-2.8818353444179574e-04,-9.1893857415821423e-01,-1.2920166019324915e+01,9.7668212753984477e-07
-2.8693461820597651e-04,-9.1893857379907706e-01,-1.2930166019324918e+01,9.6696397834387780e-07
2.8109873604224562e-04,-9.1893857214158914e-01,-1.2940166019324920e+01,9.5734252758757122e-07
-2.8089757493682591e-04,-9.1893857208506324e-01,-1.2950166019324909e+01,9.4781681033267107e-07
-2.8019701249900562e-04,-9.1893857188852235e-01,-1.2960166019324920e+01,9.3838587567894793e-07
2.7691598154677336e-04,-9.1893857097456988e-01,-1.2970166019324925e+01,9.2904878105761237e-07
2.7279281901218500e-04,-9.1893856984130051e-01,-1.2980166019324731e+01,9.1980459227352113e-07
-2.7087505484253265e-04,-9.1893856931998719e-01,-1.2990166019324924e+01,9.1065238413667955e-07
-2.6957223577027693e-04,-9.1893856896793458e-01,-1.3000166019324919e+01,9.0159124183521564e-07
2.6553062099059547e-04,-9.1893856788659478e-01,-1.3010166019324913e+01,8.9262026005389168e-07
-2.6386114657931168e-04,-9.1893856744469182e-01,-1.3020166019324918e+01,8.8373854045801787e-07
-2.6374840364918039e-04,-9.1893856741494973e-01,-1.3030166019324922e+01,8.7494519508421236e-07
2.6253512244847719e-04,-9.1893856709568478e-01,-1.3040166019324923e+01,8.6623934520931609e-07
2.5729246569953043e-04,-9.1893856573304589e-01,-1.3050166019324914e+01,8.5762012088010660e-07
-2.5685170720262849e-04,-9.1893856561973919e-01,-1.3060166019324743e+01,8.4908665819364321e-07
2.5509763957397183e-04,-9.1893856517074235e-01,-1.3070166019324910e+01,8.4063810516055562e-07
-2.4947900091339874e-04,-9.1893856375322547e-01,-1.3080166019324921e+01,8.3227361743717686e-07
2.4846864904797309e-04,-9.1893856350167424e-01,-1.3090166019324931e+01,8.2399235678476372e-07
2.4661144470522722e-04,-9.1893856304194177e-01,-1.3100166019324909e+01,8.1579349622040571e-07
2.4245848716337542e-04,-9.1893856202639845e-01,-1.3110166019324923e+01,8.0767621612688408e-07
2.4092020998721147e-04,-9.1893856165461330e-01,-1.3120166019324909e+01,7.9963970379688379e-07
2.2947384278112083e-04,-9.1893855896246168e-01,-1.3130166019324918e+01,7.9168315793466345e-07
-2.2393242711472313e-04,-9.1893855770620547e-01,-1.3140166019324919e+01,7.8380577987988905e-07
2.2235080366833098e-04,-9.1893855735327945e-01,-1.3150166019324745e+01,7.7600678233572987e-07
-2.1435516742231945e-04,-9.1893855560740834e-01,-1.3160166019324924e+01,7.6828538718090565e-07
-2.1184378960339151e-04,-9.1893855507223510e-01,-1.3170166019324922e+01,7.6064082025744605e-07
2.1085897006063487e-04,-9.1893855486409204e-01,-1.3180166019324909e+01,7.5307231779547267e-07
2.0742956396082533e-04,-9.1893855414685144e-01,-1.3190166019324922e+01,7.4557912356925821e-07
-2.0533760251862575e-04,-9.1893855371510502e-01,-1.3200166019324922e+01,7.3816048765529328e-07
2.0324745849507333e-04,-9.1893855328810414e-01,-1.3210166019324912e+01,7.3081566839539332e-07
2.0300052417834025e-04,-9.1893855323794582e-01,-1.3220166019324923e+01,7.2354393103243093e-07
-2.0174503280486790e-04,-9.1893855298386862e-01,-1.3230166019324736e+01,7.1634454881101748e-07
2.0052053111668463e-04,-9.1893855273758118e-01,-1.3240166019324921e+01,7.0921680163201161e-07
1.9948738828131168e-04,-9.1893855253094847e-01,-1.3250166019324915e+01,7.0215997669298296e-07
-1.9711139218760610e-04,-9.1893855205978991e-01,-1.3260166019324927e+01,6.9517336851773511e-07
-1.9333877609356874e-04,-9.1893855132328062e-01,-1.3270166019324918e+01,6.8825627843474627e-07
1.9332083171246650e-04,-9.1893855131981150e-01,-1.3280166019324904e+01,6.8140801404351548e-07
-1.8912055330089645e-04,-9.1893855051663131e-01,-1.3290166019324918e+01,6.7462789156097131e-07
1.8428125490870838e-04,-9.1893854961312993e-01,-1.3300166019324930e+01,6.6791523248594553e-07
1.8399880707732917e-04,-9.1893854956111998e-01,-1.3310166019324738e+01,6.6126936491576688e-07
1.8083647703021798e-04,-9.1893854898425520e-01,-1.3320166019324915e+01,6.5468962517582531e-07
1.7747766679347969e-04,-9.1893854838250055e-01,-1.3330166019324921e+01,6.4817535495266934e-07
-1.7570117959446799e-04,-9.1893854806879172e-01,-1.3340166019324910e+01,6.4172590261252105e-07
-1.7568135661560815e-04,-9.1893854806530895e-01,-1.3350166019324929e+01,6.3534062319626109e-07
-1.7314815178355255e-04,-9.1893854762348071e-01,-1.3360166019324907e+01,6.2901887864748269e-07
-1.7222007542418827e-04,-9.1893854746321668e-01,-1.3370166019324918e+01,6.2276003632982835e-07
1.7054064632558930e-04,-9.1893854717539547e-01,-1.3380166019324925e+01,6.1656347061142819e-07
1.6873739344321070e-04,-9.1893854686949339e-01,-1.3390166019324912e+01,6.1042856176139417e-07
-1.6440591850213520e-04,-9.1893854614799253e-01,-1.3400166019324752e+01,6.0435469652375030e-07
1.6358562127889427e-04,-9.1893854601346725e-01,-1.3410166019324905e+01,5.9834126689926866e-07
-1.6326385692513564e-04,-9.1893854596088298e-01,-1.3420166019324924e+01,5.9238767185002710e-07
-1.5765784961331331e-04,-9.1893854506133821e-01,-1.3430166019324915e+01,5.8649331655775766e-07
1.5580524165147250e-04,-9.1893854477097614e-01,-1.3440166019324923e+01,5.8065761072160269e-07
-1.5500483432133433e-04,-9.1893854464658875e-01,-1.3450166019324927e+01,5.7487997103161791e-07
-1.5401124603312948e-04,-9.1893854449307144e-01,-1.3460166019324916e+01,5.6915981983296143e-07
1.5314385539427885e-04,-9.1893854435985967e-01,-1.3470166019324919e+01,5.6349658507739285e-07
-1.5113789337238264e-04,-9.1893854405467090e-01,-1.3480166019324729e+01,5.5788970054446452e-07
-1.5005081463651638e-04,-9.1893854389096297e-01,-1.3490166019324928e+01,5.5233860536473234e-07
-1.4741826853080861e-04,-9.1893854349941240e-01,-1.3500166019324915e+01,5.4684274462872465e-07
-1.4413593777883201e-04,-9.1893854302092370e-01,-1.3510166019324920e+01,5.4140156866565925e-07
-1.4363773107303014e-04,-9.1893854294923838e-01,-1.3520166019324925e+01,5.3601453308739614e-07
1.4127136411878894e-04,-9.1893854261213859e-01,-1.3530166019324909e+01,5.3068109954921521e-07
-1.3803140212773383e-04,-9.1893854215967341e-01,-1.3540166019324916e+01,5.2540073462024792e-07
1.3694651800430204e-04,-9.1893854201051384e-01,-1.3550166019324925e+01,5.2017291004005206e-07
1.3571986225996476e-04,-9.1893854184327994e-01,-1.3560166019324743e+01,5.1499710319219264e-07
1.3100754567481768e-04,-9.1893854121482799e-01,-1.3570166019324901e+01,5.0987279671708346e-07
-1.3092039119484526e-04,-9.1893854120341389e-01,-1.3580166019324936e+01,5.0479947762871627e-07
-1.2894306646744764e-04,-9.1893854094649663e-01,-1.3590166019324911e+01,4.9977663903139065e-07
1.2755635938151944e-04,-9.1893854076865189e-01,-1.3600166019324927e+01,4.9480377847273709e-07
1.2680736609646144e-04,-9.1893854067339353e-01,-1.3610166019324902e+01,4.8988039866207124e-07
-1.2602077526781353e-04,-9.1893854057395741e-01,-1.3620166019324929e+01,4.8500600730057366e-07
-1.2498414027434796e-04,-9.1893854044385714e-01,-1.3630166019324919e+01,4.8018011695775672e-07
-1.1642160247571243e-04,-9.1893853941033421e-01,-1.3640166019324914e+01,4.7540224545502512e-07
1.1601965413288030e-04,-9.1893853936361958e-01,-1.3650166019324736e+01,4.7067191409879975e-07
-1.1586748416330693e-04,-9.1893853934597636e-01,-1.3660166019324926e+01,4.6598865031205226e-07
-1.1535778675495280e-04,-9.1893853928704894e-01,-1.3670166019324917e+01,4.6135198579763688e-07
1.1484243793758144e-04,-9.1893853922773228e-01,-1.3680166019324920e+01,4.5676145686589151e-07
1.1375788943260952e-04,-9.1893853910376821e-01,-1.3690166019324918e+01,4.5221660448916277e-07
-1.1211292866683739e-04,-9.1893853891799382e-01,-1.3700166019324916e+01,4.4771697417628436e-07
-1.0990584209827654e-04,-9.1893853867298658e-01,-1.3710166019324921e+01,4.4326211595851123e-07
1.0888138636358687e-04,-9.1893853856091756e-01,-1.3720166019324910e+01,4.3885158426121471e-07
1.0856907867470280e-04,-9.1893853852696183e-01,-1.3730166019324745e+01,4.3448493805319947e-07
-1.0835332618369285e-04,-9.1893853850356111e-01,-1.3740166019324914e+01,4.3016174069608177e-07
-1.0793181394977295e-04,-9.1893853845797768e-01,-1.3750166019324926e+01,4.2588155988081626e-07
-1.0708238316241773e-04,-9.1893853836665784e-01,-1.3760166019324920e+01,4.2164396759534494e-07
1.0386436555838094e-04,-9.1893853802724268e-01,-1.3770166019324913e+01,4.1744854016080245e-07
-1.0307893078675468e-04,-9.1893853794597247e-01,-1.3780166019324914e+01,4.1329485781862326e-07
-1.0136004721317965e-04,-9.1893853777026901e-01,-1.3790166019324918e+01,4.0918250534460720e-07
-1.0117558978952365e-04,-9.1893853775158940e-01,-1.3800166019324918e+01,4.0511107139706408e-07
-1.0107447387077071e-04,-9.1893853774136414e-01,-1.3810166019324740e+01,4.0108014889078288e-07
9.9593569330790960e-05,-9.1893853759277899e-01,-1.3820166019324924e+01,3.9708933478834017e-07
-9.7991362807747608e-05,-9.1893853743449305e-01,-1.3830166019324921e+01,3.9313822995299361e-07
9.7795240542968866e-05,-9.1893853741529397e-01,-1.3840166019324919e+01,3.8922643921287701e-07
9.5432606589796137e-05,-9.1893853718703067e-01,-1.3850166019324917e+01,3.8535357152145183e-07
9.3718282238138744e-05,-9.1893853702489769e-01,-1.3860166019324911e+01,3.8151923948132069e-07
-9.3655583092403893e-05,-9.1893853701902362e-01,-1.3870166019324918e+01,3.7772305962280686e-07
-9.2763219645463648e-05,-9.1893853693584693e-01,-1.3880166019324918e+01,3.7396465241389204e-07
-8.9540140654000098e-05,-9.1893853664205782e-01,-1.3890166019324917e+01,3.7024364205921315e-07
8.6643429728502162e-05,-9.1893853638688139e-01,-1.3900166019324743e+01,3.6655965636101136e-07
-8.6172391403613622e-05,-9.1893853634617995e-01,-1.3910166019324919e+01,3.6291232685407886e-07
8.4188879764674239e-05,-9.1893853617722321e-01,-1.3920166019324922e+01,3.5930128892811021e-07
8.3310749548377427e-05,-9.1893853610367993e-01,-1.3930166019324913e+01,3.5572618139530169e-07
-8.3286374526074882e-05,-9.1893853610164955e-01,-1.3940166019324923e+01,3.5218664675135622e-07
8.3076872517482488e-05,-9.1893853608422282e-01,-1.3950166019324920e+01,3.4868233107093468e-07
8.1991304147409997e-05,-9.1893853599462649e-01,-1.3960166019324918e+01,3.4521288393898164e-07
8.1009583310456709e-05,-9.1893853591461572e-01,-1.3970166019324919e+01,3.4177795837920494e-07
-8.0709035869938953e-05,-9.1893853589031371e-01,-1.3980166019324733e+01,3.3837721088074849e-07
8.0487212658688270e-05,-9.1893853587243512e-01,-1.3990166019324926e+01,3.3501030138291709e-07
7.7622573847880845e-05,-9.1893853564597150e-01,-1.4000166019324912e+01,3.3167689326353346e-07
7.5636321881854076e-05,-9.1893853549376603e-01,-1.4010166019324926e+01,3.2837665308397793e-07
-7.5300666243997350e-05,-9.1893853546843463e-01,-1.4020166019324920e+01,3.2510925080113769e-07
7.4025567758742158e-05,-9.1893853537323178e-01,-1.4030166019324911e+01,3.2187435973662955e-07
-7.1363626901518924e-05,-9.1893853517972313e-01,-1.4040166019324918e+01,3.1867165640703311e-07
-7.0514784225675321e-05,-9.1893853511950685e-01,-1.4050166019324914e+01,3.1550082046535476e-07
-6.9361656922894760e-05,-9.1893853503885914e-01,-1.4060166019324750e+01,3.1236153487469316e-07
-6.9153167988290128e-05,-9.1893853502441980e-01,-1.4070166019324919e+01,3.0925348567673791e-07
-6.8490165918996793e-05,-9.1893853497879086e-01,-1.4080166019324917e+01,3.0617636209457630e-07
-6.6347617146998781e-05,-9.1893853483434262e-01,-1.4090166019324920e+01,3.0312985643344581e-07
-6.5447554870746665e-05,-9.1893853477503074e-01,-1.4100166019324924e+01,3.0011366398414170e-07
6.4792245496743959e-05,-9.1893853473235698e-01,-1.4110166019324916e+01,2.9712748314603482e-07
6.3587519791925037e-05,-9.1893853465502584e-01,-1.4120166019324907e+01,2.9417101531379201e-07
-6.2813624873938112e-05,-9.1893853460611519e-01,-1.4130166019324923e+01,2.9124396481948393e-07
6.2154883241734011e-05,-9.1893853456495422e-01,-1.4140166019324921e+01,2.8834603896184751e-07
6.1376478915327483e-05,-9.1893853451687557e-01,-1.4150166019324743e+01,2.8547694795018444e-07
5.9903438396239503e-05,-9.1893853442755047e-01,-1.4160166019324903e+01,2.8263640488250163e-07
5.7706894731463425e-05,-9.1893853429838235e-01,-1.4170166019324935e+01,2.7982412570151868e-07
-5.7326190799984535e-05,-9.1893853427648553e-01,-1.4180166019324920e+01,2.7703982913586521e-07
-5.7162961000226071e-05,-9.1893853426714156e-01,-1.4190166019324900e+01,2.7428323678042951e-07
5.6716561270239490e-05,-9.1893853424172367e-01,-1.4200166019324929e+01,2.7155407298154259e-07
5.5947268856417603e-05,-9.1893853419838789e-01,-1.4210166019324907e+01,2.6885206482094248e-07
-5.5332938062562284e-05,-9.1893853416420646e-01,-1.4220166019324921e+01,2.6617694208818904e-07
5.5265004730415041e-05,-9.1893853416044979e-01,-1.4230166019324749e+01,2.6352843726330901e-07
-5.4813784264982619e-05,-9.1893853413561499e-01,-1.4240166019324919e+01,2.6090628550715240e-07
5.4785078150252991e-05,-9.1893853413404181e-01,-1.4250166019324920e+01,2.5831022459087489e-07
-5.4317465126549488e-05,-9.1893853410853299e-01,-1.4260166019324924e+01,2.5573999491842905e-07
9.5054970737860946e-06,-9.1893853267851666e-01,-inf,0.0000000000000000e+00
3.0564831027922035e-05,-9.1893853310044393e-01,-inf,0.0000000000000000e+00
1.8714953205397884e-05,-9.1893853280846416e-01,-inf,0.0000000000000000e+00
-1.6020519566622797e-05,-9.1893853276166804e-01,-inf,0.0000000000000000e+00
4.9935907336921405e-05,-9.1893853388013691e-01,-inf,0.0000000000000000e+00
-8.9078929227669234e-06,-9.1893853267301473e-01,-inf,0.0000000000000000e+00
-4.3328140122610986e-06,-9.1893853264272607e-01,-inf,0.0000000000000000e+00
2.3543388488477849e-05,-9.1893853291048500e-01,-inf,0.0000000000000000e+00
-3.0609269944334129e-05,-9.1893853310180318e-01,-inf,0.0000000000000000e+00
3.5905371361325252e-05,-9.1893853327793729e-01,-inf,0.0000000000000000e+00
-5.4256592915977075e-05,-9.1893853410522841e-01,-inf,0.0000000000000000e+00
-2.6726760137026909e-05,-9.1893853299049932e-01,-inf,0.0000000000000000e+00
2.4939393363945447e-05,-9.1893853294432615e-01,-inf,0.0000000000000000e+00
-2.1443722883571929e-05,-9.1893853286325611e-01,-inf,0.0000000000000000e+00
-2.6075821255367121e-05,-9.1893853297331374e-01,-inf,0.0000000000000000e+00
4.2985645438866934e-05,-9.1893853355722233e-01,-inf,0.0000000000000000e+00
7.2803042896990404e-06,-9.1893853265984093e-01,-inf,0.0000000000000000e+00
-1.6278619083868638e-05,-9.1893853276583615e-01,-inf,0.0000000000000000e+00
6.3496990794182379e-06,-9.1893853265349879e-01,-inf,0.0000000000000000e+00
-1.1154281781914176e-05,-9.1893853269554848e-01,-inf,0.0000000000000000e+00
-3.0508223056201575e-05,-9.1893853309871532e-01,-inf,0.0000000000000000e+00
-2.5894346865801930e-05,-9.1893853296859807e-01,-inf,0.0000000000000000e+00
-2.6854847452853495e-05,-9.1893853299393091e-01,-inf,0.0000000000000000e+00
9.6529537740282977e-06,-9.1893853267992920e-01,-inf,0.0000000000000000e+00
-1.9409379732061865e-05,-9.1893853282170146e-01,-inf,0.0000000000000000e+00
-4.6573022895444983e-05,-9.1893853371786272e-01,-inf,0.0000000000000000e+00
-1.7461606836668536e-05,-9.1893853278579329e-01,-inf,0.0000000000000000e+00
-8.8815546921281029e-06,-9.1893853267278047e-01,-inf,0.0000000000000000e+00
5.0009438031931360e-05,-9.1893853388381141e-01,-inf,0.0000000000000000e+00
2.0518546158510503e-05,-9.1893853284384486e-01,-inf,0.0000000000000000e+00
1.3871031002696643e-05,-9.1893853272954218e-01,-inf,0.0000000000000000e+00
4.7844479554029094e-05,-9.1893853377788659e-01,-inf,0.0000000000000000e+00
-4.6367655817396461e-05,-9.1893853370831924e-01,-inf,0.0000000000000000e+00
-6.0151872894193207e-06,-9.1893853265143066e-01,-inf,0.0000000000000000e+00
-1.1163813724143407e-05,-9.1893853269565484e-01,-inf,0.0000000000000000e+00
3.1359715427743932e-05,-9.1893853312505536e-01,-inf,0.0000000000000000e+00
1.0565279383322773e-05,-9.1893853268915204e-01,-inf,0.0000000000000000e+00
4.6707452324597887e-05,-9.1893853372413248e-01,-inf,0.0000000000000000e+00
1.7912064740103578e-05,-9.1893853279376048e-01,-inf,0.0000000000000000e+00
-1.9934731166982912e-05,-9.1893853283203619e-01,-inf,0.0000000000000000e+00
1.0807876656597768e-05,-9.1893853269174453e-01,-inf,0.0000000000000000e+00
1.5507530635357403e-05,-9.1893853275358117e-01,-inf,0.0000000000000000e+00
3.7098937061502804e-05,-9.1893853332150499e-01,-inf,0.0000000000000000e+00
-2.6860734626584605e-05,-9.1893853299408901e-01,-inf,0.0000000000000000e+00
-5.1025202401153462e-05,-9.1893853393512515e-01,-inf,0.0000000000000000e+00
4.1348673812062527e-05,-9.1893853348819587e-01,-inf,0.0000000000000000e+00
-3.9575837482797548e-05,-9.1893853341646292e-01,-inf,0.0000000000000000e+00
-5.3085269616742721e-05,-9.1893853404236236e-01,-inf,0.0000000000000000e+00
5.0060351130821452e-05,-9.1893853388635882e-01,-inf,0.0000000000000000e+00
-4.1140582906752220e-05,-9.1893853347961330e-01,-inf,0.0000000000000000e+00
-4.0482727559648443e-05,-9.1893853345276511e-01,-inf,0.0000000000000000e+00
2.1129679047575650e-05,-9.1893853285657112e-01,-inf,0.0000000000000000e+00
-5.2682247048013429e-05,-9.1893853402104908e-01,-inf,0.0000000000000000e+00
-3.1695208284965759e-05,-9.1893853313563256e-01,-inf,0.0000000000000000e+00
-4.7530791466476343e-05,-9.1893853376292756e-01,-inf,0.0000000000000000e+00
3.5298201161614018e-05,-9.1893853325632102e-01,-inf,0.0000000000000000e+00
-4.5070382227303608e-05,-9.1893853364900913e-01,-inf,0.0000000000000000e+00
-2.9116873625154136e-05,-9.1893853305723561e-01,-inf,0.0000000000000000e+00
4.4044163757392033e-05,-9.1893853360328370e-01,-inf,0.0000000000000000e+00
-3.7344883665133309e-05,-9.1893853333065967e-01,-inf,0.0000000000000000e+00
-3.0969675810219304e-05,-9.1893853311289986e-01,-inf,0.0000000000000000e+00
-2.4662066448557616e-05,-9.1893853293744820e-01,-inf,0.0000000000000000e+00
1.1554853759236700e-05,-9.1893853270009684e-01,-inf,0.0000000000000000e+00
7.6365433126390119e-07,-9.1893853263363101e-01,-inf,0.0000000000000000e+00
-2.1885179857607934e-05,-9.1893853287282001e-01,-inf,0.0000000000000000e+00
-4.8435804054692991e-05,-9.1893853380635304e-01,-inf,0.0000000000000000e+00
-2.8297665304595104e-05,-9.1893853303371842e-01,-inf,0.0000000000000000e+00
-4.8893631484720940e-05,-9.1893853382863311e-01,-inf,0.0000000000000000e+00
3.6618715891884199e-05,-9.1893853330380459e-01,-inf,0.0000000000000000e+00
-3.3295074493997070e-05,-9.1893853318762042e-01,-inf,0.0000000000000000e+00
-3.2416907560822903e-05,-9.1893853315876739e-01,-inf,0.0000000000000000e+00
-1.6990576729134811e-05,-9.1893853277767934e-01,-inf,0.0000000000000000e+00
8.5944402345378357e-06,-9.1893853267027170e-01,-inf,0.0000000000000000e+00
-5.1496112738177785e-06,-9.1893853264659875e-01,-inf,0.0000000000000000e+00
5.1074929777094068e-05,-9.1893853393766367e-01,-inf,0.0000000000000000e+00
4.8577688804270002e-05,-9.1893853381323543e-01,-inf,0.0000000000000000e+00
5.6016325643978241e-06,-9.1893853264902858e-01,-inf,0.0000000000000000e+00
1.8763724567434463e-06,-9.1893853263509984e-01,-inf,0.0000000000000000e+00
2.4698069858572946e-05,-9.1893853293833683e-01,-inf,0.0000000000000000e+00
-4.9107458737726336e-05,-9.1893853383911073e-01,-inf,0.0000000000000000e+00
-1.8077378377542080e-05,-9.1893853279673532e-01,-inf,0.0000000000000000e+00
3.7199582034800843e-05,-9.1893853332524389e-01,-inf,0.0000000000000000e+00
5.2989634297438118e-05,-9.1893853403729009e-01,-inf,0.0000000000000000e+00
7.9160285523310623e-06,-9.1893853266467118e-01,-inf,0.0000000000000000e+00
-3.3039696406065336e-05,-9.1893853317915020e-01,-inf,0.0000000000000000e+00
-2.4434167907506926e-05,-9.1893853293185379e-01,-inf,0.0000000000000000e+00
1.6028965102437084e-05,-9.1893853276180337e-01,-inf,0.0000000000000000e+00
3.7859796940545834e-05,-9.1893853335002162e-01,-inf,0.0000000000000000e+00
4.3066055381563821e-05,-9.1893853356068200e-01,-inf,0.0000000000000000e+00
-4.8152236861565717e-05,-9.1893853379265844e-01,-inf,0.0000000000000000e+00
2.6017427264268553e-05,-9.1893853297179273e-01,-inf,0.0000000000000000e+00
-1.2384361375632721e-05,-9.1893853271002568e-01,-inf,0.0000000000000000e+00
-1.7808524312374133e-05,-9.1893853279191129e-01,-inf,0.0000000000000000e+00
2.0650007877920386e-05,-9.1893853284655092e-01,-inf,0.0000000000000000e+00
2.7731557248580409e-05,-9.1893853301785910e-01,-inf,0.0000000000000000e+00
-4.2607807498587765e-07,-9.1893853263343028e-01,-inf,0.0000000000000000e+00
2.1136685893038921e-05,-9.1893853285671923e-01,-inf,0.0000000000000000e+00
4.1164234062675791e-05,-9.1893853348058652e-01,-inf,0.0000000000000000e+00
7.6306981347998683e-06,-9.1893853266245329e-01,-inf,0.0000000000000000e+00
1.4168171529987510e-05,-9.1893853273370796e-01,-inf,0.0000000000000000e+00
