cmpt_0,logl,logv,weight
2.9632029083564877e+00,-5.3092242706795130e+00,-4.6101660193249021e+00,4.9211152171251742e-05
2.8642419816483602e+00,-5.0208795973518026e+00,-4.6201660193248868e+00,6.5005048836549203e-05
2.4534917388530366e+00,-3.9287493889433880e+00,-4.6301660193248999e+00,1.9182723508737903e-04
2.3988955463578048e+00,-3.7962884538009947e+00,-4.6401660193248961e+00,2.1681752145915405e-04
-2.3828863093372488e+00,-3.7580121142467866e+00,-4.6501660193249013e+00,2.2303582848183843e-04
-2.1760884310402075e+00,-3.2866189624868554e+00,-4.6601660193248975e+00,3.5379780447502695e-04
-2.0904533222354971e+00,-3.1039360788560528e+00,-4.6701660193249008e+00,4.2048485401849638e-04
2.0307590934773785e+00,-2.9809297805038715e+00,-4.6801660193248891e+00,4.7079123508000312e-04
-1.9533166840628147e+00,-2.8266615667524144e+00,-4.6901660193248995e+00,5.4385516570060362e-04
-1.9434997155807423e+00,-2.8075341048645526e+00,-4.7001660193248913e+00,5.4884190652081447e-04
-1.9263053399934609e+00,-2.7742646640770010e+00,-4.7101660193249000e+00,5.6176289989251569e-04
1.9216285466860963e+00,-2.7652666683527984e+00,-4.7201660193248962e+00,5.6120029297917963e-04
1.8843753358841213e+00,-2.6943737358775373e+00,-4.7301660193248987e+00,5.9643531977702233e-04
1.8302511791386948e+00,-2.5938482220026309e+00,-4.7401660193249038e+00,6.5294723147849183e-04
1.7721082994215487e+00,-2.4891224450727059e+00,-4.7501660193248929e+00,7.1782233458907120e-04
1.7663892718569927e+00,-2.4790040624990777e+00,-4.7601660193248980e+00,7.1790731727457927e-04
-1.7426392996230722e+00,-2.4373343969287351e+00,-4.7701660193248987e+00,7.4100705169673751e-04
1.7322405054996941e+00,-2.4192671170802571e+00,-4.7801660193248923e+00,7.4700914066637609e-04
1.7282409335413904e+00,-2.4123468948173477e+00,-4.7901660193248956e+00,7.4471205761382725e-04
1.6620957493060577e+00,-2.3002196725639723e+00,-4.8001660193248954e+00,8.2478674835222219e-04
-1.6377624966346132e+00,-2.2600715303247600e+00,-4.8101660193248987e+00,8.5003116057686691e-04
-1.6284360671500380e+00,-2.2448405450308808e+00,-4.8201660193249003e+00,8.5448931117151124e-04
1.6280822945467763e+00,-2.2442645115416875e+00,-4.8301660193249010e+00,8.4647445769185040e-04
-1.6234314747464640e+00,-2.2367034092320788e+00,-4.8401660193248999e+00,8.4441250855558198e-04
1.5866050731754495e+00,-2.1775963617463763e+00,-4.8501660193248908e+00,8.8691413775153266e-04
1.5617879604503457e+00,-2.1385293493371647e+00,-4.8601660193248915e+00,9.1307241172112086e-04
-1.5546811242967835e+00,-2.1274552317556950e+00,-4.8701660193248957e+00,9.1405368575920621e-04
1.4815060132670912e+00,-2.0163685663066149e+00,-4.8801660193249008e+00,1.0112838814471858e-03
1.4737376365196262e+00,-2.0048898432805666e+00,-4.8901660193249050e+00,1.0127803964014171e-03
-1.4557877015493159e+00,-1.9785974486244595e+00,-4.9001660193248906e+00,1.0294161645853948e-03
1.4283968068180366e+00,-1.9390972514973213e+00,-4.9101660193248922e+00,1.0602365124200888e-03
-1.3921128106072385e+00,-1.8879275713617321e+00,-4.9201660193249026e+00,1.1047970890575235e-03
1.3916073420110084e+00,-1.8872240298028113e+00,-4.9301660193248953e+00,1.0945739818059657e-03
1.3090771583462446e+00,-1.7757800358852789e+00,-4.9401660193248880e+00,1.2114393810823761e-03
1.2971640396710395e+00,-1.7602558055411845e+00,-4.9501660193249064e+00,1.2181501701775809e-03
1.2453897257579165e+00,-1.6944363171450287e+00,-4.9601660193248920e+00,1.2880802640019026e-03
1.2378891563810162e+00,-1.6851233143761915e+00,-4.9701660193249033e+00,1.2871956603219348e-03
-1.2296388471889628e+00,-1.6749443798914401e+00,-4.9801660193248907e+00,1.2874260046218599e-03
-1.2212571305469486e+00,-1.6646730220892230e+00,-4.9901660193248940e+00,1.2877754051171177e-03
1.2163056461019146e+00,-1.6586382450030375e+00,-5.0001660193249080e+00,1.2826791990467245e-03
-1.2088092645251733e+00,-1.6495484516342849e+00,-5.0101660193248980e+00,1.2815122271073677e-03
1.1999494366705779e+00,-1.6388778579163579e+00,-5.0201660193248872e+00,1.2823718893661656e-03
1.1801246416116158e+00,-1.6152856175028116e+00,-5.0301660193248994e+00,1.2999211933817593e-03
1.1253150583453992e+00,-1.5521055229027940e+00,-5.0401660193249072e+00,1.3709223160958629e-03
-1.1101710709079913e+00,-1.5351784359738376e+00,-5.0501660193248954e+00,1.3804517817653109e-03
-1.0875033059224533e+00,-1.5102702528294718e+00,-5.0601660193248881e+00,1.4011859803447358e-03
1.0770831980020910e+00,-1.4989926403425451e+00,-5.0701660193248976e+00,1.4029772971103898e-03
1.0595984284791775e+00,-1.4803129474511107e+00,-5.0801660193248974e+00,1.4152077105155799e-03
-1.0011573515450465e+00,-1.4200965539096853e+00,-5.0901660193249070e+00,1.4880889394308261e-03
-9.8446477865488535e-01,-1.4035239828393458e+00,-5.1001660193248899e+00,1.4979017220248243e-03
-9.5722979959191867e-01,-1.3770829772467319e+00,-5.1101660193248888e+00,1.5227322930726702e-03
9.5240531523800143e-01,-1.3724764748801379e+00,-5.1201660193249117e+00,1.5145415482905327e-03
9.4292195343216978e-01,-1.3634894377655089e+00,-5.1301660193248875e+00,1.5130081506823491e-03
9.3770084110973762e-01,-1.3585799663422942e+00,-5.1401660193248944e+00,1.5053257098864780e-03
9.3179036842142926e-01,-1.3530551779748108e+00,-5.1501660193248933e+00,1.4986041102673488e-03
-9.0407412996264580e-01,-1.3276135488671970e+00,-5.1601660193249019e+00,1.5219245888238038e-03
-9.0205948044980289e-01,-1.3257941857680235e+00,-5.1701660193248982e+00,1.5095250635301445e-03
-8.9533446643779058e-01,-1.3197504360290611e+00,-5.1801660193248997e+00,1.5035648025197208e-03
-8.8205647228641659e-01,-1.3079503427845185e+00,-5.1901660193249066e+00,1.5062737968531540e-03
8.7957412615586250e-01,-1.3057638543347641e+00,-5.2001660193248975e+00,1.4945503693555198e-03
8.5449919669482510e-01,-1.2840229712093902e+00,-5.2101660193248884e+00,1.5122011255396886e-03
8.5345044208089504e-01,-1.2831273611773770e+00,-5.2201660193248891e+00,1.4984959401273766e-03
-8.5283983738953406e-01,-1.2826064267526429e+00,-5.2301660193248987e+00,1.4843587085746218e-03
8.4678070711949605e-01,-1.2774573156082363e+00,-5.2401660193248967e+00,1.4771756855660046e-03
-8.2782350135317762e-01,-1.2615844073296567e+00,-5.2501660193248982e+00,1.4858765274935557e-03
-8.2563580999844499e-01,-1.2597757780092336e+00,-5.2601660193248856e+00,1.4737548763204915e-03
8.2344304301813909e-01,-1.2579677551808259e+00,-5.2701660193249014e+00,1.4617312259923073e-03
7.9035802693926416e-01,-1.2312714380070027e+00,-5.2801660193248923e+00,1.4863416340421655e-03
7.8218969131679827e-01,-1.2248488892344735e+00,-5.2901660193249151e+00,1.4810338192241576e-03
7.7415863898825488e-01,-1.2185993317934130e+00,-5.3001660193248936e+00,1.4754896899251389e-03
-7.7014443652686360e-01,-1.2154997591899797e+00,-5.3101660193248952e+00,1.4653432281678115e-03
7.6766442625651610e-01,-1.2135928683032124e+00,-5.3201660193249030e+00,1.4535319051653241e-03
7.5875835868217933e-01,-1.2067956560683768e+00,-5.3301660193248930e+00,1.4488839980663210e-03
7.5658962119711148e-01,-1.2051524600849337e+00,-5.3401660193248937e+00,1.4368264100728769e-03
-7.2602376601185037e-01,-1.1824937870403545e+00,-5.3501660193248943e+00,1.4551303330874539e-03
-7.2256047360968689e-01,-1.1799853516448671e+00,-5.3601660193249012e+00,1.4442698619436976e-03
-7.1491604664699049e-01,-1.1744910095100205e+00,-5.3701660193248957e+00,1.4377771141150732e-03
7.0629948768352024e-01,-1.1683680157843410e+00,-5.3801660193248910e+00,1.4322136350130752e-03
7.0389479670602895e-01,-1.1666724750482504e+00,-5.3901660193249050e+00,1.4203691244220923e-03
-6.9037312987272748e-01,-1.1572460618584723e+00,-5.4001660193248888e+00,1.4195546530340530e-03
6.6031634258171668e-01,-1.1369473687735869e+00,-5.4101660193248966e+00,1.4342497509910012e-03
-6.5443031111851624e-01,-1.1330780486886785e+00,-5.4201660193249124e+00,1.4254837231608153e-03
6.3090846741474915e-01,-1.1179612797611533e+00,-5.4301660193248917e+00,1.4327962863759515e-03
6.2295152319955949e-01,-1.1129728327616650e+00,-5.4401660193249004e+00,1.4256337146428151e-03
6.1593458038913518e-01,-1.1086262362929096e+00,-5.4501660193248966e+00,1.4175967714135118e-03
-6.0170673909492423e-01,-1.0999640325694631e+00,-5.4601660193248893e+00,1.4157015837012541e-03
-5.9817070955954099e-01,-1.0978426315208218e+00,-5.4701660193248998e+00,1.4045916614674480e-03
-5.9342612773137760e-01,-1.0950158171704680e+00,-5.4801660193248960e+00,1.3945523148139786e-03
-5.9098475057440525e-01,-1.0935700203390855e+00,-5.4901660193248976e+00,1.3826739085668117e-03
-5.8902417303475740e-01,-1.0924132708429795e+00,-5.5001660193248920e+00,1.3705004824894915e-03
-5.8841936340606049e-01,-1.0920572062489362e+00,-5.5101660193248962e+00,1.3573469920141899e-03
-5.8561444499844273e-01,-1.0904106717287565e+00,-5.5201660193248889e+00,1.3460556672773159e-03
5.8303285846875841e-01,-1.0889021896604651e+00,-5.5301660193248949e+00,1.3346740036323324e-03
-5.7979931699257259e-01,-1.0870221566258662e+00,-5.5401660193249169e+00,1.3238803760682563e-03
-5.7526461253110395e-01,-1.0844032198486200e+00,-5.5501660193248945e+00,1.3141447053138214e-03
-5.7414519292584154e-01,-1.0837598839132654e+00,-5.5601660193249005e+00,1.3019060405992601e-03
5.7280476266376856e-01,-1.0829911806984875e+00,-5.5701660193248888e+00,1.2899430614115100e-03
-5.6895498600034333e-01,-1.0807934206806649e+00,-5.5801660193249027e+00,1.2799177767786505e-03
5.6287279790250244e-01,-1.0773514259426351e+00,-5.5901660193248945e+00,1.2715515321858929e-03
-5.5000510678291636e-01,-1.0701913413769830e+00,-5.6001660193248943e+00,1.2679455561211627e-03
5.4906545339990132e-01,-1.0696749686919591e+00,-5.6101660193248959e+00,1.2559776721850723e-03
5.4434708626009987e-01,-1.0670954077932697e+00,-5.6201660193248966e+00,1.2466922598810667e-03
-5.3185856227993300e-01,-1.0603752977685781e+00,-5.6301660193248981e+00,1.2426099448673159e-03
5.2683861203178550e-01,-1.0577179941971286e+00,-5.6401660193248970e+00,1.2335192532015010e-03
5.1095585343240457e-01,-1.0494764747117580e+00,-5.6501660193248862e+00,1.2313520396901687e-03
5.0908794126808143e-01,-1.0485237986056262e+00,-5.6601660193248939e+00,1.2202618429089120e-03
5.0806146203430247e-01,-1.0480017572355560e+00,-5.6701660193248991e+00,1.2087508879919716e-03
-5.0549618400302521e-01,-1.0467017286541496e+00,-5.6801660193248944e+00,1.1982804023193635e-03
5.0161631972236209e-01,-1.0447479987392430e+00,-5.6901660193249093e+00,1.1886774005476603e-03
-4.9775097465307944e-01,-1.0428165490173846e+00,-5.7001660193248957e+00,1.1791250856657649e-03
-4.9721710579057316e-01,-1.0425509577787164e+00,-5.7101660193248964e+00,1.1677026854550172e-03
4.8899901054500639e-01,-1.0384985487903371e+00,-5.7201660193248935e+00,1.1607782796375522e-03
-4.8069093247838057e-01,-1.0344704189168070e+00,-5.7301660193249049e+00,1.1538669199173471e-03
4.7489116716606422e-01,-1.0316993429595129e+00,-5.7401660193248940e+00,1.1455557800902870e-03
4.6695305968960976e-01,-1.0279611126100836e+00,-5.7501660193249133e+00,1.1384049853532538e-03
-4.6050449446515562e-01,-1.0249707273446438e+00,-5.7601660193248856e+00,1.1304531073540523e-03
-4.4582688816512728e-01,-1.0183193397388399e+00,-5.7701660193248978e+00,1.1266739890003097e-03
-4.3698646354376380e-01,-1.0144171172935821e+00,-5.7801660193248940e+00,1.1198246856259290e-03
-4.3482706945265515e-01,-1.0134758227977316e+00,-5.7901660193249018e+00,1.1097263316458871e-03
4.3234735683826170e-01,-1.0124006511158550e+00,-5.8001660193249007e+00,1.0998662797391974e-03
4.1613896228964542e-01,-1.0055243506010909e+00,-5.8101660193248863e+00,1.0964359883962695e-03
-4.0900458247731231e-01,-1.0025809068770597e+00,-5.8201660193248959e+00,1.0887261605507161e-03
-4.0730425518579011e-01,-1.0018869107795652e+00,-5.8301660193249027e+00,1.0786414675273779e-03
-4.0494517743829095e-01,-1.0009288309986040e+00,-5.8401660193248812e+00,1.0689324377173347e-03
4.0320302335509728e-01,-1.0002248716546851e+00,-5.8501660193249023e+00,1.0590416421636017e-03
3.9687370025477747e-01,-9.9769289961029894e-01,-5.8601660193249074e+00,1.0511621483347150e-03
-3.9091440806299160e-01,-9.9534556984895906e-01,-5.8701660193248939e+00,1.0431486524748663e-03
-3.9012755332735427e-01,-9.9503828656593329e-01,-5.8801660193248937e+00,1.0330865514169999e-03
-3.8695979289488969e-01,-9.9380747329196739e-01,-5.8901660193248944e+00,1.0240668281624808e-03
3.8070643650971392e-01,-9.9140722803330195e-01,-5.9001660193248942e+00,1.0163136697968259e-03
-3.8000400227062070e-01,-9.9114005350418444e-01,-5.9101660193248859e+00,1.0064700470614181e-03
-3.7210100684966646e-01,-9.8816811228260726e-01,-5.9201660193248999e+00,9.9942131487748944e-04
-3.6286498128464073e-01,-9.8477402995469077e-01,-5.9301660193249086e+00,9.9284097846144125e-04
3.6139133564862486e-01,-9.8424038137428793e-01,-5.9401660193248942e+00,9.8348674195464811e-04
-3.5383589729978876e-01,-9.8153845374231286e-01,-5.9501660193249002e+00,9.7633531210665665e-04
-3.5304558604120684e-01,-9.8125912554492900e-01,-5.9601660193248973e+00,9.6689065554157673e-04
-3.4996096695718570e-01,-9.8017487183014373e-01,-5.9701660193248847e+00,9.5830841914284961e-04
-3.4645396775439408e-01,-9.7895370851972086e-01,-5.9801660193249111e+00,9.4993240565365152e-04
-3.4312353328336576e-01,-9.7780541217977002e-01,-5.9901660193249064e+00,9.4156099080361128e-04
-3.4199711442423208e-01,-9.7741954577059009e-01,-6.0001660193248911e+00,9.3255207351355615e-04
3.3981868008184080e-01,-9.7667690029962173e-01,-6.0101660193249042e+00,9.2395894454113260e-04
3.2522631692660320e-01,-9.7182461124416109e-01,-6.0201660193248863e+00,9.1921489195176897e-04
-3.1998101648341293e-01,-9.7013245808821857e-01,-6.0301660193249038e+00,9.1160982999954324e-04
3.1972116260647110e-01,-9.7004934354255623e-01,-6.0401660193248912e+00,9.0261417788491398e-04
3.1941859865973188e-01,-9.6995265321821289e-01,-6.0501660193248936e+00,8.9371942659826351e-04
3.1709674075345462e-01,-9.6921370413157126e-01,-6.0601660193249005e+00,8.8548085329279375e-04
3.0951536698493881e-01,-9.6683841383325020e-01,-6.0701660193248959e+00,8.7875499279158498e-04
3.0308296299098281e-01,-9.6486817386103618e-01,-6.0801660193248939e+00,8.7172705516425173e-04
-3.0175331989965920e-01,-9.6446606566857251e-01,-6.0901660193248954e+00,8.6340033659606250e-04
2.9793734489961554e-01,-9.6332186337625569e-01,-6.1001660193248943e+00,8.5578799430598553e-04
2.9269805743678179e-01,-9.6177460904697232e-01,-6.1101660193249021e+00,8.4858472264251613e-04
-2.9222562786741041e-01,-9.6163644142459059e-01,-6.1201660193248895e+00,8.4025725190099286e-04
-2.9040525735702888e-01,-9.6110613938364053e-01,-6.1301660193249070e+00,8.3233782598453321e-04
-2.8991672910383026e-01,-9.6096438754047131e-01,-6.1401660193248890e+00,8.2417274596507494e-04
-2.8656714318046672e-01,-9.5999889640864655e-01,-6.1501660193248942e+00,8.1676028437619710e-04
2.8556571180108065e-01,-9.5971242051156835e-01,-6.1601660193248957e+00,8.0886507091840459e-04
-2.7499561526399474e-01,-9.5674982684055099e-01,-6.1701660193249035e+00,8.0319274140303878e-04
-2.7497364635124866e-01,-9.5674378572719021e-01,-6.1801660193248864e+00,7.9520564400756060e-04
2.7463863518446113e-01,-9.5665172260133124e-01,-6.1901660193249004e+00,7.8736569965697542e-04
2.7190001829866928e-01,-9.5590334260874776e-01,-6.2001660193248940e+00,7.8011488401029708e-04
-2.6747574651383987e-01,-9.5471017011990744e-01,-6.2101660193249044e+00,7.7327471110974369e-04
-2.6320592787659652e-01,-9.5357721286802954e-01,-6.2201660193248891e+00,7.6644836068725153e-04
-2.6064266449399881e-01,-9.5290583191060507e-01,-6.2301660193249182e+00,7.5933170182369033e-04
-2.6030380095636113e-01,-9.5281756702950393e-01,-6.2401660193248949e+00,7.5184258351867605e-04
-2.5775749388249675e-01,-9.5215799545963209e-01,-6.2501660193249009e+00,7.4485274653079449e-04
2.5213423103114041e-01,-9.5072436786217174e-01,-6.2601660193249007e+00,7.3849931231337903e-04
-2.5210669395119290e-01,-9.5071742520083968e-01,-6.2701660193248960e+00,7.3115619753197857e-04
-2.5175555164560015e-01,-9.5062896152552967e-01,-6.2801660193248861e+00,7.2394511182388222e-04
-2.4976928089565972e-01,-9.5013087947290698e-01,-6.2901660193248929e+00,7.1709882272208100e-04
2.4675986594641730e-01,-9.4938374835428641e-01,-6.3001660193249061e+00,7.1049420429604036e-04
-2.4196612031764275e-01,-9.4821233432412544e-01,-6.3101660193248987e+00,7.0424915318127138e-04
2.4009821621091432e-01,-9.4776210934717098e-01,-6.3201660193248861e+00,6.9755574335604760e-04
-2.3823522894974625e-01,-9.4731654478970850e-01,-6.3301660193249081e+00,6.9092272984729150e-04
-2.3153443757868764e-01,-9.4574263052577912e-01,-6.3401660193248830e+00,6.8512541432764074e-04
-2.3031173040009623e-01,-9.4546027921328279e-01,-6.3501660193249094e+00,6.7849985083257740e-04
-2.2974613844842035e-01,-9.4533017669931985e-01,-6.3601660193248941e+00,6.7183606639112218e-04
2.2934967111841198e-01,-9.4523916845440137e-01,-6.3701660193248877e+00,6.6521172283389915e-04
2.2903274027966250e-01,-9.4516653069334511e-01,-6.3801660193248928e+00,6.5864059604040122e-04
2.1679763705670207e-01,-9.4243914035002418e-01,-6.3901660193248988e+00,6.5386793596405163e-04
-2.1493779720212228e-01,-9.4203766096638974e-01,-6.4001660193248995e+00,6.4762179590786915e-04
-2.1438621956874862e-01,-9.4191925820382927e-01,-6.4101660193248904e+00,6.4125377309440657e-04
-2.1238241728331592e-01,-9.4149167821889168e-01,-6.4201660193248964e+00,6.3514470855627965e-04
2.1155328990283745e-01,-9.4131592986769641e-01,-6.4301660193248935e+00,6.2893543776645889e-04
-2.1059079125918645e-01,-9.4111277331492460e-01,-6.4401660193249013e+00,6.2280393944953521e-04
2.0550526172308370e-01,-9.4005473893127600e-01,-6.4501660193249020e+00,6.1725967329856002e-04
-2.0547386472586010e-01,-9.4004828717602995e-01,-6.4601660193249000e+00,6.1112177972473590e-04
2.0348202224031281e-01,-9.3964099932084300e-01,-6.4701660193248838e+00,6.0528749246480009e-04
2.0233209673935704e-01,-9.3940767131881175e-01,-6.4801660193249280e+00,5.9940462285314709e-04
2.0215311417655082e-01,-9.3937147341897831e-01,-6.4901660193248931e+00,5.9346192889092023e-04
-2.0164195645267699e-01,-9.3926827193437112e-01,-6.5001660193248920e+00,5.8761752390664877e-04
1.9839496426819631e-01,-9.3861881355682897e-01,-6.5101660193248971e+00,5.8214859038341891e-04
1.9793919569137464e-01,-9.3852849522881365e-01,-6.5201660193249014e+00,5.7640817299792842e-04
-1.9761111108557683e-01,-9.3846360824557751e-01,-6.5301660193248852e+00,5.7070984628708856e-04
-1.9566290295543520e-01,-9.3808051842981355e-01,-6.5401660193249009e+00,5.6524768759607952e-04
1.9547556775009772e-01,-9.3804388142695094e-01,-6.5501660193249043e+00,5.5964388243052901e-04
-1.9235911886846727e-01,-9.3743954793926598e-01,-6.5601660193248890e+00,5.5441028023717372e-04
-1.9176581725590333e-01,-9.3732559696725171e-01,-6.5701660193248967e+00,5.4895635632412002e-04
1.9060165805122506e-01,-9.3710302865927753e-01,-6.5801660193249019e+00,5.4361512734988737e-04
-1.8351249978430156e-01,-9.3577695142188111e-01,-6.5901660193248821e+00,5.3892024269182467e-04
-1.8276718377707962e-01,-9.3564045436624188e-01,-6.6001660193249112e+00,5.3363073073370087e-04
1.8244400524524806e-01,-9.3558144015830347e-01,-6.6101660193249039e+00,5.2835219561266609e-04
1.7612074438396028e-01,-9.3444779093451957e-01,-6.6201660193248770e+00,5.2368834592953146e-04
1.7592054550206171e-01,-9.3441255179821092e-01,-6.6301660193249310e+00,5.1849583084721059e-04
-1.7303672727484132e-01,-9.3390938712633342e-01,-6.6401660193248597e+00,5.1359506902060330e-04
-1.7254930153400178e-01,-9.3382516336327537e-01,-6.6501660193249164e+00,5.0852754099772789e-04
-1.7239798372161125e-01,-9.3379906502897791e-01,-6.6601660193248859e+00,5.0348074725907856e-04
1.7176664198594760e-01,-9.3369042228290378e-01,-6.6701660193249168e+00,4.9852518832318754e-04
-1.7160305061115444e-01,-9.3366233612286664e-01,-6.6801660193248669e+00,4.9357864235323587e-04
1.6958464170660087e-01,-9.3331800798471753e-01,-6.6901660193249173e+00,4.8883574373012237e-04
1.6725353733321477e-01,-9.3292540550857606e-01,-6.7001660193248824e+00,4.8416179262064261e-04
1.6681536249802356e-01,-9.3285221521601303e-01,-6.7101660193249124e+00,4.7937938692538701e-04
-1.6601267227633412e-01,-9.3271863631150420e-01,-6.7201660193248767e+00,4.7467288437748703e-04
1.6526772194995132e-01,-9.3259524259260262e-01,-6.7301660193249155e+00,4.7000780269581356e-04
-1.6432804703052578e-01,-9.3244038615377278e-01,-6.7401660193248771e+00,4.6540321202383737e-04
-1.6411805832431892e-01,-9.3240590116741173e-01,-6.7501660193249133e+00,4.6078826269348161e-04
-1.6360746134858195e-01,-9.3232223333780329e-01,-6.7601660193248811e+00,4.5624151401364851e-04
1.6253654704500947e-01,-9.3214759719599671e-01,-6.7701660193249182e+00,4.5178072545274653e-04
-1.5838330830143726e-01,-9.3148116880759357e-01,-6.7801660193248727e+00,4.4758361518306940e-04
1.5715585363866202e-01,-9.3128751379978780e-01,-6.7901660193249160e+00,4.4321590647039430e-04
-1.5539405365800929e-01,-9.3101218858947365e-01,-6.8001660193248785e+00,4.3892666545783127e-04
1.5236106536296018e-01,-9.3054547975260760e-01,-6.8101660193249165e+00,4.3476213215163940e-04
-1.5107915723747523e-01,-9.3035098850913234e-01,-6.8201660193248683e+00,4.3051990086596893e-04
-1.4879714706232444e-01,-9.3000882812028296e-01,-6.8301660193249196e+00,4.2638202236038709e-04
1.4611012970818574e-01,-9.2961261763501091e-01,-6.8401660193248786e+00,4.2230673956671105e-04
-1.4417818388213871e-01,-9.2933220698711538e-01,-6.8501660193249103e+00,4.1822197475317952e-04
-1.4382170971005409e-01,-9.2928087472530096e-01,-6.8601660193249190e+00,4.1408185178711503e-04
1.4325272263889119e-01,-9.2919920390506705e-01,-6.8701660193248753e+00,4.0999515179341624e-04
-1.4208961753010849e-01,-9.2903326233826578e-01,-6.8801660193249150e+00,4.0598299573604011e-04
-1.3566848240764276e-01,-9.2814150119273586e-01,-6.8901660193248739e+00,4.0230199480584326e-04
1.3416466539444982e-01,-9.2793861135354183e-01,-6.9001660193249190e+00,3.9837984209761064e-04
1.3203080035467835e-01,-9.2765459875448797e-01,-6.9101660193248833e+00,3.9452793143055051e-04
-1.3058611766983141e-01,-9.2746489969737900e-01,-6.9201660193249088e+00,3.9067641684117514e-04
-1.2807423926979250e-01,-9.2714003801560751e-01,-6.9301660193248731e+00,3.8691479491998268e-04
-1.2611352531372957e-01,-9.2689084326686777e-01,-6.9401660193249235e+00,3.8316039804895817e-04
-1.2592690866162073e-01,-9.2686732579587550e-01,-6.9501660193248753e+00,3.7935680979551978e-04
1.2380629973186835e-01,-9.2660253255998803e-01,-6.9601660193249106e+00,3.7568161124978033e-04
1.2137453351943744e-01,-9.2630442132686996e-01,-6.9701660193248811e+00,3.7205441382991698e-04
-1.1945497022099055e-01,-9.2607327758858837e-01,-6.9801660193249200e+00,3.6843756275193982e-04
-1.1766658086918991e-01,-9.2586124476006226e-01,-6.9901660193248638e+00,3.6484889949282698e-04
1.1695564535286998e-01,-9.2577784412329267e-01,-7.0001660193249240e+00,3.6124871940332131e-04
-1.1508764596208665e-01,-9.2556111575988675e-01,-7.0101660193248723e+00,3.5773175680463184e-04
-1.1442555229885440e-01,-9.2548513614278838e-01,-7.0201660193249227e+00,3.5419917724671679e-04
-1.1428110978996467e-01,-9.2546861866075247e-01,-7.0301660193248745e+00,3.5068062886037130e-04
-1.1350089084470755e-01,-9.2537975874461054e-01,-7.0401660193249143e+00,3.4722215106266932e-04
-1.1269843547700648e-01,-9.2528900131282199e-01,-7.0501660193248732e+00,3.4379843378066550e-04
1.0752444123894037e-01,-9.2471928536521264e-01,-7.0601660193249218e+00,3.4057155599428128e-04
1.0676104188052046e-01,-9.2463749266504658e-01,-7.0701660193248737e+00,3.3721039261244023e-04
1.0403973056406875e-01,-9.2435066540126143e-01,-7.0801660193249205e+00,3.3395086562171186e-04
1.0325203088713164e-01,-9.2426902357449803e-01,-7.0901660193248635e+00,3.3065499316491413e-04
1.0314965183904233e-01,-9.2425845797059725e-01,-7.1001660193249299e+00,3.2736837983759229e-04
1.0233215345309696e-01,-9.2417446744851350e-01,-7.1101660193249048e+00,3.2413823342913433e-04
1.0162194020363913e-01,-9.2410204199871548e-01,-7.1201660193248903e+00,3.2093624722862344e-04
1.0087751489702390e-01,-9.2402666913923914e-01,-7.1301660193249061e+00,3.1776682830466708e-04
1.0025133738915423e-01,-9.2396369795749644e-01,-7.1401660193248810e+00,3.1462480720617061e-04
-9.9851648560008333e-02,-9.2392370849341521e-01,-7.1501660193249181e+00,3.1150669480453392e-04
-9.9574565651413233e-02,-9.2389607969567322e-01,-7.1601660193248691e+00,3.0841567243951730e-04
-9.9122874854003631e-02,-9.2385120479300065e-01,-7.1701660193249195e+00,3.0536058794357432e-04
-9.8784027450960252e-02,-9.2381767467305553e-01,-7.1801660193248802e+00,3.0233233639664881e-04
9.8191449650891882e-02,-9.2375931302561132e-01,-7.1901660193249199e+00,2.9934154894265170e-04
-9.8173079298515931e-02,-9.2375750938281587e-01,-7.2001660193248691e+00,2.9636358529846915e-04
9.7530340111701724e-02,-9.2369461625449156e-01,-7.2101660193249142e+00,2.9343317270389693e-04
9.7036879610177929e-02,-9.2364661063557951e-01,-7.2201660193248784e+00,2.9052741046538440e-04
9.6434615656380618e-02,-9.2358835018173635e-01,-7.2301660193249093e+00,2.8765337275868917e-04
9.5266078887281613e-02,-9.2347634552661839e-01,-7.2401660193248807e+00,2.8482307360077171e-04
9.4591700581777904e-02,-9.2341232754281588e-01,-7.2501660193249204e+00,2.8200708961379249e-04
-9.2292553557410242e-02,-9.2319749035441323e-01,-7.2601660193248732e+00,2.7926106140530933e-04
9.2129857135666848e-02,-9.2318248792125868e-01,-7.2701660193249209e+00,2.7648651535627978e-04
9.1367987485958646e-02,-9.2311258720195666e-01,-7.2801660193248701e+00,2.7375456353450700e-04
-9.1337316687546868e-02,-9.2310978534318011e-01,-7.2901660193249196e+00,2.7103141950609856e-04
9.1192408053528601e-02,-9.2309656027664011e-01,-7.3001660193248741e+00,2.6833816058938914e-04
-8.9439492105115218e-02,-9.2293824400734992e-01,-7.3101660193249165e+00,2.6571021420018494e-04
-8.8060639096044308e-02,-9.2281587071234139e-01,-7.3201660193248701e+00,2.6309854766065090e-04
8.6296860711377418e-02,-9.2266210671765891e-01,-7.3301660193249187e+00,2.6052072899941528e-04
8.4834098551201220e-02,-9.2253694477183690e-01,-7.3401660193248670e+00,2.5796078928797006e-04
8.4806563730197237e-02,-9.2253460925920150e-01,-7.3501660193249228e+00,2.5539463302504069e-04
-8.4733650752008338e-02,-9.2252842841822114e-01,-7.3601660193249163e+00,2.5285497681844563e-04
8.4207824303447143e-02,-9.2248401147029957e-01,-7.3701660193248806e+00,2.5035014730426605e-04
8.2333176823449719e-02,-9.2232790863626024e-01,-7.3801660193249123e+00,2.4789781624908738e-04
-8.1407172610024753e-02,-9.2225209650951867e-01,-7.3901660193248775e+00,2.4544979913013903e-04
8.0772915954076610e-02,-9.2220066460920158e-01,-7.4001660193249128e+00,2.4302003148316890e-04
-8.0705937737688555e-02,-9.2219525682639925e-01,-7.4101660193248815e+00,2.4060324289419739e-04
-8.0331120784455562e-02,-9.2216507711658291e-01,-7.4201660193249213e+00,2.3821638981993525e-04
7.8938892773170483e-02,-9.2205420702946650e-01,-7.4301660193248713e+00,2.3587224686448587e-04
7.8350672006299332e-02,-9.2200794653525886e-01,-7.4401660193249155e+00,2.3353608203890324e-04
7.8345882812810089e-02,-9.2200757131019873e-01,-7.4501660193248709e+00,2.3121244595374616e-04
-7.8086795463441105e-02,-9.2198730644621407e-01,-7.4601660193249204e+00,2.2891648259161336e-04
7.6750045717405568e-02,-9.2188381739215142e-01,-7.4701660193248687e+00,2.2666218137329296e-04
-7.6585259053857380e-02,-9.2187118358551268e-01,-7.4801660193249200e+00,2.2440969011656414e-04
7.6286458060650000e-02,-9.2184834447505914e-01,-7.4901660193248718e+00,2.2218185076950048e-04
-7.4784117191511360e-02,-9.2173486472539634e-01,-7.5001660193249187e+00,2.1999606809868798e-04
-7.3810143825769448e-02,-9.2166250129912985e-01,-7.5101660193248811e+00,2.1782283248276521e-04
7.2910642490508909e-02,-9.2159651352752892e-01,-7.5201660193249156e+00,2.1566969017903988e-04
7.2903466836692687e-02,-9.2159599037174389e-01,-7.5301660193248807e+00,2.1352385261270984e-04
7.0939578085033275e-02,-9.2145474450278075e-01,-7.5401660193249151e+00,2.1142911616097619e-04
-7.0190020331172456e-02,-9.2140185211038472e-01,-7.5501660193248670e+00,2.0933643331687681e-04
7.0189436077085360e-02,-9.2140181110174912e-01,-7.5601660193249183e+00,2.0725350950219035e-04
6.9743448427461968e-02,-9.2137060693261652e-01,-7.5701660193248737e+00,2.0519770555059457e-04
6.7969234753326779e-02,-9.2124844106981585e-01,-7.5801660193249241e+00,2.0318077450456477e-04
6.7285972909310043e-02,-9.2120223370851562e-01,-7.5901660193248759e+00,2.0116838726487788e-04
-6.7096139323213483e-02,-9.2118947858937950e-01,-7.6001660193249183e+00,1.9916926877872179e-04
6.7007357225257441e-02,-9.2118352559449612e-01,-7.6101660193249154e+00,1.9718867530199867e-04
6.6791856541523101e-02,-9.2116910868347113e-01,-7.6201660193248788e+00,1.9522942978499925e-04
-6.5660305306734418e-02,-9.2109417047982622e-01,-7.6301660193249159e+00,1.9330134961472774e-04
6.5494932678431678e-02,-9.2108332573661567e-01,-7.6401660193248722e+00,1.9138004450574382e-04
6.4386931043978496e-02,-9.2101137107797049e-01,-7.6501660193249155e+00,1.8948941540148747e-04
6.2734424135009015e-02,-9.2090633661911503e-01,-7.6601660193248744e+00,1.8762367013121979e-04
6.2514522245792556e-02,-9.2089256537914932e-01,-7.6701660193249159e+00,1.8575934153966924e-04
6.2014690206521228e-02,-9.2086144353404487e-01,-7.6801660193248740e+00,1.8391672894759532e-04
6.1562206024175420e-02,-9.2083348523862096e-01,-7.6901660193249164e+00,1.8209181782392008e-04
6.1522907837829328e-02,-9.2083106672775050e-01,-7.7001660193248771e+00,1.8028040997326701e-04
6.1438261493968138e-02,-9.2082586262104005e-01,-7.7101660193249213e+00,1.7848751878793420e-04
-6.1076408378364491e-02,-9.2080369646353988e-01,-7.7201660193248687e+00,1.7671545536150816e-04
6.0981469345896433e-02,-9.2079790243513171e-01,-7.7301660193249209e+00,1.7495812091094661e-04
6.0891528493255298e-02,-9.2079242175446196e-01,-7.7401660193248754e+00,1.7321820787203932e-04
-5.9934701901834142e-02,-9.2073461687937030e-01,-7.7501660193249249e+00,1.7150457141983384e-04
-5.9480986310632422e-02,-9.2070752649958232e-01,-7.7601660193248740e+00,1.6980267237801385e-04
-5.9128967775178842e-02,-9.2068665004841854e-01,-7.7701660193249085e+00,1.6811661719972528e-04
5.9060394184948968e-02,-9.2068259771398020e-01,-7.7801660193248710e+00,1.6644450339649354e-04
5.9049807180770429e-02,-9.2068197249738259e-01,-7.7901660193249276e+00,1.6478845594459734e-04
5.8196165806641151e-02,-9.2063192949063655e-01,-7.8001660193248776e+00,1.6315694807169816e-04
5.6984779540536407e-02,-9.2056216518298128e-01,-7.8101660193249041e+00,1.6154477897994818e-04
5.6318236012920860e-02,-9.2052440448714301e-01,-7.8201660193248710e+00,1.5994342103299426e-04
-5.5768626824758444e-02,-9.2049360250229906e-01,-7.8301660193249258e+00,1.5835683503269231e-04
5.5674813613058455e-02,-9.2048837506876391e-01,-7.8401660193248759e+00,1.5678197776239540e-04
-5.5089367951947132e-02,-9.2045595186401197e-01,-7.8501660193249148e+00,1.5522700389385819e-04
5.4052311199435737e-02,-9.2039935880633983e-01,-7.8601660193249234e+00,1.5369116700545820e-04
5.4013237656534013e-02,-9.2039724755441010e-01,-7.8701660193248681e+00,1.5216223559495220e-04
5.3953922354793904e-02,-9.2039404550207304e-01,-7.8801660193249283e+00,1.5064867843785564e-04
5.3346552144062517e-02,-9.2036145994616902e-01,-7.8901660193248713e+00,1.4915455924698130e-04
5.3316610828538613e-02,-9.2035986312846041e-01,-7.9001660193249208e+00,1.4767068238836944e-04
-5.2584477762886314e-02,-9.2032109628413716e-01,-7.9101660193248717e+00,1.4620700242247702e-04
-5.2299736503759603e-02,-9.2030616385252084e-01,-7.9201660193249150e+00,1.4475437996007274e-04
-5.1466167728057802e-02,-9.2026291584364572e-01,-7.9301660193248669e+00,1.4332024799526769e-04
5.1088647330407119e-02,-9.2024355757636478e-01,-7.9401660193249226e+00,1.4189693455279469e-04
5.1000370616200441e-02,-9.2023905153483432e-01,-7.9501660193248807e+00,1.4048566949635176e-04
-5.0915487648310179e-02,-9.2023472607457213e-01,-7.9601660193249080e+00,1.3908841534911203e-04
5.0693844736937846e-02,-9.2022346558044588e-01,-7.9701660193248740e+00,1.3770601312184980e-04
4.8831518117102457e-02,-9.2013079121414987e-01,-7.9801660193249182e+00,1.3634845081831836e-04
-4.7677313093824843e-02,-9.2007509572526280e-01,-7.9901660193248674e+00,1.3499927970614300e-04
-4.6959674584259883e-02,-9.2004113815186928e-01,-8.0001660193249204e+00,1.3366055314029801e-04
-4.6517482565713517e-02,-9.2002047072546522e-01,-8.0101660193248758e+00,1.3233334337675256e-04
-4.6093715193062906e-02,-9.2000084792348902e-01,-8.0201660193249342e+00,1.3101917554772993e-04
4.5730005533553941e-02,-9.1998414933638895e-01,-8.0301660193248718e+00,1.2971767905286814e-04
4.5348147522720851e-02,-9.1996675987521070e-01,-8.0401660193249018e+00,1.2842919987578354e-04
4.5117842609702377e-02,-9.1995634249421643e-01,-8.0501660193248856e+00,1.2715263257607871e-04
-4.4306190731617345e-02,-9.1992005190191273e-01,-8.0601660193249156e+00,1.2589201135547104e-04
4.4050655787645450e-02,-9.1990876277100031e-01,-8.0701660193248692e+00,1.2464077199088810e-04
-4.3617182913362751e-02,-9.1988976195598837e-01,-8.0801660193249205e+00,1.2340292032172537e-04
-4.2296669406407958e-02,-9.1983303675477690e-01,-8.0901660193248794e+00,1.2218197134902835e-04
-4.2266232206280251e-02,-9.1983174982579707e-01,-8.1001660193249148e+00,1.2096639609630758e-04
4.2162953521870189e-02,-9.1982738995818314e-01,-8.1101660193249181e+00,1.1976328249530333e-04
-4.2161507510567096e-02,-9.1982732899112130e-01,-8.1201660193248699e+00,1.1857162515269868e-04
-4.1682206907126373e-02,-9.1980723581966373e-01,-8.1301660193249230e+00,1.1739417656741189e-04
-4.1318294092469926e-02,-9.1979213334669541e-01,-8.1401660193248695e+00,1.1622784030825443e-04
4.1110242161192273e-02,-9.1978355863861538e-01,-8.1501660193249172e+00,1.1507234068170566e-04
3.8008344745945347e-02,-9.1966084976850282e-01,-8.1601660193248744e+00,1.1394133251542840e-04
3.7885711420832413e-02,-9.1965619619827077e-01,-8.1701660193249168e+00,1.1280812227335199e-04
-3.7815193315251155e-02,-9.1965352705607439e-01,-8.1801660193248757e+00,1.1168596080760561e-04
-3.7248992759388089e-02,-9.1963227636413392e-01,-8.1901660193249164e+00,1.1057701674283235e-04
-3.7055775130165114e-02,-9.1962509786858815e-01,-8.2001660193248807e+00,1.0947754292395755e-04
3.7012155501414165e-02,-9.1962348246076986e-01,-8.2101660193249213e+00,1.0838839826245171e-04
3.6424020299015397e-02,-9.1960188726071102e-01,-8.2201660193248713e+00,1.0731223308420396e-04
3.6036282620870053e-02,-9.1958783946590505e-01,-8.2301660193249120e+00,1.0624595103509968e-04
3.5797403848790071e-02,-9.1957925969449616e-01,-8.2401660193248798e+00,1.0518968865843771e-04
3.5190363641559308e-02,-9.1955771347995208e-01,-8.2501660193249204e+00,1.0414527768073144e-04
3.4364175636200957e-02,-9.1952898091691726e-01,-8.2601660193248634e+00,1.0311197748240547e-04
3.4133136491317773e-02,-9.1952106813670698e-01,-8.2701660193249236e+00,1.0208680395124348e-04
3.4070339799619001e-02,-9.1951892666037027e-01,-8.2801660193248807e+00,1.0107123972135329e-04
3.3378970495311799e-02,-9.1949561046900297e-01,-8.2901660193249125e+00,1.0006789725798664e-04
-3.2713722024429140e-02,-9.1947362643768527e-01,-8.3001660193248803e+00,9.9074383074300885e-05
-3.1825014234545021e-02,-9.1944494839885393e-01,-8.3101660193249103e+00,9.8091389519851561e-05
3.1587683750833234e-02,-9.1943742351571078e-01,-8.3201660193248763e+00,9.7116094670871413e-05
3.1033495679584102e-02,-9.1942007156038685e-01,-8.3301660193249134e+00,9.6151441784308200e-05
3.0789081098726894e-02,-9.1941251639079147e-01,-8.3401660193248848e+00,9.5195438168263079e-05
3.0501569774179109e-02,-9.1940370551268402e-01,-8.3501660193249077e+00,9.4249058145470601e-05
3.0331295661467209e-02,-9.1939852638159114e-01,-8.3601660193249305e+00,9.3311747620458585e-05
-3.0296918716593950e-02,-9.1939748427519941e-01,-8.3701660193248717e+00,9.2383376491741808e-05
2.9804206890371800e-02,-9.1938267800752149e-01,-8.3801660193249141e+00,9.1465500789494203e-05
2.9127629617200113e-02,-9.1936274203689783e-01,-8.3901660193248748e+00,9.0557209178293089e-05
-2.9125171980625232e-02,-9.1936267045478992e-01,-8.4001660193249243e+00,8.9656156309529648e-05
2.9100997302048098e-02,-9.1936196665532632e-01,-8.4101660193248691e+00,8.8764125120965772e-05
-2.9060944041494629e-02,-9.1936080186763092e-01,-8.4201660193249168e+00,8.7881009681557471e-05
-2.8997203606013464e-02,-9.1935895154182379e-01,-8.4301660193248740e+00,8.7006740015606234e-05
-2.8725676220035874e-02,-9.1935111487048859e-01,-8.4401660193249217e+00,8.6141683548921025e-05
-2.8409813495485787e-02,-9.1934209138476364e-01,-8.4501660193248753e+00,8.5285329043963809e-05
-2.8250147473040443e-02,-9.1933756804946376e-01,-8.4601660193249177e+00,8.4437107777702241e-05
2.8250066095116259e-02,-9.1933756575052872e-01,-8.4701660193248607e+00,8.3596944709763492e-05
2.7671903181249048e-02,-9.1932139974617566e-01,-8.4801660193249297e+00,8.2766479204282023e-05
-2.6712866726498627e-02,-9.1929532125771329e-01,-8.4901660193248638e+00,8.1945075952061862e-05
-2.6457468832972439e-02,-9.1928853146186329e-01,-8.5001660193249293e+00,8.1130259678926925e-05
2.5766766192492269e-02,-9.1927049575334874e-01,-8.5101660193248705e+00,8.0324448802434166e-05
2.5655766579060661e-02,-9.1926764181271914e-01,-8.5201660193249147e+00,7.9525434143383646e-05
-2.5110454441021814e-02,-9.1925380009445679e-01,-8.5301660193248825e+00,7.8735232675855400e-05
2.4831985949388562e-02,-9.1924684639643484e-01,-8.5401660193249089e+00,7.7952346076120779e-05
2.4728871814099582e-02,-9.1924429118393858e-01,-8.5501660193248750e+00,7.7176904476162431e-05
2.4505828141616892e-02,-9.1923880043979267e-01,-8.5601660193249245e+00,7.6409400989215593e-05
-2.4333779893697668e-02,-9.1923459905529692e-01,-8.5701660193248728e+00,7.5649432577935786e-05
-2.4312873018727591e-02,-9.1923409053055183e-01,-8.5801660193249223e+00,7.4896746233839677e-05
2.4248243307126806e-02,-9.1923252128508026e-01,-8.5901660193248723e+00,7.4151627519184675e-05
-2.4045734205855401e-02,-9.1922763130008878e-01,-8.6001660193249059e+00,7.3414165490886212e-05
-2.3607790868733641e-02,-9.1921719652819045e-01,-8.6101660193249216e+00,7.2684440780687663e-05
-2.3460242355733789e-02,-9.1921372411903435e-01,-8.6201660193249285e+00,7.1961468390298496e-05
2.3288610326299239e-02,-9.1920971231880455e-01,-8.6301660193248182e+00,7.1245725639213999e-05
-2.3276671156958417e-02,-9.1920943434341407e-01,-8.6401660193249246e+00,7.0536838431937746e-05
2.2988171117073977e-02,-9.1920276063899342e-01,-8.6501660193249190e+00,6.9835451222336552e-05
2.2962878892698949e-02,-9.1920217953685990e-01,-8.6601660193249117e+00,6.9140617050221349e-05
-2.2925663529680985e-02,-9.1920132565747759e-01,-8.6701660193248262e+00,6.8452714866229392e-05
2.2896098036424690e-02,-9.1920064828598624e-01,-8.6801660193249361e+00,6.7771644879546721e-05
2.2545386324350842e-02,-9.1919267985559661e-01,-8.6901660193249093e+00,6.7097840408245096e-05
-2.2540189493718499e-02,-9.1919256270454586e-01,-8.7001660193249268e+00,6.6430213523478899e-05
2.2377478812818589e-02,-9.1918890841234857e-01,-8.7101660193248218e+00,6.5769462195242392e-05
2.2367086366281552e-02,-9.1918867590959785e-01,-8.7201660193249158e+00,6.5115060251594596e-05
2.2177458404376217e-02,-9.1918445246397840e-01,-8.7301660193249244e+00,6.4467426850754319e-05
-2.2171625935841051e-02,-9.1918432313165888e-01,-8.7401660193249224e+00,6.3825973490586732e-05
2.1194242622702669e-02,-9.1916313059351451e-01,-8.7501660193248281e+00,6.3192233632871473e-05
-2.1095596428833296e-02,-9.1916104472768356e-01,-8.7601660193249113e+00,6.2563590901578160e-05
-2.1064504786125177e-02,-9.1916038931428179e-01,-8.7701660193249147e+00,6.1941113367880725e-05
2.0706792190213666e-02,-9.1915291825474377e-01,-8.7801660193249216e+00,6.1325247154969464e-05
-2.0264261811215767e-02,-9.1914385278671618e-01,-8.7901660193248361e+00,6.0715601163255607e-05
-2.0151975567223097e-02,-9.1914158369297050e-01,-8.8001660193249105e+00,6.0111607236374764e-05
-1.9686693503506825e-02,-9.1913231558388997e-01,-8.8101660193249192e+00,5.9514038330810707e-05
-1.9309193954231928e-02,-9.1912495511892056e-01,-8.8201660193249243e+00,5.8922297449070579e-05
-1.9006100522360448e-02,-9.1911914856187249e-01,-8.8301660193248264e+00,5.8336349525935151e-05
-1.8952522423929530e-02,-9.1911813168645429e-01,-8.8401660193249132e+00,5.7755951880258269e-05
1.8717534567042254e-02,-9.1911370568347373e-01,-8.8501660193249236e+00,5.7181523642108075e-05
-1.8694228529697907e-02,-9.1911326972349972e-01,-8.8601660193249199e+00,5.6612582656208111e-05
-1.8463946614082193e-02,-9.1910899129562329e-01,-8.8701660193249179e+00,5.6049517850196655e-05
1.8357048332443685e-02,-9.1910702324507931e-01,-8.8801660193248253e+00,5.5491925040119151e-05
-1.8073894164479496e-02,-9.1910186545847383e-01,-8.8901660193249210e+00,5.4940054528732548e-05
-1.7886021796815817e-02,-9.1909848752119760e-01,-8.9001660193249155e+00,5.4393575590118400e-05
-1.7562636457539103e-02,-9.1909275573300930e-01,-8.9101660193249224e+00,5.3852659141170151e-05
1.7532764395465299e-02,-9.1909223154701292e-01,-8.9201660193248227e+00,5.3316844177607174e-05
-1.7032619865592569e-02,-9.1908358770308241e-01,-8.9301660193249202e+00,5.2786788992858778e-05
-1.7016797003645969e-02,-9.1908331832347112e-01,-8.9401660193249217e+00,5.2261565744730570e-05
-1.6960829130833591e-02,-9.1908236749574213e-01,-8.9501660193249108e+00,5.1741603674370425e-05
1.6842345943230502e-02,-9.1908036494177514e-01,-8.9601660193248343e+00,5.1226868700196088e-05
-1.6494499144294551e-02,-9.1907456688435007e-01,-8.9701660193249229e+00,5.0717446901932252e-05
-1.6438596183046415e-02,-9.1907364635557409e-01,-8.9801660193249120e+00,5.0212846095789263e-05
-1.5805062285895257e-02,-9.1906343263027002e-01,-8.9901660193249135e+00,4.9713727688974016e-05
-1.5691053399150445e-02,-9.1906163721172696e-01,-9.0001660193248298e+00,4.9219156202430721e-05
1.5513849609345626e-02,-9.1905887239819017e-01,-9.0101660193249202e+00,4.8729552143425559e-05
1.5398747770338908e-02,-9.1905709334978669e-01,-9.0201660193249253e+00,4.8244770827975825e-05
1.5394554618436355e-02,-9.1905702878928952e-01,-9.0301660193249251e+00,4.7764730421218842e-05
1.5284116584583049e-02,-9.1905533474322498e-01,-9.0401660193248290e+00,4.7289543523203327e-05
-1.5107427373492910e-02,-9.1905264981426216e-01,-9.0501660193249069e+00,4.6819130409088381e-05
1.5075466018059917e-02,-9.1905216747117036e-01,-9.0601660193249227e+00,4.6353294635983886e-05
1.5051412567741916e-02,-9.1905180514348161e-01,-9.0701660193249172e+00,4.5892088276053527e-05
-1.5015772806265842e-02,-9.1905126934982417e-01,-9.0801660193248264e+00,4.5435478712147906e-05
1.4985409766385724e-02,-9.1905081388627274e-01,-9.0901660193249256e+00,4.4983408633569812e-05
1.4876985265324372e-02,-9.1904919497863180e-01,-9.1001660193249148e+00,4.4535888338568727e-05
1.4387389819628411e-02,-9.1904203112625049e-01,-9.1101660193249199e+00,4.4093064720546481e-05
-1.4360421809089587e-02,-9.1904164349060691e-01,-9.1201660193249197e+00,4.3654348318046524e-05
-1.4346595872089196e-02,-9.1904144503989804e-01,-9.1301660193248377e+00,4.3219988871750328e-05
-1.4345802446149671e-02,-9.1904143365725144e-01,-9.1401660193249104e+00,4.2789943284177046e-05
-1.4253968095951726e-02,-9.1904012043657968e-01,-9.1501660193249137e+00,4.2364231868184100e-05
1.4245819891261946e-02,-9.1904000432552657e-01,-9.1601660193249241e+00,4.1942705588017876e-05
-1.4132005472359030e-02,-9.1903838942267491e-01,-9.1701660193248227e+00,4.1525435753902145e-05
-1.3996775812301425e-02,-9.1903648749990940e-01,-9.1801660193249273e+00,4.1112328956908292e-05
-1.3889662060689359e-02,-9.1903499398941957e-01,-9.1901660193249111e+00,4.0703315239611731e-05
1.3580165478877717e-02,-9.1903074308055632e-01,-9.2001660193249304e+00,4.0298481790826072e-05
1.3445677193586501e-02,-9.1902892575093653e-01,-9.2101660193248271e+00,3.9897577704339195e-05
1.3268793877623433e-02,-9.1902656307882291e-01,-9.2201660193249193e+00,3.9500683500224997e-05
1.2928591947575237e-02,-9.1902210687821295e-01,-9.2301660193249120e+00,3.9107819404276951e-05
1.2766934419075088e-02,-9.1902002994056997e-01,-9.2401660193249135e+00,3.8718770515885258e-05
1.2207959572433133e-02,-9.1901304977180054e-01,-9.2501660193248334e+00,3.8333779887546816e-05
1.2153468791483102e-02,-9.1901238603517221e-01,-9.2601660193249202e+00,3.7952377595014411e-05
-1.2143134717855124e-02,-9.1901226049372742e-01,-9.2701660193249200e+00,3.7574749845517733e-05
1.2061352421902441e-02,-9.1901127074446209e-01,-9.2801660193249234e+00,3.7200911657278060e-05
-1.1903072655579695e-02,-9.1900937420266149e-01,-9.2901660193248219e+00,3.6830826252744709e-05
-1.1783640665436374e-02,-9.1900795972700555e-01,-9.3001660193249194e+00,3.6464404986347485e-05
-1.1496674381822596e-02,-9.1900461939426026e-01,-9.3101660193249209e+00,3.6101698685980517e-05
1.1407302640356526e-02,-9.1900359591010383e-01,-9.3201660193249243e+00,3.5742517363998950e-05
1.1337340262666414e-02,-9.1900280027545522e-01,-9.3301660193248210e+00,3.5386901529041310e-05
-1.1335603654252169e-02,-9.1900278058844265e-01,-9.3401660193249239e+00,3.5034796665452415e-05
-1.1291702810691563e-02,-9.1900228390952199e-01,-9.3501660193249112e+00,3.4686211841973474e-05
1.1185308857131841e-02,-9.1900108820045423e-01,-9.3601660193249216e+00,3.4341119329497132e-05
1.1002046201946915e-02,-9.1899905514365432e-01,-9.3701660193249214e+00,3.3999488605750231e-05
-1.0894008488197385e-02,-9.1899787234380992e-01,-9.3801660193248235e+00,3.3661227856154553e-05
-1.0860084307106443e-02,-9.1899750334891817e-01,-9.3901660193249157e+00,3.3326305340009765e-05
-1.0681706236764862e-02,-9.1899558205740373e-01,-9.4001660193249190e+00,3.2994766453854509e-05
-1.0581655484920611e-02,-9.1899451834974022e-01,-9.4101660193249153e+00,3.2666497789816985e-05
1.0404400462548050e-02,-9.1899265840783195e-01,-9.4201660193248333e+00,3.2341520859272563e-05
1.0378566116369186e-02,-9.1899238995065535e-01,-9.4301660193249237e+00,3.2019725945839228e-05
-1.0299697729870693e-02,-9.1899157452000280e-01,-9.4401660193249128e+00,3.1701150199451455e-05
1.0168628070346693e-02,-9.1899023313175598e-01,-9.4501660193249091e+00,3.1385760585086562e-05
9.9736760720529755e-03,-9.1898826974053460e-01,-9.4601660193248378e+00,3.1073528058790697e-05
-9.7596294536474726e-03,-9.1898615781687576e-01,-9.4701660193249246e+00,3.0764406260611969e-05
-9.5633155446335702e-03,-9.1898426113544263e-01,-9.4801660193249191e+00,3.0458353073448915e-05
9.4343772787618997e-03,-9.1898303637065848e-01,-9.4901660193249171e+00,3.0155324329798287e-05
-9.3664874776004103e-03,-9.1898239817717353e-01,-9.5001660193248281e+00,2.9855292892819049e-05
9.1412381564175901e-03,-9.1898031375085565e-01,-9.5101660193249202e+00,2.9558289377077541e-05
-9.1068527035871819e-03,-9.1898000001642188e-01,-9.5201660193249129e+00,2.9264188664867860e-05
-9.0091938561854441e-03,-9.1897911542030863e-01,-9.5301660193249216e+00,2.8973030751875532e-05
8.9481962495974871e-03,-9.1897856774140008e-01,-9.5401660193248290e+00,2.8684759989140296e-05
8.9408585260495835e-03,-9.1897850210893084e-01,-9.5501660193249105e+00,2.8399343722299792e-05
8.7211982690117602e-03,-9.1897656228296321e-01,-9.5601660193249280e+00,2.8116820072532691e-05
-8.5899423436273346e-03,-9.1897542618807293e-01,-9.5701660193249172e+00,2.7837084663918269e-05
-8.4690794162564885e-03,-9.1897439528641889e-01,-9.5801660193248193e+00,2.7560129455344885e-05
-8.4605696283110467e-03,-9.1897432325255723e-01,-9.5901660193249221e+00,2.7285903550875877e-05
8.4590204815120848e-03,-9.1897431014709274e-01,-9.6001660193249201e+00,2.7014404628276884e-05
-8.1588799030352308e-03,-9.1897181629397551e-01,-9.6101660193249252e+00,2.6745673510756229e-05
8.0309498442653268e-03,-9.1897078071103999e-01,-9.6201660193249161e+00,2.6479577034617878e-05
7.9728646862550889e-03,-9.1897031591899214e-01,-9.6301660193248182e+00,2.6216113025912327e-05
7.9666369403011642e-03,-9.1897026628540879e-01,-9.6401660193249246e+00,2.5955259631103629e-05
-7.9359915483729823e-03,-9.1897002261426741e-01,-9.6501660193249208e+00,2.5697006744308950e-05
-7.9189882118522216e-03,-9.1896988782048916e-01,-9.6601660193249206e+00,2.5441320684385831e-05
-7.9164983222163102e-03,-9.1896986810618231e-01,-9.6701660193248262e+00,2.5188175810505257e-05
7.8473493160427996e-03,-9.1896932307898349e-01,-9.6801660193249184e+00,2.4937562865279612e-05
-7.7777975545293872e-03,-9.1896877970073909e-01,-9.6901660193249217e+00,2.4689443384582166e-05
7.6179377062131738e-03,-9.1896754912078737e-01,-9.7001660193249073e+00,2.4443809398308725e-05
7.6009007295751423e-03,-9.1896741947928995e-01,-9.7101660193248343e+00,2.4200592568394488e-05
7.4842964966380654e-03,-9.1896653998036426e-01,-9.7201660193249193e+00,2.3959813721589471e-05
-7.4085502101897786e-03,-9.1896597594144791e-01,-9.7301660193249244e+00,2.3721422971522474e-05
-7.2332958799505003e-03,-9.1896469291798288e-01,-9.7401660193249100e+00,2.3485421001576767e-05
7.2312812917276073e-03,-9.1896467834789952e-01,-9.7501660193248352e+00,2.3251737496921800e-05
-7.1562158931695050e-03,-9.1896413834629431e-01,-9.7601660193249096e+00,2.3020391274249915e-05
7.0557366693701964e-03,-9.1896342434331324e-01,-9.7701660193249271e+00,2.2791350826998114e-05
7.0031084834810443e-03,-9.1896305439755521e-01,-9.7801660193249109e+00,2.2564581444858484e-05
-6.9944996246992588e-03,-9.1896299414583937e-01,-9.7901660193248308e+00,2.2340061454130463e-05
6.9902523670367575e-03,-9.1896296444741687e-01,-9.8001660193249229e+00,2.2117774785469054e-05
6.8046081751619181e-03,-9.1896168397954825e-01,-9.8101660193249209e+00,2.1897727288573459e-05
-6.7793280231945030e-03,-9.1896151227756251e-01,-9.8201660193249207e+00,2.1679844984008897e-05
-6.7606210174683858e-03,-9.1896138563161034e-01,-9.8301660193248281e+00,2.1464129640472700e-05
-6.7431866027619020e-03,-9.1896126791611932e-01,-9.8401660193249114e+00,2.1250560483638825e-05
6.6777032509827737e-03,-9.1896082849369354e-01,-9.8501660193249254e+00,2.1039123118963446e-05
-6.6638067722162402e-03,-9.1896073579368820e-01,-9.8601660193249128e+00,2.0829782277079150e-05
6.6328689357718238e-03,-9.1896053010849899e-01,-9.8701660193249161e+00,2.0622526722201361e-05
-6.5350405789008862e-03,-9.1895988601102341e-01,-9.8801660193248235e+00,2.0417342303559529e-05
6.5140914086777423e-03,-9.1895974932677982e-01,-9.8901660193249263e+00,2.0214189116197864e-05
-6.4825592777749061e-03,-9.1895954442073435e-01,-9.9001660193249155e+00,2.0013058674662418e-05
6.3373274354953614e-03,-9.1895861349285179e-01,-9.9101660193249259e+00,1.9813943859005915e-05
-6.3229520348460633e-03,-9.1895852249455690e-01,-9.9201660193248209e+00,1.9616793608620907e-05
-6.3184892668818266e-03,-9.1895849428664733e-01,-9.9301660193249290e+00,1.9421603798747596e-05
6.2483970263715527e-03,-9.1895805386603902e-01,-9.9401660193249146e+00,1.9228364080658487e-05
-6.1955075190615874e-03,-9.1895772479004889e-01,-9.9501660193249215e+00,1.9037044925957646e-05
6.1683039791101506e-03,-9.1895755662032885e-01,-9.9601660193248200e+00,1.8847626333621497e-05
-6.1601721348272338e-03,-9.1895750649370478e-01,-9.9701660193249140e+00,1.8660090253533970e-05
-6.1107650453722170e-03,-9.1895720335805930e-01,-9.9801660193249155e+00,1.8474424853511587e-05
6.0261538787075401e-03,-9.1895668989862445e-01,-9.9901660193249349e+00,1.8290610646314485e-05
-6.0014753354135624e-03,-9.1895654148644024e-01,-1.0000166019324832e+01,1.8108618717095773e-05
5.9731675780936126e-03,-9.1895637199879743e-01,-1.0010166019324906e+01,1.7928437988934826e-05
-5.9085045561381201e-03,-9.1895598784638444e-01,-1.0020166019324913e+01,1.7750053869051785e-05
5.8915924424030996e-03,-9.1895588806409312e-01,-1.0030166019324934e+01,1.7573439635611105e-05
-5.8370204517666537e-03,-9.1895556803721667e-01,-1.0040166019324820e+01,1.7398586557654242e-05
5.7529775031173779e-03,-9.1895508100841516e-01,-1.0050166019324921e+01,1.7225476118175293e-05
-5.7346378426963787e-03,-9.1895497566893292e-01,-1.0060166019324909e+01,1.7054081563517940e-05
-5.6756491462132937e-03,-9.1895463912995490e-01,-1.0070166019324937e+01,1.6884396298961728e-05
5.6186337182198851e-03,-9.1895431715576925e-01,-1.0080166019324814e+01,1.6716399130992319e-05
-5.3689647184956071e-03,-9.1895294552441364e-01,-1.0090166019324927e+01,1.6550090881129834e-05
-5.3271416795599210e-03,-9.1895272185257648e-01,-1.0100166019324906e+01,1.6385418390352782e-05
5.3150656304599853e-03,-9.1895265759466749e-01,-1.0110166019324932e+01,1.6222381795695206e-05
-5.2516311349420676e-03,-9.1895232244812819e-01,-1.0120166019324918e+01,1.6060971782622019e-05
4.9332891504546596e-03,-9.1895070130426049e-01,-1.0130166019324829e+01,1.5901188221329309e-05
4.8849618459762441e-03,-9.1895046405945779e-01,-1.0140166019324921e+01,1.5742972489877803e-05
4.7875183345342173e-03,-9.1894999279924117e-01,-1.0150166019324912e+01,1.5586334641539095e-05
-4.7263441747904473e-03,-9.1894970179796875e-01,-1.0160166019324924e+01,1.5431252511127959e-05
-4.6532520421059126e-03,-9.1894935901062313e-01,-1.0170166019324821e+01,1.5277714220191445e-05
4.5933062263285975e-03,-9.1894908186438384e-01,-1.0180166019324924e+01,1.5125702615797317e-05
4.5870177246009024e-03,-9.1894905299914231e-01,-1.0190166019324915e+01,1.4975199792372369e-05
-4.5828842787318524e-03,-9.1894903404749562e-01,-1.0200166019324918e+01,1.4826194345779594e-05
4.5822893360354389e-03,-9.1894903132111905e-01,-1.0210166019324834e+01,1.4678671287192743e-05
4.5806889475300625e-03,-9.1894902398895650e-01,-1.0220166019324910e+01,1.4532616174098269e-05
-4.5396300692504303e-03,-9.1894883675392225e-01,-1.0230166019324926e+01,1.4388016921046829e-05
-4.4990253316676684e-03,-9.1894865324780695e-01,-1.0240166019324919e+01,1.4244856374680748e-05
-4.4740450005832473e-03,-9.1894854117267311e-01,-1.0250166019324823e+01,1.4103119266143689e-05
4.4475319732289595e-03,-9.1894842290366596e-01,-1.0260166019324917e+01,1.3962792536154448e-05
-4.4305478864764920e-03,-9.1894834751062660e-01,-1.0270166019324925e+01,1.3823861471316608e-05
-4.3031456113301336e-03,-9.1894779116441561e-01,-1.0280166019324911e+01,1.3686319365778549e-05
4.2247488276759195e-03,-9.1894745688466795e-01,-1.0290166019324831e+01,1.3550142742265689e-05
4.1577943611459979e-03,-9.1894717626031430e-01,-1.0300166019324918e+01,1.3415320333921550e-05
4.1386447589144455e-03,-9.1894709682355968e-01,-1.0310166019324917e+01,1.3281836721356823e-05
-4.0470528638543116e-03,-9.1894672195178084e-01,-1.0320166019324926e+01,1.3149685167307763e-05
4.0449278637729180e-03,-9.1894671335405098e-01,-1.0330166019324832e+01,1.3018843725680667e-05
-4.0379964899270437e-03,-9.1894668534116575e-01,-1.0340166019324913e+01,1.2889304427282106e-05
4.0088340514531961e-03,-9.1894656800856556e-01,-1.0350166019324915e+01,1.2761055202660728e-05
3.7528978692304158e-03,-9.1894557475454786e-01,-1.0360166019324931e+01,1.2634093130715562e-05
-3.7441291188127024e-03,-9.1894554188476862e-01,-1.0370166019324907e+01,1.2508382214784480e-05
3.6637545890747846e-03,-9.1894524418218393e-01,-1.0380166019324827e+01,1.2383925418945471e-05
3.6562875212285172e-03,-9.1894521685255837e-01,-1.0390166019324919e+01,1.2260703637268376e-05
-3.5465516992914795e-03,-9.1894482164781732e-01,-1.0400166019324926e+01,1.2138712395001020e-05
-3.5378555620811823e-03,-9.1894479084432856e-01,-1.0410166019324912e+01,1.2017930558794092e-05
-3.4759654135157695e-03,-9.1894457380111749e-01,-1.0420166019324832e+01,1.1898352734200503e-05
-3.3661869982289424e-03,-9.1894419824079299e-01,-1.0430166019324925e+01,1.1779966570470294e-05
3.3189028003426102e-03,-9.1894404019123854e-01,-1.0440166019324909e+01,1.1662755787958266e-05
3.2803536623023932e-03,-9.1894391299341438e-01,-1.0450166019324922e+01,1.1546710897641492e-05
3.2647252074416164e-03,-9.1894386184867949e-01,-1.0460166019324834e+01,1.1431819789238039e-05
-3.2557342511253320e-03,-9.1894383253609646e-01,-1.0470166019324921e+01,1.1318071613546511e-05
-3.2182270333225753e-03,-9.1894371112595852e-01,-1.0480166019324907e+01,1.1205456279808963e-05
3.2176457984745156e-03,-9.1894370925558166e-01,-1.0490166019324928e+01,1.1093960147658095e-05
-3.1732895172306144e-03,-9.1894356751651951e-01,-1.0500166019324826e+01,1.0983574956611402e-05
3.1463813254853771e-03,-9.1894348249106217e-01,-1.0510166019324917e+01,1.0874287484354884e-05
-3.1110432353824297e-03,-9.1894337192834563e-01,-1.0520166019324920e+01,1.0766087706354012e-05
3.1092535019354144e-03,-9.1894336636200913e-01,-1.0530166019324913e+01,1.0658963403136208e-05
3.0754115227484015e-03,-9.1894326171135654e-01,-1.0540166019324840e+01,1.0552906049582688e-05
-3.0493425880808427e-03,-9.1894318187844926e-01,-1.0550166019324916e+01,1.0447903714045639e-05
-3.0439701901428208e-03,-9.1894316551059874e-01,-1.0560166019324909e+01,1.0343945504426417e-05
-3.0095665950788152e-03,-9.1894306137888460e-01,-1.0570166019324919e+01,1.0241022593382910e-05
-2.9170950166026851e-03,-9.1894278735500745e-01,-1.0580166019324839e+01,1.0139125494363137e-05
-2.8757401196474264e-03,-9.1894266757395737e-01,-1.0590166019324910e+01,1.0038240712446413e-05
2.8131567290287807e-03,-9.1894248955873048e-01,-1.0600166019324927e+01,9.9383603176708234e-06
2.8054756375719709e-03,-9.1894246798011592e-01,-1.0610166019324909e+01,9.8394721925716798e-06
-2.7603366724803938e-03,-9.1894234236261219e-01,-1.0620166019324923e+01,9.7415690321465269e-06
2.7509654561071115e-03,-9.1894231653880987e-01,-1.0630166019324825e+01,9.6446390497949011e-06
-2.7046900106632923e-03,-9.1894219030736635e-01,-1.0640166019324919e+01,9.5486744931621800e-06
-2.6655785747250580e-03,-9.1894208528790844e-01,-1.0650166019324928e+01,9.4536645872987360e-06
-2.6020123966973129e-03,-9.1894191786759571e-01,-1.0660166019324910e+01,9.3596006199628054e-06
2.5855829993950636e-03,-9.1894187525306281e-01,-1.0670166019324833e+01,9.2664714326398341e-06
-2.5605856324499941e-03,-9.1894181093272997e-01,-1.0680166019324911e+01,9.1742690914178009e-06
2.5427651207512339e-03,-9.1894176546056916e-01,-1.0690166019324916e+01,9.0829840017511649e-06
-2.4972063218928614e-03,-9.1894165065304656e-01,-1.0700166019324927e+01,8.9926078332989756e-06
2.4768549747958227e-03,-9.1894160003862257e-01,-1.0710166019324834e+01,8.9031303409567499e-06
2.4756241200957758e-03,-9.1894159699073141e-01,-1.0720166019324918e+01,8.8145427407764333e-06
2.4468003330575814e-03,-9.1894152604927437e-01,-1.0730166019324907e+01,8.7268371941752647e-06
-2.4416835470915947e-03,-9.1894151354261155e-01,-1.0740166019324917e+01,8.6400038213067967e-06
2.4203977405977211e-03,-9.1894146179595082e-01,-1.0750166019324839e+01,8.5540347895203616e-06
2.4186647394459108e-03,-9.1894145760290036e-01,-1.0760166019324920e+01,8.4689207567591616e-06
2.3937348365916365e-03,-9.1894139761657345e-01,-1.0770166019324915e+01,8.3846540902289213e-06
2.3498526290997423e-03,-9.1894129353702869e-01,-1.0780166019324922e+01,8.3012262520631583e-06
-2.3143561399476147e-03,-9.1894121075551072e-01,-1.0790166019324817e+01,8.2186283511207297e-06
2.2857157293275296e-03,-9.1894114488153711e-01,-1.0800166019324926e+01,8.1368521686791596e-06
-2.2181386829765734e-03,-9.1894099270294793e-01,-1.0810166019324919e+01,8.0558903627763453e-06
2.2029313214799607e-03,-9.1894095908654305e-01,-1.0820166019324914e+01,7.9757331824837676e-06
2.1870449773104877e-03,-9.1894092421620588e-01,-1.0830166019324826e+01,7.8963735866956622e-06
-2.1561626157172152e-03,-9.1894085715195217e-01,-1.0840166019324926e+01,7.8178038810237575e-06
2.1549853124832492e-03,-9.1894085461418795e-01,-1.0850166019324922e+01,7.7400154523335321e-06
2.1382232685349667e-03,-9.1894081863271249e-01,-1.0860166019324911e+01,7.6630012875249769e-06
2.1339867744601228e-03,-9.1894080958311630e-01,-1.0870166019324923e+01,7.5867532193907276e-06
-2.1057847112875101e-03,-9.1894074979796458e-01,-1.0880166019324829e+01,7.5112642126165169e-06
2.0780254204914215e-03,-9.1894069172816362e-01,-1.0890166019324914e+01,7.4365263167840188e-06
2.0730895944968681e-03,-9.1894068148357289e-01,-1.0900166019324921e+01,7.3625317190294062e-06
-2.0538393592500230e-03,-9.1894064176139623e-01,-1.0910166019324921e+01,7.2892735939438429e-06
-2.0520807016114447e-03,-9.1894063815094240e-01,-1.0920166019324830e+01,7.2167441358926817e-06
-2.0513537532644787e-03,-9.1894063665945003e-01,-1.0930166019324911e+01,7.1449363426068736e-06
2.0267491268827985e-03,-9.1894058648935117e-01,-1.0940166019324918e+01,7.0738433930416911e-06
-1.9135480925721398e-03,-9.1894036346649077e-01,-1.0950166019324925e+01,7.0034590371798237e-06
-1.9103205194537665e-03,-9.1894035729558299e-01,-1.0960166019324824e+01,6.9337734982173705e-06
1.9042342088648827e-03,-9.1894034568730054e-01,-1.0970166019324925e+01,6.8647813788521210e-06
-1.9030354329151013e-03,-9.1894034340526898e-01,-1.0980166019324916e+01,6.7964756783667544e-06
-1.8623883038536978e-03,-9.1894026687843666e-01,-1.0990166019324912e+01,6.7288501303848640e-06
-1.8558579449183339e-03,-9.1894025473769536e-01,-1.1000166019324835e+01,6.6618970337914839e-06
1.8456135535027075e-03,-9.1894023577803385e-01,-1.1010166019324924e+01,6.5956101758092783e-06
1.8233034875268096e-03,-9.1894019485114331e-01,-1.1020166019324909e+01,6.5299830252862852e-06
-1.7705595054365551e-03,-9.1894010007382065e-01,-1.1030166019324918e+01,6.4650092213057630e-06
1.7454122444761902e-03,-9.1894005586529104e-01,-1.1040166019324836e+01,6.4006815877058518e-06
-1.6828837775606925e-03,-9.1893994868224382e-01,-1.1050166019324916e+01,6.3369944210073654e-06
-1.6659541929756551e-03,-9.1893992033502603e-01,-1.1060166019324919e+01,6.2739404508364816e-06
1.6242772325873529e-03,-9.1893985177160364e-01,-1.1070166019324917e+01,6.2115141261854989e-06
1.6218351334897833e-03,-9.1893984780793958e-01,-1.1080166019324830e+01,6.1497085523364824e-06
-1.5943584772226118e-03,-9.1893980362281646e-01,-1.1090166019324920e+01,6.0885181988679415e-06
-1.5552639111030527e-03,-9.1893974205625606e-01,-1.1100166019324915e+01,6.0279368016873430e-06
-1.5278141957939841e-03,-9.1893969974144785e-01,-1.1110166019324931e+01,5.9679580808939449e-06
-1.5168438794378460e-03,-9.1893968304101681e-01,-1.1120166019324916e+01,5.9085760044869061e-06
1.4783825775180393e-03,-9.1893962544086227e-01,-1.1130166019324824e+01,5.8497850278856452e-06
-1.4433064184182030e-03,-9.1893957420004824e-01,-1.1140166019324923e+01,5.7915789910911969e-06
-1.4383373100849718e-03,-9.1893956704044821e-01,-1.1150166019324914e+01,5.7339518583278620e-06
1.4235746254429458e-03,-9.1893954591569660e-01,-1.1160166019324912e+01,5.6768982039863082e-06
1.4174804749548658e-03,-9.1893953725878785e-01,-1.1170166019324832e+01,5.6204121717234371e-06
-1.3868470337106979e-03,-9.1893949430568689e-01,-1.1180166019324929e+01,5.5644883752280811e-06
1.3650850776902278e-03,-9.1893946436197416e-01,-1.1190166019324913e+01,5.5091209557573552e-06
1.3603528010253407e-03,-9.1893945791321108e-01,-1.1200166019324914e+01,5.4543043215251362e-06
1.3514341388030954e-03,-9.1893944582045528e-01,-1.1210166019324838e+01,5.4000331520450223e-06
1.3355357088340413e-03,-9.1893942446115429e-01,-1.1220166019324919e+01,5.3463020386150128e-06
1.3320996237712350e-03,-9.1893941987804328e-01,-1.1230166019324917e+01,5.2931054687625305e-06
1.3039647441673674e-03,-9.1893938279536647e-01,-1.1240166019324921e+01,5.2404383836946160e-06
-1.3010255517439465e-03,-9.1893937896708267e-01,-1.1250166019324830e+01,5.1882951704123492e-06
1.2964026398669323e-03,-9.1893937296324180e-01,-1.1260166019324902e+01,5.1366708017477392e-06
1.2806751610876851e-03,-9.1893935269777360e-01,-1.1270166019324925e+01,5.0855601763557018e-06
-1.2563515775836816e-03,-9.1893932184298277e-01,-1.1280166019324914e+01,5.0349581624749845e-06
-1.2548614913835440e-03,-9.1893931997202072e-01,-1.1290166019324838e+01,4.9848595010192402e-06
1.2510534346375649e-03,-9.1893931520068761e-01,-1.1300166019324918e+01,4.9352593437944343e-06
1.2414909811728674e-03,-9.1893930328326767e-01,-1.1310166019324919e+01,4.8861527510630346e-06
-1.2354001661670417e-03,-9.1893929574012478e-01,-1.1320166019324907e+01,4.8375347553532659e-06
1.2156977587364553e-03,-9.1893927159385980e-01,-1.1330166019324832e+01,4.7894005959398186e-06
1.1863363863291766e-03,-9.1893923633035024e-01,-1.1340166019324920e+01,4.7417454309785455e-06
1.1839110685661239e-03,-9.1893923345604855e-01,-1.1350166019324927e+01,4.6945642891147478e-06
-1.1830984515358769e-03,-9.1893923249431253e-01,-1.1360166019324913e+01,4.6478525984329179e-06
1.1737565551186435e-03,-9.1893922148556484e-01,-1.1370166019324921e+01,4.6016057430270257e-06
-1.1534929598158313e-03,-9.1893919790634360e-01,-1.1380166019324825e+01,4.5558191082862225e-06
1.1316448711683139e-03,-9.1893917294339666e-01,-1.1390166019324928e+01,4.5104880633446686e-06
1.1260019616978448e-03,-9.1893916657354835e-01,-1.1400166019324908e+01,4.4656079856873314e-06
1.1142926273651505e-03,-9.1893915345736921e-01,-1.1410166019324913e+01,4.4211745018075899e-06
-1.1081827589601216e-03,-9.1893914666785315e-01,-1.1420166019324826e+01,4.3771831102100042e-06
1.1042980456327234e-03,-9.1893914237042629e-01,-1.1430166019324929e+01,4.3336294291760891e-06
1.0748940254248797e-03,-9.1893911033192244e-01,-1.1440166019324918e+01,4.2905092333478279e-06
-1.0159749616268669e-03,-9.1893904873590082e-01,-1.1450166019324923e+01,4.2478182148239636e-06
-9.9893378449061789e-04,-9.1893903156769241e-01,-1.1460166019324815e+01,4.2055517895853984e-06
-9.9430204390185207e-04,-9.1893902695161667e-01,-1.1470166019324935e+01,4.1637058693220221e-06
9.8247938881107499e-04,-9.1893901526621413e-01,-1.1480166019324903e+01,4.1222763518732882e-06
-9.8188765362503872e-04,-9.1893901468502159e-01,-1.1490166019324933e+01,4.0812590192121554e-06
9.5862620577269876e-04,-9.1893899211544061e-01,-1.1500166019324825e+01,4.0406499046544961e-06
-9.2039265851073760e-04,-9.1893895619466237e-01,-1.1510166019324924e+01,4.0004449100404750e-06
9.1088764395068095e-04,-9.1893894749148941e-01,-1.1520166019324906e+01,3.9606398525784837e-06
8.9928496657066290e-04,-9.1893893699006501e-01,-1.1530166019324925e+01,3.9212308687640877e-06
-8.9878492079378434e-04,-9.1893893654050640e-01,-1.1540166019324827e+01,3.8822139714576543e-06
8.9374717638004888e-04,-9.1893893202534715e-01,-1.1550166019324914e+01,3.8435853143744155e-06
8.7229074038013791e-04,-9.1893891307890729e-01,-1.1560166019324919e+01,3.8053410735947768e-06
-8.5848646677332604e-04,-9.1893890113284626e-01,-1.1570166019324919e+01,3.7674773422779078e-06
-8.4294765155993505e-04,-9.1893888791371114e-01,-1.1580166019324828e+01,3.7299903656835818e-06
-8.2875359309863997e-04,-9.1893887604959845e-01,-1.1590166019324917e+01,3.6928763852434047e-06
-8.1887300171839519e-04,-9.1893886790983592e-01,-1.1600166019324924e+01,3.6561316810264804e-06
-8.1348975244019894e-04,-9.1893886351612808e-01,-1.1610166019324916e+01,3.6197525788694909e-06
8.1142510015606427e-04,-9.1893886183868601e-01,-1.1620166019324918e+01,3.5837354449343654e-06
7.9843066279331007e-04,-9.1893885137910114e-01,-1.1630166019324824e+01,3.5480767185700142e-06
7.9614841478273788e-04,-9.1893884955948868e-01,-1.1640166019324917e+01,3.5127727717410933e-06
7.9483546205504540e-04,-9.1893884851504537e-01,-1.1650166019324921e+01,3.4778201022932460e-06
-7.8855523804077733e-04,-9.1893884354302113e-01,-1.1660166019324921e+01,3.4432152312046942e-06
-7.7806969726682625e-04,-9.1893883532956633e-01,-1.1670166019324830e+01,3.4089546952164156e-06
-7.7572620732791224e-04,-9.1893883350891381e-01,-1.1680166019324918e+01,3.3750350354019235e-06
-7.6511342341852202e-04,-9.1893882533261484e-01,-1.1690166019324923e+01,3.3414529030179919e-06
-7.4279025162610570e-04,-9.1893880850201837e-01,-1.1700166019324916e+01,3.3082049467927270e-06
7.4106031728966154e-04,-9.1893880721853638e-01,-1.1710166019324824e+01,3.2752877617843900e-06
7.1868607922448554e-04,-9.1893879088817976e-01,-1.1720166019324919e+01,3.2426981569894238e-06
7.0746909008080963e-04,-9.1893878288959618e-01,-1.1730166019324912e+01,3.2104327969050553e-06
7.0199882589175723e-04,-9.1893877903451526e-01,-1.1740166019324928e+01,3.1784884690920032e-06
6.9896657387766813e-04,-9.1893877691047521e-01,-1.1750166019324828e+01,3.1468619870825643e-06
-6.9771030500110774e-04,-9.1893877603317431e-01,-1.1760166019324918e+01,3.1155501898756600e-06
-6.9724270717686214e-04,-9.1893877570703586e-01,-1.1770166019324913e+01,3.0845499485295957e-06
-6.9307266690394665e-04,-9.1893877280820024e-01,-1.1780166019324925e+01,3.0538581725853243e-06
-6.8088459312098731e-04,-9.1893876443525402e-01,-1.1790166019324820e+01,3.0234718013773244e-06
-6.8057549080946414e-04,-9.1893876422483878e-01,-1.1800166019324919e+01,2.9933877549284737e-06
6.7545334479018893e-04,-9.1893876075194991e-01,-1.1810166019324919e+01,2.9636030594059974e-06
6.7108381222774974e-04,-9.1893875781008094e-01,-1.1820166019324926e+01,2.9341147248951944e-06
6.7038105841432357e-04,-9.1893875733872121e-01,-1.1830166019324830e+01,2.9049197969530151e-06
-6.6623372674153025e-04,-9.1893875456702878e-01,-1.1840166019324917e+01,2.8760153699991794e-06
6.5914773862700213e-04,-9.1893874987121016e-01,-1.1850166019324911e+01,2.8473985522986230e-06
6.5555277651031905e-04,-9.1893874750806082e-01,-1.1860166019324920e+01,2.8190664699827201e-06
6.5315217864349642e-04,-9.1893874593722369e-01,-1.1870166019324916e+01,2.7910162943184900e-06
6.3780435774977464e-04,-9.1893873603053888e-01,-1.1880166019324841e+01,2.7632452455560477e-06
6.3292468736745873e-04,-9.1893873293016937e-01,-1.1890166019324910e+01,2.7357505044525932e-06
-6.3067705235585680e-04,-9.1893873151011163e-01,-1.1900166019324924e+01,2.7085293359587208e-06
6.2281866577110797e-04,-9.1893872658488474e-01,-1.1910166019324915e+01,2.6815790319780843e-06
-6.0992409291444759e-04,-9.1893871863703902e-01,-1.1920166019324835e+01,2.6548968958960838e-06
6.0931040967053280e-04,-9.1893871826292717e-01,-1.1930166019324909e+01,2.6284802313862490e-06
-6.0499933208749655e-04,-9.1893871564543539e-01,-1.1940166019324927e+01,2.6023264229084534e-06
-6.0418560258274686e-04,-9.1893871515346071e-01,-1.1950166019324907e+01,2.5764328436291717e-06
6.0119519742614857e-04,-9.1893871335117217e-01,-1.1960166019324832e+01,2.5507969130984196e-06
6.0026635947772679e-04,-9.1893871279319062e-01,-1.1970166019324923e+01,2.5254160611498902e-06
-5.9495768326560481e-04,-9.1893870962066193e-01,-1.1980166019324914e+01,2.5002877594211852e-06
5.9400213198953556e-04,-9.1893870905260588e-01,-1.1990166019324908e+01,2.4754094819462091e-06
5.9102762497264183e-04,-9.1893870729016625e-01,-1.2000166019324832e+01,2.4507787503814944e-06
-5.8609467828246676e-04,-9.1893870438682546e-01,-1.2010166019324933e+01,2.4263931014155951e-06
-5.8593942348109584e-04,-9.1893870429584346e-01,-1.2020166019324913e+01,2.4022500868852458e-06
-5.8564389685337634e-04,-9.1893870412272638e-01,-1.2030166019324918e+01,2.3783472995563815e-06
-5.8311362592950962e-04,-9.1893870264408983e-01,-1.2040166019324822e+01,2.3546823520055265e-06
5.7839438313924524e-04,-9.1893869990337074e-01,-1.2050166019324918e+01,2.3312528775242550e-06
5.7589054392626581e-04,-9.1893869845829879e-01,-1.2060166019324924e+01,2.3080565271554533e-06
5.7367185200539982e-04,-9.1893869718303633e-01,-1.2070166019324917e+01,2.2850909839080464e-06
-5.6379124065056589e-04,-9.1893869156362096e-01,-1.2080166019324830e+01,2.2623539614331857e-06
5.5829900695824252e-04,-9.1893868848223004e-01,-1.2090166019324926e+01,2.2398431703003158e-06
-5.5191528658008913e-04,-9.1893868493858122e-01,-1.2100166019324918e+01,2.2175563662382946e-06
-5.4132735991278358e-04,-9.1893867915099481e-01,-1.2110166019324915e+01,2.1954913244302388e-06
-5.3860936578532673e-04,-9.1893867768336390e-01,-1.2120166019324907e+01,2.1736458239400216e-06
5.3548456049194899e-04,-9.1893867600519674e-01,-1.2130166019324840e+01,2.1520176902329822e-06
-5.3281742305511773e-04,-9.1893867458054257e-01,-1.2140166019324914e+01,2.1306047594756492e-06
-5.2710760156650296e-04,-9.1893867155455133e-01,-1.2150166019324926e+01,2.1094048942870690e-06
-5.1637091053150300e-04,-9.1893866595279805e-01,-1.2160166019324903e+01,2.0884159765974349e-06
5.1105734377278160e-04,-9.1893866322314377e-01,-1.2170166019324839e+01,2.0676358960734578e-06
-4.9476107856900008e-04,-9.1893865502760186e-01,-1.2180166019324918e+01,2.0470625919379634e-06
4.9396795152655665e-04,-9.1893865463550806e-01,-1.2190166019324915e+01,2.0266939796169863e-06
4.8361457404577060e-04,-9.1893864957486759e-01,-1.2200166019324913e+01,2.0065280477345571e-06
-4.8331945693982437e-04,-9.1893864943218817e-01,-1.2210166019324841e+01,1.9865627603562229e-06
4.8217244541529954e-04,-9.1893864887847299e-01,-1.2220166019324921e+01,1.9667961317118550e-06
4.8094764553540184e-04,-9.1893864828865834e-01,-1.2230166019324912e+01,1.9472261843683487e-06
-4.8011862925057219e-04,-9.1893864789028856e-01,-1.2240166019324922e+01,1.9278509608738904e-06
4.7935716902375113e-04,-9.1893864752498722e-01,-1.2250166019324828e+01,1.9086685240037873e-06
4.7700361160202839e-04,-9.1893864639956224e-01,-1.2260166019324920e+01,1.8896769569987352e-06
4.7027146538554832e-04,-9.1893864321096508e-01,-1.2270166019324909e+01,1.8708743630817177e-06
-4.6583329731627731e-04,-9.1893864113366996e-01,-1.2280166019324920e+01,1.8522588559823037e-06
-4.6040531201662683e-04,-9.1893863861986513e-01,-1.2290166019324831e+01,1.8338285770357534e-06
-4.5062654930027712e-04,-9.1893863416548294e-01,-1.2300166019324918e+01,1.8155816859058572e-06
4.4865785666381197e-04,-9.1893863328027559e-01,-1.2310166019324921e+01,1.7975163478802987e-06
4.4508925132770774e-04,-9.1893863168556034e-01,-1.2320166019324917e+01,1.7796307642183129e-06
-4.3839070216497648e-04,-9.1893862872654331e-01,-1.2330166019324830e+01,1.7619231474629584e-06
-4.3296237355604846e-04,-9.1893862636154788e-01,-1.2340166019324917e+01,1.7443917233498396e-06
-4.2902293184860960e-04,-9.1893862466367748e-01,-1.2350166019324922e+01,1.7270347386282055e-06
-4.2176495941412392e-04,-9.1893862157618000e-01,-1.2360166019324923e+01,1.7098504611370505e-06
-4.0717087701508967e-04,-9.1893861552740097e-01,-1.2370166019324918e+01,1.6928371750242829e-06
4.0136484986186743e-04,-9.1893861318021086e-01,-1.2380166019324825e+01,1.6759931676312306e-06
-3.9969153995879239e-04,-9.1893861251000297e-01,-1.2390166019324919e+01,1.6593167580899743e-06
-3.8763058619119923e-04,-9.1893860776207514e-01,-1.2400166019324923e+01,1.6428062882841085e-06
-3.8309180655867793e-04,-9.1893860601300559e-01,-1.2410166019324906e+01,1.6264600954425857e-06
-3.7899327874957669e-04,-9.1893860445129216e-01,-1.2420166019324832e+01,1.6102765496075005e-06
3.7726184687490667e-04,-9.1893860379658998e-01,-1.2430166019324915e+01,1.5942540312727170e-06
-3.6775879454174700e-04,-9.1893860025660490e-01,-1.2440166019324931e+01,1.5783909442029516e-06
-3.6699471177569024e-04,-9.1893859997589866e-01,-1.2450166019324913e+01,1.5626856923380067e-06
3.6605522857756628e-04,-9.1893859963155466e-01,-1.2460166019324825e+01,1.5471367104343309e-06
3.4795311180826650e-04,-9.1893859316902349e-01,-1.2470166019324926e+01,1.5317424528515209e-06
-3.4581266921842181e-04,-9.1893859242654052e-01,-1.2480166019324912e+01,1.5165013619181902e-06
3.4501350636270993e-04,-9.1893859215049922e-01,-1.2490166019324914e+01,1.5014119216619392e-06
3.4467245622031551e-04,-9.1893859203289052e-01,-1.2500166019324830e+01,1.4864726236053689e-06
3.4275664691830326e-04,-9.1893859137439893e-01,-1.2510166019324931e+01,1.4716819748421272e-06
3.4056389029114078e-04,-9.1893859062522110e-01,-1.2520166019324915e+01,1.4570384956157008e-06
-3.3765325856514134e-04,-9.1893858963820096e-01,-1.2530166019324918e+01,1.4425407217742747e-06
3.3741780300570589e-04,-9.1893858955872632e-01,-1.2540166019324827e+01,1.4281872018826591e-06
-3.3694547274778326e-04,-9.1893858939946527e-01,-1.2550166019324916e+01,1.4139765020116823e-06
-3.3190377279668898e-04,-9.1893858771339665e-01,-1.2560166019324921e+01,1.3999072031022281e-06
-3.2998902061183617e-04,-9.1893858707971632e-01,-1.2570166019324910e+01,1.3859778945739051e-06
-3.2968928501223374e-04,-9.1893858698085185e-01,-1.2580166019324832e+01,1.3721871842386853e-06
3.2768220484830405e-04,-9.1893858632115311e-01,-1.2590166019324927e+01,1.3585336945243439e-06
-3.2327345069581845e-04,-9.1893858488620139e-01,-1.2600166019324918e+01,1.3450160603365150e-06
-3.2235139705676276e-04,-9.1893858458855104e-01,-1.2610166019324918e+01,1.3316329273224885e-06
3.2220050045372276e-04,-9.1893858453992072e-01,-1.2620166019324911e+01,1.3183829583746697e-06
3.1937589300661548e-04,-9.1893858363381997e-01,-1.2630166019324916e+01,1.3052648299392742e-06
-3.1858018234320678e-04,-9.1893858338000578e-01,-1.2640166019324916e+01,1.2922772282080117e-06
3.1474550615140200e-04,-9.1893858216570634e-01,-1.2650166019324741e+01,1.2794188564989985e-06
3.1141257700019150e-04,-9.1893858112223603e-01,-1.2660166019324919e+01,1.2666884274939123e-06
-3.1118111571420742e-04,-9.1893858105018289e-01,-1.2670166019324922e+01,1.2540846671426987e-06
3.0635019729775923e-04,-9.1893857955856117e-01,-1.2680166019324925e+01,1.2416063180640117e-06
3.0583067008717926e-04,-9.1893857939953882e-01,-1.2690166019324916e+01,1.2292521289766819e-06
-3.0407350218655859e-04,-9.1893857886368679e-01,-1.2700166019324916e+01,1.2170208665813185e-06
-3.0306938464337059e-04,-9.1893857855886540e-01,-1.2710166019324921e+01,1.2049113069953789e-06
-2.9617787774026936e-04,-9.1893857649400712e-01,-1.2720166019324909e+01,1.1929222416364986e-06
2.8798340939146139e-04,-9.1893857410056146e-01,-1.2730166019324743e+01,1.1810524698348802e-06
2.8421068136605349e-04,-9.1893857302119519e-01,-1.2740166019324914e+01,1.1693008026709718e-06
2.8314738464737675e-04,-9.1893857271956014e-01,-1.2750166019324929e+01,1.1576660656363400e-06
2.8248735982822971e-04,-9.1893857253289368e-01,-1.2760166019324917e+01,1.1461470960342738e-06
2.8208167976518901e-04,-9.1893857241837651e-01,-1.2770166019324918e+01,1.1347427420107693e-06
2.7488929972571685e-04,-9.1893857041540306e-01,-1.2780166019324913e+01,1.1234518653260883e-06
-2.7271070058777801e-04,-9.1893856981890254e-01,-1.2790166019324912e+01,1.1122733331547583e-06
-2.7214172990741657e-04,-9.1893856966390008e-01,-1.2800166019324932e+01,1.1012060287441686e-06
-2.6914550018016913e-04,-9.1893856885298963e-01,-1.2810166019324729e+01,1.0902488465660610e-06
2.6735136626176672e-04,-9.1893856837171595e-01,-1.2820166019324930e+01,1.0794006898072216e-06
2.6723357404571355e-04,-9.1893856834023102e-01,-1.2830166019324908e+01,1.0686604735260478e-06
-2.6345875594620770e-04,-9.1893856733859747e-01,-1.2840166019324926e+01,1.0580271252085068e-06
2.5993246374725570e-04,-9.1893856641578231e-01,-1.2850166019324920e+01,1.0474995803814470e-06
-2.5913636074061965e-04,-9.1893856620916614e-01,-1.2860166019324923e+01,1.0370767856232491e-06
2.5853251567749486e-04,-9.1893856605287028e-01,-1.2870166019324920e+01,1.0267576993518999e-06
2.5616181454110815e-04,-9.1893856544277708e-01,-1.2880166019324902e+01,1.0165412901642301e-06
-2.5561414496051140e-04,-9.1893856530263507e-01,-1.2890166019324923e+01,1.0064265354672823e-06
-2.4886468892038451e-04,-9.1893856360015613e-01,-1.2900166019324743e+01,9.9641242581668521e-07
-2.4808123427024338e-04,-9.1893856340548885e-01,-1.2910166019324922e+01,9.8649795671727660e-07
2.4757384086301340e-04,-9.1893856327974277e-01,-1.2920166019324915e+01,9.7668213816465337e-07
2.4513316725490028e-04,-9.1893856267847429e-01,-1.2930166019324918e+01,9.6696398909710040e-07
-2.4432013394114709e-04,-9.1893856247950334e-01,-1.2940166019324920e+01,9.5734253683749732e-07
2.3930404248162192e-04,-9.1893856126655182e-01,-1.2950166019324909e+01,9.4781682058663721e-07
2.3781582732057186e-04,-9.1893856091152337e-01,-1.2960166019324920e+01,9.3838588597960867e-07
-2.3745726558644975e-04,-9.1893856082631598e-01,-1.2970166019324925e+01,9.2904879048583531e-07
-2.3441008677251561e-04,-9.1893856010738384e-01,-1.2980166019324731e+01,9.1980460122682254e-07
-2.3387574922312466e-04,-9.1893855998227247e-01,-1.2990166019324924e+01,9.1065239264009159e-07
-2.3224336262282796e-04,-9.1893855960182924e-01,-1.3000166019324919e+01,9.0159125027961489e-07
2.3051943293039763e-04,-9.1893855920294398e-01,-1.3010166019324913e+01,8.9262026780509462e-07
2.2900577933588796e-04,-9.1893855885516296e-01,-1.3020166019324918e+01,8.8373854804891422e-07
2.2417008818159079e-04,-9.1893855775945366e-01,-1.3030166019324922e+01,8.7494520353224220e-07
-2.2368475644259610e-04,-9.1893855765077459e-01,-1.3040166019324923e+01,8.6623935339086927e-07
-2.2312411431298730e-04,-9.1893855752552467e-01,-1.3050166019324914e+01,8.5762012791904092e-07
2.2295215806902117e-04,-9.1893855748717190e-01,-1.3060166019324743e+01,8.4908666509889699e-07
2.2139070648755291e-04,-9.1893855714026196e-01,-1.3070166019324910e+01,8.4063811191128412e-07
-2.1946522635196003e-04,-9.1893855671583224e-01,-1.3080166019324921e+01,8.3227362329421487e-07
2.1259045454742425e-04,-9.1893855523069012e-01,-1.3090166019324931e+01,8.2399236359999124e-07
2.0929466790593041e-04,-9.1893855453546847e-01,-1.3100166019324909e+01,8.1579350315993023e-07
-2.0928944935831015e-04,-9.1893855453437623e-01,-1.3110166019324923e+01,8.0767622217801144e-07
-2.0432702437684106e-04,-9.1893855350810594e-01,-1.3120166019324909e+01,7.9963971031115457e-07
-2.0284198809677895e-04,-9.1893855320577555e-01,-1.3130166019324918e+01,7.9168316249213471e-07
-2.0040508591773036e-04,-9.1893855271443869e-01,-1.3140166019324919e+01,7.8380578379246489e-07
1.9669990002014505e-04,-9.1893855197876484e-01,-1.3150166019324745e+01,7.7600678650638860e-07
-1.9631568956833344e-04,-9.1893855190326446e-01,-1.3160166019324924e+01,7.6828539002674450e-07
-1.9618726240386330e-04,-9.1893855187806039e-01,-1.3170166019324922e+01,7.6064082268706636e-07
1.9370399053379245e-04,-9.1893855139395741e-01,-1.3180166019324909e+01,7.5307232040873491e-07
-1.9297920201865595e-04,-9.1893855125382562e-01,-1.3190166019324922e+01,7.4557912572623820e-07
1.8691075434882254e-04,-9.1893855010115455e-01,-1.3200166019324922e+01,7.3816049032296839e-07
1.8390814758261333e-04,-9.1893854954444287e-01,-1.3210166019324912e+01,7.3081567113131970e-07
1.8275307823749782e-04,-9.1893854933268326e-01,-1.3220166019324923e+01,7.2354393385805947e-07
1.8051811116841015e-04,-9.1893854892673366e-01,-1.3230166019324736e+01,7.1634455171732400e-07
1.8047686054913510e-04,-9.1893854891928806e-01,-1.3240166019324921e+01,7.0921680434000929e-07
-1.7983393134176793e-04,-9.1893854880346093e-01,-1.3250166019324915e+01,7.0215997931027570e-07
1.7605552466415858e-04,-9.1893854813111331e-01,-1.3260166019324927e+01,6.9517337124884726e-07
1.7470974403215948e-04,-9.1893854789508678e-01,-1.3270166019324918e+01,6.8825628079422283e-07
-1.7470000443326177e-04,-9.1893854789338525e-01,-1.3280166019324904e+01,6.8140801637831045e-07
1.7417157968807883e-04,-9.1893854780120909e-01,-1.3290166019324918e+01,6.7462789339287107e-07
1.6983466322798750e-04,-9.1893854705524591e-01,-1.3300166019324930e+01,6.6791523419439553e-07
1.6888512176337756e-04,-9.1893854689443166e-01,-1.3310166019324738e+01,6.6126936667916729e-07
1.6884938628445708e-04,-9.1893854688839705e-01,-1.3320166019324915e+01,6.5468962654796162e-07
1.6498974163809397e-04,-9.1893854624414684e-01,-1.3330166019324921e+01,6.4817535633869741e-07
1.5913098204626424e-04,-9.1893854529467422e-01,-1.3340166019324910e+01,6.4172590439274375e-07
-1.5905386954135270e-04,-9.1893854528240615e-01,-1.3350166019324929e+01,6.3534062496435226e-07
-1.5847608176148772e-04,-9.1893854519067375e-01,-1.3360166019324907e+01,6.2901888017776470e-07
-1.5744887249114972e-04,-9.1893854502841321e-01,-1.3370166019324918e+01,6.2276003784612713e-07
1.5714816387486048e-04,-9.1893854498111216e-01,-1.3380166019324925e+01,6.1656347196434352e-07
1.5279128309653991e-04,-9.1893854430592758e-01,-1.3390166019324912e+01,6.1042856332626764e-07
1.5201833369295607e-04,-9.1893854418812637e-01,-1.3400166019324752e+01,6.0435469770820507e-07
1.5173962308688696e-04,-9.1893854414579612e-01,-1.3410166019324905e+01,5.9834126801677405e-07
1.4934299218260480e-04,-9.1893854378500417e-01,-1.3420166019324924e+01,5.9238767313899101e-07
1.3764174435925577e-04,-9.1893854210596437e-01,-1.3430166019324915e+01,5.8649331829106511e-07
-1.3721348007215796e-04,-9.1893854204710901e-01,-1.3440166019324923e+01,5.8065761230323703e-07
-1.3528776407011753e-04,-9.1893854178472900e-01,-1.3450166019324927e+01,5.7487997267684293e-07
1.3349878297907691e-04,-9.1893854154430199e-01,-1.3460166019324916e+01,5.6915982151128289e-07
1.2893290849400228e-04,-9.1893854094518690e-01,-1.3470166019324919e+01,5.6349658700154943e-07
1.2815614223746127e-04,-9.1893854084533788e-01,-1.3480166019324729e+01,5.5788970233491853e-07
-1.2732955498251814e-04,-9.1893854073974723e-01,-1.3490166019324928e+01,5.5233860710527069e-07
1.2184864690982565e-04,-9.1893854005688580e-01,-1.3500166019324915e+01,5.4684274651124521e-07
-1.2130763607534788e-04,-9.1893853999111075e-01,-1.3510166019324920e+01,5.4140157030600462e-07
1.2127917575259979e-04,-9.1893853998765873e-01,-1.3520166019324925e+01,5.3601453467484568e-07
1.2125775211698647e-04,-9.1893853998506070e-01,-1.3530166019324909e+01,5.3068110094335637e-07
1.2113067722998966e-04,-9.1893853996965991e-01,-1.3540166019324916e+01,5.2540073577088267e-07
1.2058866638805737e-04,-9.1893853990415275e-01,-1.3550166019324925e+01,5.2017291113572412e-07
-1.1842207563185123e-04,-9.1893853964523342e-01,-1.3560166019324743e+01,5.1499710432418007e-07
1.1732310586795964e-04,-9.1893853951569504e-01,-1.3570166019324901e+01,5.0987279758342537e-07
1.1462287295828689e-04,-9.1893853920254098e-01,-1.3580166019324936e+01,5.0479947863875562e-07
1.1453098785297754e-04,-9.1893853919201307e-01,-1.3590166019324911e+01,4.9977663990824106e-07
1.1424325260367106e-04,-9.1893853915909984e-01,-1.3600166019324927e+01,4.9480377926914923e-07
-1.1370501012765931e-04,-9.1893853909775414e-01,-1.3610166019324902e+01,4.8988039943394600e-07
-1.1350432597653319e-04,-9.1893853907495548e-01,-1.3620166019324929e+01,4.8500600802759855e-07
1.1179639975147929e-04,-9.1893853888255694e-01,-1.3630166019324919e+01,4.8018011770746209e-07
-1.1026791901049342e-04,-9.1893853871284648e-01,-1.3640166019324914e+01,4.7540224578661258e-07
1.0530962716735149e-04,-9.1893853817839821e-01,-1.3650166019324736e+01,4.7067191465664993e-07
-1.0430624576608871e-04,-9.1893853807323589e-01,-1.3660166019324926e+01,4.6598865090513473e-07
-1.0208371542837007e-04,-9.1893853784388191e-01,-1.3670166019324917e+01,4.6135198646344501e-07
1.0149818709377753e-04,-9.1893853778428047e-01,-1.3680166019324920e+01,4.5676145752520459e-07
-1.0117696302048783e-04,-9.1893853775172840e-01,-1.3690166019324918e+01,4.5221660510057783e-07
-1.0085607440117573e-04,-9.1893853771931333e-01,-1.3700166019324916e+01,4.4771697471295385e-07
9.9902985550230191e-05,-9.1893853762364275e-01,-1.3710166019324921e+01,4.4326211642364555e-07
9.6149244772353391e-05,-9.1893853725567809e-01,-1.3720166019324910e+01,4.3885158483402074e-07
-9.3267084666741838e-05,-9.1893853698271399e-01,-1.3730166019324745e+01,4.3448493872415248e-07
-9.1457956130000777e-05,-9.1893853681561832e-01,-1.3740166019324914e+01,4.3016174142216990e-07
-9.0683843639803076e-05,-9.1893853674511916e-01,-1.3750166019324926e+01,4.2588156061029141e-07
-9.0025796550605402e-05,-9.1893853668566150e-01,-1.3760166019324920e+01,4.2164396830412702e-07
-8.8014450428666128e-05,-9.1893853650661117e-01,-1.3770166019324913e+01,4.1744854079558826e-07
8.6640118286543223e-05,-9.1893853638659451e-01,-1.3780166019324914e+01,4.1329485846310633e-07
-8.6322554589786398e-05,-9.1893853635913114e-01,-1.3790166019324918e+01,4.0918250592202014e-07
-8.4000207158049905e-05,-9.1893853616135690e-01,-1.3800166019324918e+01,4.0511107204128463e-07
8.3390846073646012e-05,-9.1893853611035603e-01,-1.3810166019324740e+01,4.0108014954494791e-07
-8.2237633488627229e-05,-9.1893853601485365e-01,-1.3820166019324924e+01,3.9708933541491680e-07
-8.1921434977031299e-05,-9.1893853598890018e-01,-1.3830166019324921e+01,3.9313823052131116e-07
-8.1443011942969182e-05,-9.1893853594982156e-01,-1.3840166019324919e+01,3.8922643978327720e-07
8.1037334843858075e-05,-9.1893853591686425e-01,-1.3850166019324917e+01,3.8535357201091559e-07
7.9311288156518598e-05,-9.1893853577847973e-01,-1.3860166019324911e+01,3.8151923995685313e-07
7.6965081616814563e-05,-9.1893853559515137e-01,-1.3870166019324918e+01,3.7772306016063636e-07
-7.5903166221532085e-05,-9.1893853551398474e-01,-1.3880166019324918e+01,3.7396465294561872e-07
-7.5583249871429128e-05,-9.1893853548975335e-01,-1.3890166019324917e+01,3.7024364248584670e-07
-7.4564484425783016e-05,-9.1893853541327064e-01,-1.3900166019324743e+01,3.6655965671789837e-07
7.3913738571228056e-05,-9.1893853536495984e-01,-1.3910166019324919e+01,3.6291232721017586e-07
7.3110007609128208e-05,-9.1893853530587610e-01,-1.3920166019324922e+01,3.5930128924118581e-07
-7.2444916484853367e-05,-9.1893853525747238e-01,-1.3930166019324913e+01,3.5572618169631957e-07
7.2273334204986484e-05,-9.1893853524505686e-01,-1.3940166019324923e+01,3.5218664705303685e-07
7.2218688770736469e-05,-9.1893853524110902e-01,-1.3950166019324920e+01,3.4868233136491366e-07
-6.9233513528247980e-05,-9.1893853502997913e-01,-1.3960166019324918e+01,3.4521288427199079e-07
6.9152419844187470e-05,-9.1893853502436806e-01,-1.3970166019324919e+01,3.4177795868347203e-07
-6.8990191881918884e-05,-9.1893853501316280e-01,-1.3980166019324733e+01,3.3837721117755630e-07
-6.8829203244399583e-05,-9.1893853500206912e-01,-1.3990166019324926e+01,3.3501030167449897e-07
-6.8448157379286055e-05,-9.1893853497591460e-01,-1.4000166019324912e+01,3.3167689348577553e-07
6.6156538157136307e-05,-9.1893853482168320e-01,-1.4010166019324926e+01,3.2837665330467427e-07
-6.5953984146983793e-05,-9.1893853480830345e-01,-1.4020166019324920e+01,3.2510925101575255e-07
6.4112804979222723e-05,-9.1893853468856534e-01,-1.4030166019324911e+01,3.2187435995700561e-07
6.3376617688078879e-05,-9.1893853464163733e-01,-1.4040166019324918e+01,3.1867165657850620e-07
6.3118054199029489e-05,-9.1893853462528385e-01,-1.4050166019324914e+01,3.1550082062128262e-07
-6.2779395728430415e-05,-9.1893853460396568e-01,-1.4060166019324750e+01,3.1236153501053702e-07
-6.2751628205763921e-05,-9.1893853460222286e-01,-1.4070166019324919e+01,3.0925348580730391e-07
6.2349469941170080e-05,-9.1893853457706764e-01,-1.4080166019324917e+01,3.0617636221757438e-07
-6.1484150369473867e-05,-9.1893853452348984e-01,-1.4090166019324920e+01,3.0312985652767484e-07
6.1331487925310560e-05,-9.1893853451411522e-01,-1.4100166019324924e+01,3.0011366406244582e-07
-6.1179978883606258e-05,-9.1893853450483443e-01,-1.4110166019324916e+01,2.9712748321363811e-07
6.0640214781136875e-05,-9.1893853447195728e-01,-1.4120166019324907e+01,2.9417101536764525e-07
-5.9508632773746582e-05,-9.1893853440397810e-01,-1.4130166019324923e+01,2.9124396487835510e-07
-5.9437944770456713e-05,-9.1893853439977413e-01,-1.4140166019324921e+01,2.8834603900947649e-07
5.9418391459613347e-05,-9.1893853439861206e-01,-1.4150166019324743e+01,2.8547694798394622e-07
-5.8979959546400499e-05,-9.1893853437265727e-01,-1.4160166019324903e+01,2.8263640489801636e-07
5.8936034153070047e-05,-9.1893853437006756e-01,-1.4170166019324935e+01,2.7982412568145951e-07
-5.8738610930747173e-05,-9.1893853435845163e-01,-1.4180166019324920e+01,2.7703982911315726e-07
5.8581979166857337e-05,-9.1893853434926365e-01,-1.4190166019324900e+01,2.7428323675790462e-07
5.5864138077501221e-05,-9.1893853419374039e-01,-1.4200166019324929e+01,2.7155407299457255e-07
5.5654335481604722e-05,-9.1893853418204197e-01,-1.4210166019324907e+01,2.6885206482533715e-07
5.5517822638001132e-05,-9.1893853417445381e-01,-1.4220166019324921e+01,2.6617694208546127e-07
5.4986489033354798e-05,-9.1893853414509641e-01,-1.4230166019324749e+01,2.6352843726735496e-07
5.3726657075767928e-05,-9.1893853407661630e-01,-1.4240166019324919e+01,2.6090628552254537e-07
-5.3374254051579782e-05,-9.1893853405774495e-01,-1.4250166019324920e+01,2.5831022461058344e-07
5.2127154190146617e-05,-9.1893853399195957e-01,-1.4260166019324924e+01,2.5573999494824154e-07
-1.0184384869272942e-05,-9.1893853268520032e-01,-inf,0.0000000000000000e+00
-2.7984429992041141e-05,-9.1893853302490358e-01,-inf,0.0000000000000000e+00
4.8009194200050213e-05,-9.1893853378578083e-01,-inf,0.0000000000000000e+00
-1.4929654082845522e-05,-9.1893853274478676e-01,-inf,0.0000000000000000e+00
3.7000723175810134e-05,-9.1893853331786624e-01,-inf,0.0000000000000000e+00
-2.2254238656069815e-05,-9.1893853288096505e-01,-inf,0.0000000000000000e+00
5.1915469244683888e-05,-9.1893853398094749e-01,-inf,0.0000000000000000e+00
4.3991531278107065e-05,-9.1893853360096689e-01,-inf,0.0000000000000000e+00
1.1398164827964159e-06,-9.1893853263398906e-01,-inf,0.0000000000000000e+00
1.9398806446619058e-05,-9.1893853282149629e-01,-inf,0.0000000000000000e+00
2.1544288898087658e-05,-9.1893853286541771e-01,-inf,0.0000000000000000e+00
4.6194184471590176e-06,-9.1893853264400893e-01,-inf,0.0000000000000000e+00
-1.2632016191340480e-05,-9.1893853271312342e-01,-inf,0.0000000000000000e+00
3.0163803297290417e-05,-9.1893853308826701e-01,-inf,0.0000000000000000e+00
-4.4364119768484922e-06,-9.1893853264318037e-01,-inf,0.0000000000000000e+00
-4.1382237698714137e-06,-9.1893853264190195e-01,-inf,0.0000000000000000e+00
-1.8759450891832146e-07,-9.1893853263335701e-01,-inf,0.0000000000000000e+00
1.3525611724738454e-05,-9.1893853272481052e-01,-inf,0.0000000000000000e+00
4.2141463492906261e-05,-9.1893853352129096e-01,-inf,0.0000000000000000e+00
-9.4160451160689679e-06,-9.1893853267767045e-01,-inf,0.0000000000000000e+00
-3.1478287703238700e-05,-9.1893853312878071e-01,-inf,0.0000000000000000e+00
1.4039764440089107e-05,-9.1893853273189696e-01,-inf,0.0000000000000000e+00
-1.2852179158892235e-05,-9.1893853271592874e-01,-inf,0.0000000000000000e+00
-1.3818742315379523e-05,-9.1893853272881831e-01,-inf,0.0000000000000000e+00
-1.3786072694054701e-05,-9.1893853272836734e-01,-inf,0.0000000000000000e+00
-3.6933302204614760e-05,-9.1893853331537390e-01,-inf,0.0000000000000000e+00
1.4983064922354251e-05,-9.1893853274558557e-01,-inf,0.0000000000000000e+00
4.1548403541545316e-05,-9.1893853349647436e-01,-inf,0.0000000000000000e+00
5.0497324102167794e-05,-9.1893853390832936e-01,-inf,0.0000000000000000e+00
-9.8434925299116245e-06,-9.1893853268178660e-01,-inf,0.0000000000000000e+00
1.4895361918801744e-05,-9.1893853274427539e-01,-inf,0.0000000000000000e+00
-2.9299565502665113e-05,-9.1893853306257178e-01,-inf,0.0000000000000000e+00
1.6196277706870228e-05,-9.1893853276449922e-01,-inf,0.0000000000000000e+00
-1.9152109542056966e-05,-9.1893853281674109e-01,-inf,0.0000000000000000e+00
-4.3303975123643496e-05,-9.1893853357095656e-01,-inf,0.0000000000000000e+00
-4.9438325643825975e-05,-9.1893853385541346e-01,-inf,0.0000000000000000e+00
1.9891903756936438e-05,-9.1893853283118343e-01,-inf,0.0000000000000000e+00
2.6664947265850687e-05,-9.1893853298884920e-01,-inf,0.0000000000000000e+00
-2.7699333062943741e-05,-9.1893853301696604e-01,-inf,0.0000000000000000e+00
1.3010995975966101e-05,-9.1893853271798243e-01,-inf,0.0000000000000000e+00
-2.3284997156118028e-05,-9.1893853290443506e-01,-inf,0.0000000000000000e+00
-2.4591075332720146e-05,-9.1893853293569994e-01,-inf,0.0000000000000000e+00
1.3597298515112923e-05,-9.1893853272578274e-01,-inf,0.0000000000000000e+00
3.7472623077244398e-05,-9.1893853333543818e-01,-inf,0.0000000000000000e+00
4.8230085984777028e-05,-9.1893853379641011e-01,-inf,0.0000000000000000e+00
3.5540681166247690e-05,-9.1893853326490949e-01,-inf,0.0000000000000000e+00
3.4059924070609251e-05,-9.1893853321337871e-01,-inf,0.0000000000000000e+00
-1.0577557070440020e-05,-9.1893853268928183e-01,-inf,0.0000000000000000e+00
3.1302340173675035e-05,-9.1893853312325768e-01,-inf,0.0000000000000000e+00
4.6422038546416029e-06,-9.1893853264411451e-01,-inf,0.0000000000000000e+00
-2.8246193771539586e-05,-9.1893853303226325e-01,-inf,0.0000000000000000e+00
3.6847112747185552e-05,-9.1893853331219433e-01,-inf,0.0000000000000000e+00
-2.3405672274120572e-05,-9.1893853290725225e-01,-inf,0.0000000000000000e+00
2.8415902267156352e-05,-9.1893853303707118e-01,-inf,0.0000000000000000e+00
-4.1479971938991753e-05,-9.1893853349363352e-01,-inf,0.0000000000000000e+00
-9.2833057984581082e-07,-9.1893853263377034e-01,-inf,0.0000000000000000e+00
-3.9021170773261612e-05,-9.1893853339466536e-01,-inf,0.0000000000000000e+00
-2.0241072041815057e-06,-9.1893853263538794e-01,-inf,0.0000000000000000e+00
-2.3166063603902284e-05,-9.1893853290167271e-01,-inf,0.0000000000000000e+00
-1.4552573749287566e-05,-9.1893853273922821e-01,-inf,0.0000000000000000e+00
-8.3772131302379909e-06,-9.1893853266842829e-01,-inf,0.0000000000000000e+00
-2.7019546973632941e-06,-9.1893853263698977e-01,-inf,0.0000000000000000e+00
-1.9381845291644768e-05,-9.1893853282116744e-01,-inf,0.0000000000000000e+00
-1.6712480838657572e-05,-9.1893853277299298e-01,-inf,0.0000000000000000e+00
4.6318192117445582e-05,-9.1893853370602696e-01,-inf,0.0000000000000000e+00
-3.4390861799482445e-05,-9.1893853322470520e-01,-inf,0.0000000000000000e+00
1.4954287964730518e-05,-9.1893853274515480e-01,-inf,0.0000000000000000e+00
3.9863658063211461e-06,-9.1893853264128500e-01,-inf,0.0000000000000000e+00
4.1606491827332185e-05,-9.1893853349888954e-01,-inf,0.0000000000000000e+00
-1.8773667299639188e-05,-9.1893853280956472e-01,-inf,0.0000000000000000e+00
2.2130559135652678e-05,-9.1893853287822025e-01,-inf,0.0000000000000000e+00
1.9292225666478604e-05,-9.1893853281943449e-01,-inf,0.0000000000000000e+00
3.2735680702299585e-05,-9.1893853316915186e-01,-inf,0.0000000000000000e+00
-3.1723564439506955e-05,-9.1893853313653173e-01,-inf,0.0000000000000000e+00
1.3574417968380557e-05,-9.1893853272547188e-01,-inf,0.0000000000000000e+00
-7.5734974729460872e-07,-9.1893853263362624e-01,-inf,0.0000000000000000e+00
8.5479843992929811e-06,-9.1893853266987346e-01,-inf,0.0000000000000000e+00
-1.5919989859224347e-05,-9.1893853276006254e-01,-inf,0.0000000000000000e+00
2.6820772823143805e-05,-9.1893853299301642e-01,-inf,0.0000000000000000e+00
2.3833019529625645e-05,-9.1893853291734584e-01,-inf,0.0000000000000000e+00
-3.5588209212012981e-05,-9.1893853326659980e-01,-inf,0.0000000000000000e+00
1.2437800763914821e-06,-9.1893853263411296e-01,-inf,0.0000000000000000e+00
8.7642796142013127e-06,-9.1893853267174574e-01,-inf,0.0000000000000000e+00
-5.2673102181840831e-06,-9.1893853264721170e-01,-inf,0.0000000000000000e+00
2.4973621312548054e-05,-9.1893853294518035e-01,-inf,0.0000000000000000e+00
-5.5429459577924396e-06,-9.1893853264870162e-01,-inf,0.0000000000000000e+00
8.7936568852718531e-06,-9.1893853267200365e-01,-inf,0.0000000000000000e+00
-4.0880835001867104e-06,-9.1893853264169567e-01,-inf,0.0000000000000000e+00
-4.9958193881496488e-05,-9.1893853388125002e-01,-inf,0.0000000000000000e+00
1.6270295815970601e-05,-9.1893853276570070e-01,-inf,0.0000000000000000e+00
-1.8874796143137404e-05,-9.1893853281146842e-01,-inf,0.0000000000000000e+00
3.2523914363926032e-05,-9.1893853316224194e-01,-inf,0.0000000000000000e+00
-3.3033576969641525e-05,-9.1893853317894802e-01,-inf,0.0000000000000000e+00
2.4871635965357236e-05,-9.1893853294263861e-01,-inf,0.0000000000000000e+00
8.0051370920041328e-06,-9.1893853266538061e-01,-inf,0.0000000000000000e+00
-2.7603383192741088e-05,-9.1893853301431283e-01,-inf,0.0000000000000000e+00
-2.1480711462193349e-06,-9.1893853263564662e-01,-inf,0.0000000000000000e+00
-1.7167132371207579e-05,-9.1893853278069471e-01,-inf,0.0000000000000000e+00
-7.0139529384637703e-06,-9.1893853265793723e-01,-inf,0.0000000000000000e+00
-2.0370920024880278e-05,-9.1893853284082661e-01,-inf,0.0000000000000000e+00
