cmpt_0,logl,logv,weight
-2.6887950900444761e+00,-4.5337480507569810e+00,-4.6101660193249021e+00,1.0686822013190424e-04
-2.0668977958078836e+00,-3.0549717817910831e+00,-4.6201660193248868e+00,4.6422658224938129e-04
-1.9136675293872007e+00,-2.7500002391487959e+00,-4.6301660193248999e+00,6.2349721568621562e-04
1.8786041586833746e+00,-2.6835153251445742e+00,-4.6401660193248961e+00,6.5972904542675672e-04
1.8526595845077209e+00,-2.6351123006675001e+00,-4.6501660193249013e+00,6.8555740546709853e-04
1.8031497615510668e+00,-2.5446130639241740e+00,-4.6601660193248975e+00,7.4302632495444393e-04
1.7793769955678376e+00,-2.5020297788113517e+00,-4.6701660193249008e+00,7.6763530710706159e-04
1.7777332527714629e+00,-2.4991062916380424e+00,-4.6801660193248891e+00,7.6222230120188766e-04
-1.7615753910408287e+00,-2.4705124617936640e+00,-4.6901660193248995e+00,7.7652751518802348e-04
1.7501258798716581e+00,-2.4504088303316123e+00,-4.7001660193248913e+00,7.8441303211854543e-04
1.7346733462654969e+00,-2.4234843417553078e+00,-4.7101660193249000e+00,7.9780180096593279e-04
1.7280852039063441e+00,-2.4120777686133552e+00,-4.7201660193248962e+00,7.9892475712662096e-04
-1.7167562149542817e+00,-2.3925644834254154e+00,-4.7301660193248987e+00,8.0656142348257802e-04
-1.7111136353375336e+00,-2.3828934691523544e+00,-4.7401660193249038e+00,8.0629611992928251e-04
-1.6009928774529294e+00,-2.2005276294608445e+00,-4.7501660193248929e+00,9.5797042815337977e-04
1.5535515714229398e+00,-2.1256997751686821e+00,-4.7601660193248980e+00,1.0221308169182264e-03
1.4888521330488169e+00,-2.0272788696753454e+00,-4.7701660193248987e+00,1.1166246057667099e-03
1.4663599218827004e+00,-1.9940442428852589e+00,-4.7801660193248923e+00,1.1428727134174539e-03
-1.4485080524009817e+00,-1.9680263215685820e+00,-4.7901660193248956e+00,1.1613265601859277e-03
-1.4367357380459806e+00,-1.9510433231226039e+00,-4.8001660193248954e+00,1.1694644822308762e-03
1.4061936380467099e+00,-1.9076288064748601e+00,-4.8101660193248987e+00,1.2092017766295446e-03
1.3665665563854987e+00,-1.8526906091489996e+00,-4.8201660193249003e+00,1.2647805773682288e-03
1.3366772740331874e+00,-1.8122916000917360e+00,-4.8301660193249010e+00,1.3038190122247929e-03
1.3281515734906666e+00,-1.8009318337162061e+00,-4.8401660193248999e+00,1.3055931073815113e-03
-1.2841552905248137e+00,-1.7434659377247739e+00,-4.8501660193248908e+00,1.3690585610846985e-03
-1.2507744603002859e+00,-1.7011569079030753e+00,-4.8601660193248915e+00,1.4140138350393046e-03
1.2435028870547835e+00,-1.6920882476901302e+00,-4.8701660193248957e+00,1.4126975207583580e-03
1.2298175120149450e+00,-1.6751640890626542e+00,-4.8801660193249008e+00,1.4225132059484914e-03
1.2124823792757624e+00,-1.6539952926604462e+00,-4.8901660193249050e+00,1.4384900211418721e-03
1.2063451574926198e+00,-1.6465728521362863e+00,-4.9001660193248906e+00,1.4347870019832387e-03
-1.1887163639836498e+00,-1.6254618296345940e+00,-4.9101660193248922e+00,1.4508178472653112e-03
-1.1739007875689016e+00,-1.6079600621607830e+00,-4.9201660193249026e+00,1.4617424711631788e-03
1.1702896562031710e+00,-1.6037274723414074e+00,-4.9301660193248953e+00,1.4533362670683886e-03
-1.1643639263227636e+00,-1.5968102090942207e+00,-4.9401660193248880e+00,1.4488629125734892e-03
1.1521279209244131e+00,-1.5826379057201447e+00,-4.9501660193249064e+00,1.4549206367358524e-03
1.1256365637424239e+00,-1.5524673694502655e+00,-4.9601660193248920e+00,1.4845651338445444e-03
1.1208747668205870e+00,-1.5471186540808921e+00,-4.9701660193249033e+00,1.4776760328592321e-03
-1.1084868389107878e+00,-1.5333100686525549e+00,-4.9801660193248907e+00,1.4833146189684560e-03
-1.0946176027357242e+00,-1.5180323807427913e+00,-4.9901660193248940e+00,1.4911637851047579e-03
-1.0926692386625823e+00,-1.5159015651930732e+00,-5.0001660193249080e+00,1.4794755908274760e-03
-1.0810077914566463e+00,-1.5032274552283273e+00,-5.0101660193248980e+00,1.4834371657302585e-03
-1.0549464375530133e+00,-1.4753945256862364e+00,-5.0201660193248872e+00,1.5101284810134193e-03
-1.0504713671128494e+00,-1.4706835791953088e+00,-5.0301660193248994e+00,1.5021624157148324e-03
1.0088201229636855e+00,-1.4277975528815723e+00,-5.0401660193249072e+00,1.5523838337989236e-03
-9.9699089923438211e-01,-1.4159339592114304e+00,-5.0501660193248954e+00,1.5552795438606496e-03
-9.9359692132467436e-01,-1.4125559536662751e+00,-5.0601660193248881e+00,1.5450145163339497e-03
9.9034366158526155e-01,-1.4093288166543909e+00,-5.0701660193248976e+00,1.5345857010343018e-03
-9.8182998243902087e-01,-1.4009335898414434e+00,-5.0801660193248974e+00,1.5321250139984195e-03
-9.5495759718709083e-01,-1.3749105388460106e+00,-5.0901660193249070e+00,1.5568720633891992e-03
9.5400071312300139e-01,-1.3739972129529372e+00,-5.1001660193248899e+00,1.5427893537175762e-03
-9.3841066978652043e-01,-1.3592458252179325e+00,-5.1101660193248888e+00,1.5501371865083026e-03
9.3232430907611574e-01,-1.3535528412804678e+00,-5.1201660193249117e+00,1.5434750779498498e-03
-9.3181526133158554e-01,-1.3530783732585649e+00,-5.1301660193248875e+00,1.5288424591184283e-03
8.9946223577825635e-01,-1.3234546894289494e+00,-5.1401660193248944e+00,1.5591402853693422e-03
-8.9476632883484797e-01,-1.3192419242416351e+00,-5.1501660193248933e+00,1.5501432335685130e-03
-8.8904762729808451e-01,-1.3141413744355164e+00,-5.1601660193249019e+00,1.5425669589477829e-03
-8.8576440559188807e-01,-1.3112278237401149e+00,-5.1701660193248982e+00,1.5316742771965726e-03
8.8151616297413249e-01,-1.3074739054256581e+00,-5.1801660193248997e+00,1.5221371304508309e-03
8.6165072206633697e-01,-1.2901595160520594e+00,-5.1901660193249066e+00,1.5333114509494322e-03
-8.4802211593399868e-01,-1.2785092871899275e+00,-5.2001660193248975e+00,1.5358438547086292e-03
7.9680822668294649e-01,-1.2363902076881503e+00,-5.2101660193248884e+00,1.5859745112125358e-03
7.9646838933316999e-01,-1.2361194802368265e+00,-5.2201660193248891e+00,1.5706189532698367e-03
7.7530891503012800e-01,-1.2194904894959366e+00,-5.2301660193248987e+00,1.5810651574102237e-03
7.6707305106948465e-01,-1.2131390654718635e+00,-5.2401660193248967e+00,1.5753070319274066e-03
7.5487057340888508e-01,-1.2038533239326690e+00,-5.2501660193248982e+00,1.5741822572892033e-03
7.5152526586056656e-01,-1.2013336452467371e+00,-5.2601660193248856e+00,1.5624508004341308e-03
-7.4991650256113596e-01,-1.2001259130401025e+00,-5.2701660193249014e+00,1.5487735298045919e-03
7.3558293206246061e-01,-1.1894796576041426e+00,-5.2801660193248923e+00,1.5497747566065982e-03
-7.3322751791716145e-01,-1.1877498291488200e+00,-5.2901660193249151e+00,1.5370107067054278e-03
7.3234323221246322e-01,-1.1871018375170383e+00,-5.3001660193248936e+00,1.5227035742008356e-03
-7.1649773014567697e-01,-1.1756230312852931e+00,-5.3101660193248952e+00,1.5249570235322523e-03
-7.1187283352604125e-01,-1.1723199981895369e+00,-5.3201660193249030e+00,1.5147785572825073e-03
7.0777165924226315e-01,-1.1694088934466125e+00,-5.3301660193248930e+00,1.5040784216316682e-03
-6.8999398543614499e-01,-1.1569843826023669e+00,-5.3401660193248937e+00,1.5077295003269567e-03
6.6894266260819191e-01,-1.1426806755620080e+00,-5.3501660193248943e+00,1.5142323094481437e-03
-6.4212890822967739e-01,-1.1251033000254582e+00,-5.3601660193249012e+00,1.5257497973641041e-03
-6.3858630519073667e-01,-1.1228347672219179e+00,-5.3701660193248957e+00,1.5139989968543125e-03
6.3453944970939147e-01,-1.1202586892520880e+00,-5.3801660193248910e+00,1.5028008050313624e-03
-6.2058434618750757e-01,-1.1115009979998276e+00,-5.3901660193249050e+00,1.5009350216246241e-03
-6.1947374572046998e-01,-1.1108123934518142e+00,-5.4001660193248888e+00,1.4870240877027619e-03
-6.1192076769373172e-01,-1.1061620456007826e+00,-5.4101660193248966e+00,1.4790902666092819e-03
6.0188309994477884e-01,-1.1000701656329077e+00,-5.4201660193249124e+00,1.4733210849790671e-03
5.9236480622498844e-01,-1.0943865644603235e+00,-5.4301660193248917e+00,1.4669753487920442e-03
-5.8111617992229958e-01,-1.0877865399170827e+00,-5.4401660193249004e+00,1.4619961380042737e-03
-5.7928775325058579e-01,-1.0867256831663952e+00,-5.4501660193248966e+00,1.4489853842313966e-03
-5.7763119483548919e-01,-1.0857674312568770e+00,-5.4601660193248893e+00,1.4359430748922763e-03
-5.5716364316457523e-01,-1.0741541952655504e+00,-5.4701660193248998e+00,1.4382614594901056e-03
-5.3996743452240559e-01,-1.0647209478056936e+00,-5.4801660193248960e+00,1.4374465521017838e-03
5.3799485112107748e-01,-1.0636577625497345e+00,-5.4901660193248976e+00,1.4246575899713768e-03
5.3152224115743252e-01,-1.0601964790558494e+00,-5.5001660193248920e+00,1.4153725470855319e-03
-5.2991768071915835e-01,-1.0593449068027254e+00,-5.5101660193248962e+00,1.4024831623028939e-03
-5.1814891599429314e-01,-1.0531776822063699e+00,-5.5201660193248889e+00,1.3971180475422179e-03
5.0924211209800063e-01,-1.0486022970003557e+00,-5.5301660193248949e+00,1.3895597393024188e-03
5.0759469244608568e-01,-1.0477647185330576e+00,-5.5401660193249169e+00,1.3768861562433038e-03
-4.9884536069232316e-01,-1.0433618795754664e+00,-5.5501660193248945e+00,1.3692010301972605e-03
-4.9785291021530148e-01,-1.0428672927382621e+00,-5.5601660193249005e+00,1.3562478688071628e-03
4.9660972258920522e-01,-1.0422491409184031e+00,-5.5701660193248888e+00,1.3435832588252479e-03
-4.8952820130101693e-01,-1.0387574625678440e+00,-5.5801660193249027e+00,1.3348671810991340e-03
-4.7743492113329200e-01,-1.0329105845921158e+00,-5.5901660193248945e+00,1.3293348110658134e-03
4.7606586553450653e-01,-1.0322578867968990e+00,-5.6001660193248943e+00,1.3169670096938491e-03
-4.7212273342873512e-01,-1.0303884703434498e+00,-5.6101660193248959e+00,1.3063027116248099e-03
-4.6905312048336245e-01,-1.0289439475509292e+00,-5.6201660193248966e+00,1.2951743406908224e-03
-4.6697128778453056e-01,-1.0279696244409109e+00,-5.6301660193248981e+00,1.2835371115108272e-03
-4.5961575083697015e-01,-1.0245618518420554e+00,-5.6401660193248970e+00,1.2751035714425693e-03
4.5606790989295742e-01,-1.0229375018504048e+00,-5.6501660193248862e+00,1.2644683508196298e-03
-4.5004004335438419e-01,-1.0202065529445474e+00,-5.6601660193248939e+00,1.2553101916597249e-03
-4.4940795128811761e-01,-1.0199222859738311e+00,-5.6701660193248991e+00,1.2431729893518776e-03
4.4346598447441876e-01,-1.0172695723262721e+00,-5.6801660193248944e+00,1.2340725142506682e-03
-4.3607664034481053e-01,-1.0140199507605481e+00,-5.6901660193249093e+00,1.2257701114711541e-03
4.3281871543743627e-01,-1.0126045528497958e+00,-5.7001660193248957e+00,1.2152924006469197e-03
4.3163599446347145e-01,-1.0120933484915744e+00,-5.7101660193248964e+00,1.2038152775638330e-03
-4.2534222948630901e-01,-1.0093965387255315e+00,-5.7201660193248935e+00,1.1950556112740849e-03
-4.1469869770558054e-01,-1.0049260375726916e+00,-5.7301660193249049e+00,1.1884657886480523e-03
-4.1443301510054387e-01,-1.0048158946360033e+00,-5.7401660193248940e+00,1.1767699622293271e-03
-4.1414042771650028e-01,-1.0046946795679423e+00,-5.7501660193249133e+00,1.1652021369626090e-03
4.1348013413605184e-01,-1.0044214432959231e+00,-5.7601660193248856e+00,1.1539234326500510e-03
-4.1024081577918348e-01,-1.0030872960989243e+00,-5.7701660193248978e+00,1.1439669052459183e-03
4.0480067398640485e-01,-1.0008703254632634e+00,-5.7801660193248940e+00,1.1350979357258426e-03
4.0064161076731664e-01,-9.9919538277245445e-01,-5.7901660193249018e+00,1.1256874063086304e-03
3.7862624295972780e-01,-9.9061744856223888e-01,-5.8001660193249007e+00,1.1240877424413380e-03
-3.7122607071905150e-01,-9.8784293042409255e-01,-5.8101660193248863e+00,1.1159949392573016e-03
3.7094426820354265e-01,-9.8773835768987039e-01,-5.8201660193248959e+00,1.1050061515495307e-03
-3.6915418409299261e-01,-9.8707593845002095e-01,-5.8301660193249027e+00,1.0947360907508231e-03
3.6073566509777977e-01,-9.8400364267010820e-01,-5.8401660193248812e+00,1.0871782922382100e-03
-3.4939451635906854e-01,-9.7997679666423321e-01,-5.8501660193249023e+00,1.0807037648044241e-03
3.4914096199843198e-01,-9.7988823830593474e-01,-5.8601660193249074e+00,1.0700453399394886e-03
-3.4714842445741767e-01,-9.7919454693497321e-01,-5.8701660193248939e+00,1.0601333612627458e-03
-3.4623859175857996e-01,-9.7887911384482174e-01,-5.8801660193248937e+00,1.0499159840865917e-03
3.4005785036667158e-01,-9.7675820343134023e-01,-5.8901660193248944e+00,1.0416761059861505e-03
3.3993903466414710e-01,-9.7671780627753557e-01,-5.9001660193248942e+00,1.0313529184330062e-03
3.3861296336725744e-01,-9.7626790211351733e-01,-5.9101660193248859e+00,1.0215502817844419e-03
3.3260869794294767e-01,-9.7425280560699101e-01,-5.9201660193248999e+00,1.0134257812143832e-03
-3.1889644837961317e-01,-9.6978600502790513e-01,-5.9301660193249086e+00,1.0078337793665037e-03
3.1793873623977348e-01,-9.6948105263421158e-01,-5.9401660193248942e+00,9.9810999533548163e-04
3.1368177842714495e-01,-9.6813666169194768e-01,-5.9501660193249002e+00,9.8950802676236148e-04
3.1175547872578269e-01,-9.6753427189111041e-01,-5.9601660193248973e+00,9.8025257372408173e-04
-3.1014492220751522e-01,-9.6703346901889231e-01,-5.9701660193248847e+00,9.7098504800574722e-04
3.0456879121171038e-01,-9.6531960692342067e-01,-5.9801660193249111e+00,9.6297257407140552e-04
-2.9843591531498820e-01,-9.6347053040828690e-01,-5.9901660193249064e+00,9.5515536033730021e-04
-2.9631320214001766e-01,-9.6283928951457498e-01,-6.0001660193248911e+00,9.4624852798923785e-04
-2.9562601502850788e-01,-9.6263590301415725e-01,-6.0101660193249042e+00,9.3702375642457417e-04
2.9409842393024227e-01,-9.6218547411246569e-01,-6.0201660193248863e+00,9.2811817137871376e-04
-2.8899329445528205e-01,-9.6069709475339815e-01,-6.0301660193249038e+00,9.2025190641657610e-04
-2.8877598550615091e-01,-9.6063431753586381e-01,-6.0401660193248912e+00,9.1115244477495084e-04
2.8770120532070220e-01,-9.6032452440483185e-01,-6.0501660193248936e+00,9.0236582990901198e-04
2.8661514669786736e-01,-9.6001265379165945e-01,-6.0601660193249005e+00,8.9366580452885454e-04
-2.8339240653371500e-01,-9.5909416067382469e-01,-6.0701660193248959e+00,8.8558671306306449e-04
2.8062296534233533e-01,-9.5831315697210218e-01,-6.0801660193248939e+00,8.7746001001342015e-04
2.7846500146139719e-01,-9.5770991115278747e-01,-6.0901660193248954e+00,8.6925335235481520e-04
2.7666959648171313e-01,-9.5721156544201647e-01,-6.1001660193248943e+00,8.6103312224773524e-04
2.7653716948608964e-01,-9.5717493568702861e-01,-6.1101660193249021e+00,8.5249692571550079e-04
2.7177924622409344e-01,-9.5587051197240769e-01,-6.1201660193248895e+00,8.4511611039334500e-04
2.7086611512350495e-01,-9.5562275879438940e-01,-6.1301660193249070e+00,8.3691438710932931e-04
-2.6968776640415959e-01,-9.5530427830737175e-01,-6.1401660193248890e+00,8.2885088062138236e-04
-2.6921091188713647e-01,-9.5517579017289123e-01,-6.1501660193248942e+00,8.2070912117164171e-04
2.6257302248819109e-01,-9.5341082870263150e-01,-6.1601660193248957e+00,8.1397830225163358e-04
-2.5413780535719860e-01,-9.5123154468922611e-01,-6.1701660193249035e+00,8.0763723728470940e-04
2.5336295970226314e-01,-9.5103492730788475e-01,-6.1801660193248864e+00,7.9975834343689646e-04
-2.5295556669055574e-01,-9.5093179199320954e-01,-6.1901660193249004e+00,7.9188228177607615e-04
-2.5277720947818427e-01,-9.5088669144912841e-01,-6.2001660193248940e+00,7.8403828117700413e-04
2.5194358985392307e-01,-9.5067631886758042e-01,-6.2101660193249044e+00,7.7640028608554469e-04
2.4632789963413013e-01,-9.4927724970242056e-01,-6.2201660193248891e+00,7.6975115626724822e-04
2.4583239933645232e-01,-9.4915531691509791e-01,-6.2301660193249182e+00,7.6218493395834811e-04
-2.4555040903013281e-01,-9.4908603432077221e-01,-6.2401660193248949e+00,7.5465334968232757e-04
-2.3879878504553115e-01,-9.4745096250295036e-01,-6.2501660193249009e+00,7.4836705745663006e-04
-2.3172680374012258e-01,-9.4578718841914611e-01,-6.2601660193249007e+00,7.4215443150179726e-04
2.2821401260696000e-01,-9.4497935040842429e-01,-6.2701660193248960e+00,7.3536368637672786e-04
-2.2356810549685080e-01,-9.4392988153106494e-01,-6.2801660193248861e+00,7.2881115886071180e-04
2.2324834754333533e-01,-9.4385844497375437e-01,-6.2901660193248929e+00,7.2161091422279894e-04
-2.2289436420187692e-01,-9.4377948142981893e-01,-6.3001660193249061e+00,7.1448718187039361e-04
-2.2175433282639420e-01,-9.4352602469697910e-01,-6.3101660193248987e+00,7.0755722804508763e-04
-2.1755437182500947e-01,-9.4260348498342672e-01,-6.3201660193248861e+00,7.0116346885858128e-04
2.1563801818453160e-01,-9.4218841007661569e-01,-6.3301660193249081e+00,6.9447497509369203e-04
2.1117663324699648e-01,-9.4123631784810768e-01,-6.3401660193248830e+00,6.8821977049985945e-04
-2.1059929458972018e-01,-9.4111456407418337e-01,-6.3501660193249094e+00,6.8145483401332657e-04
-2.0909798249450295e-01,-9.4079951577497523e-01,-6.3601660193248941e+00,6.7488683358197491e-04
-2.0879155278129113e-01,-9.4073548888975078e-01,-6.3701660193248877e+00,6.6821437970311138e-04
-2.0822796388819118e-01,-9.4061797510585043e-01,-6.3801660193248928e+00,6.6164328317136413e-04
2.0716558596651641e-01,-9.4039732263776454e-01,-6.3901660193248988e+00,6.5520437901942809e-04
2.0460072981193711e-01,-9.3986926195312814e-01,-6.4001660193248995e+00,6.4902762201621148e-04
1.9565991742567210e-01,-9.3807993427684988e-01,-6.4101660193248904e+00,6.4372048627415069e-04
1.9519691472099018e-01,-9.3798945039163617e-01,-6.4201660193248964e+00,6.3737302979560500e-04
-1.9346256981606813e-01,-9.3765241559325796e-01,-6.4301660193248935e+00,6.3124377745636890e-04
-1.8686147087674310e-01,-9.3639713728244944e-01,-6.4401660193249013e+00,6.2574779176032978e-04
-1.8207046330813020e-01,-9.3551335943795810e-01,-6.4501660193249020e+00,6.2006925858867218e-04
-1.7960713958941613e-01,-9.3506789492908549e-01,-6.4601660193249000e+00,6.1417299772270303e-04
1.7957911251868283e-01,-9.3506286145983830e-01,-6.4701660193248838e+00,6.0806493495704783e-04
-1.7549521743156160e-01,-9.3433781830401497e-01,-6.4801660193249280e+00,6.0245123259350516e-04
-1.7285484194673484e-01,-9.3387793082555481e-01,-6.4901660193248931e+00,5.9673110874252408e-04
-1.7112638056650653e-01,-9.3358065169623583e-01,-6.5001660193248920e+00,5.9096919169942792e-04
1.7047799909865138e-01,-9.3346990672167940e-01,-6.5101660193248971e+00,5.8515374924180525e-04
-1.7046940937304444e-01,-9.3346844239933680e-01,-6.5201660193249014e+00,5.7933222048304231e-04
-1.7043363115090127e-01,-9.3346234394698024e-01,-6.5301660193248852e+00,5.7357126646115733e-04
1.6674320388543820e-01,-9.3284018065432983e-01,-6.5401660193249009e+00,5.6821755115367119e-04
-1.6537975850078962e-01,-9.3261376489422920e-01,-6.5501660193249043e+00,5.6269107975973943e-04
-1.6518414917824858e-01,-9.3258143420321038e-01,-6.5601660193248890e+00,5.5711022143554772e-04
1.6495069675394924e-01,-9.3254289881314611e-01,-6.5701660193248967e+00,5.5158813736670763e-04
1.6132979735883643e-01,-9.3195218439126104e-01,-6.5801660193249019e+00,5.4642242799005872e-04
1.6096885308481956e-01,-9.3189401846506059e-01,-6.5901660193248821e+00,5.4101690182238322e-04
1.6070011381169147e-01,-9.3185079592288478e-01,-6.6001660193249112e+00,5.3565684565498118e-04
-1.5868189044039768e-01,-9.3152850381020869e-01,-6.6101660193249039e+00,5.3049791873328574e-04
-1.5715352768095964e-01,-9.3128714826462455e-01,-6.6201660193248770e+00,5.2534615615418994e-04
1.5459229924492823e-01,-9.3088792212625615e-01,-6.6301660193249310e+00,5.2032656106515776e-04
-1.5395168997656991e-01,-9.3078909405666044e-01,-6.6401660193248597e+00,5.1520013899717168e-04
1.4988046656426446e-01,-9.3017060976210031e-01,-6.6501660193249164e+00,5.1038938218098682e-04
1.4747061046693932e-01,-9.2981232310908535e-01,-6.6601660193248859e+00,5.0549200157205159e-04
1.4496378471598281e-01,-9.2944578207293038e-01,-6.6701660193249168e+00,5.0064574570095148e-04
1.4288782344030498e-01,-9.2914699767709330e-01,-6.6801660193248669e+00,4.9581235616486040e-04
1.4163932564223206e-01,-9.2896938191753264e-01,-6.6901660193249173e+00,4.9096613637112491e-04
-1.4024429115075424e-01,-9.2877276323352820e-01,-6.7001660193248824e+00,4.8617652368209010e-04
-1.3876575480021730e-01,-9.2856649998597651e-01,-6.7101660193249124e+00,4.8143827922657859e-04
1.3741326292426845e-01,-9.2837973504708649e-01,-6.7201660193248767e+00,4.7673691773603746e-04
-1.3605251600239052e-01,-9.2819367618862980e-01,-6.7301660193249155e+00,4.7208113285259227e-04
-1.3333402980365516e-01,-9.2782751438518052e-01,-6.7401660193248771e+00,4.6755501654514647e-04
1.2959125741044886e-01,-9.2733547963195007e-01,-6.7501660193249133e+00,4.6313058669068390e-04
-1.2856375216108315e-01,-9.2720285181820772e-01,-6.7601660193248811e+00,4.5858317720840136e-04
-1.2808906586343377e-01,-9.2714193703022296e-01,-6.7701660193249182e+00,4.5404785574181303e-04
1.2715707116251435e-01,-9.2702299300665381e-01,-6.7801660193248727e+00,4.4958347617879993e-04
1.2427144832488154e-01,-9.2666022906772127e-01,-6.7901660193249160e+00,4.4527154501193008e-04
-1.2422266153319139e-01,-9.2665416745253437e-01,-6.8001660193248785e+00,4.4084369132902848e-04
-1.2263684188449708e-01,-9.2645843012704099e-01,-6.8101660193249165e+00,4.3654266264080095e-04
1.2129234150809974e-01,-9.2629444868759825e-01,-6.8201660193248683e+00,4.3226986899577859e-04
-1.1746142369434009e-01,-9.2583712566149012e-01,-6.8301660193249196e+00,4.2816447664088667e-04
-1.1628513937662530e-01,-9.2569964945326000e-01,-6.8401660193248786e+00,4.2396244965943854e-04
-1.1349110376090199e-01,-9.2537864794977343e-01,-6.8501660193249103e+00,4.1987871286906754e-04
1.0857637298441546e-01,-9.2483294701856489e-01,-6.8601660193249190e+00,4.1592776011864562e-04
1.0810960881656115e-01,-9.2478237639257443e-01,-6.8701660193248753e+00,4.1181003472182196e-04
1.0460413178609826e-01,-9.2440954482670112e-01,-6.8801660193249150e+00,4.0786449282633917e-04
1.0281915858074644e-01,-9.2422442231896584e-01,-6.8901660193248739e+00,4.0388093384608023e-04
-1.0255171670935932e-01,-9.2419695993335782e-01,-6.9001660193249190e+00,3.9987323273087675e-04
-1.0158940552572115e-01,-9.2409873629087413e-01,-6.9101660193248833e+00,3.9593331568851180e-04
1.0144380536658797e-01,-9.2408395545696653e-01,-6.9201660193249088e+00,3.9199950740994856e-04
9.8921736370649660e-02,-9.2383128759663158e-01,-6.9301660193248731e+00,3.8819711968619657e-04
-9.8680405505600310e-02,-9.2380744384871427e-01,-6.9401660193249235e+00,3.8434365789124435e-04
9.8677637864431816e-02,-9.2380717074059149e-01,-6.9501660193248753e+00,3.8051947852073818e-04
-9.6235914655616428e-02,-9.2356920826814104e-01,-6.9601660193249106e+00,3.7682290548986323e-04
9.4727262309951307e-02,-9.2342515974570860e-01,-6.9701660193248811e+00,3.7312719948388894e-04
-9.3929993441852822e-02,-9.2334995446733270e-01,-6.9801660193249200e+00,3.6944230478295180e-04
9.2866499896687937e-02,-9.2325062603487029e-01,-6.9901660193248638e+00,3.6580262522717605e-04
-9.0723657369495281e-02,-9.2305392363658822e-01,-7.0001660193249240e+00,3.6223407359487809e-04
-8.9271406371715198e-02,-9.2292322463113141e-01,-7.0101660193248723e+00,3.5867665996028363e-04
8.7090275999344449e-02,-9.2273089072016046e-01,-7.0201660193249227e+00,3.5517607339767305e-04
8.5025811579528418e-02,-9.2255322695071817e-01,-7.0301660193248745e+00,3.5170449201450183e-04
8.4807341173430389e-02,-9.2253467519179277e-01,-7.0401660193249143e+00,3.4821143372243163e-04
-8.3114615750685017e-02,-9.2239255230903150e-01,-7.0501660193248732e+00,3.4479567193924254e-04
8.3024692757124763e-02,-9.2238508243704698e-01,-7.0601660193249218e+00,3.4136744764247292e-04
8.2872692306686077e-02,-9.2237247419841883e-01,-7.0701660193248737e+00,3.3797504602899172e-04
8.2790102572535842e-02,-9.2236563317532494e-01,-7.0801660193249205e+00,3.3461442722954932e-04
-8.1675956674743616e-02,-9.2227401358270678e-01,-7.0901660193248635e+00,3.3131531163207452e-04
8.1543304347810625e-02,-9.2226318787531936e-01,-7.1001660193249299e+00,3.2802222025321906e-04
-8.1423687175856380e-02,-9.2225344104999529e-01,-7.1101660193249048e+00,3.2476151000602435e-04
8.0234329476794722e-02,-9.2215730644663485e-01,-7.1201660193248903e+00,3.2156099064202591e-04
7.9866282198383112e-02,-9.2212784414943538e-01,-7.1301660193249061e+00,3.1837078512186547e-04
7.8281018804387162e-02,-9.2200249158586589e-01,-7.1401660193248810e+00,3.1524245685397504e-04
-7.7933163493423052e-02,-9.2197532161938578e-01,-7.1501660193249181e+00,3.1211422201669415e-04
7.7396910901575050e-02,-9.2193367354189260e-01,-7.1601660193248691e+00,3.0902150350191403e-04
-7.6686832599766760e-02,-9.2187896778043177e-01,-7.1701660193249195e+00,3.0596342567133002e-04
7.5531959794902015e-02,-9.2179107110856884e-01,-7.1801660193248802e+00,3.0294566546476944e-04
-7.4952330129504682e-02,-9.2174745852926054e-01,-7.1901660193249199e+00,2.9994438679151978e-04
7.4309352040453497e-02,-9.2169947253367546e-01,-7.2001660193248691e+00,2.9697414053484286e-04
-7.3836567629321892e-02,-9.2166445199297919e-01,-7.2101660193249142e+00,2.9402949535591548e-04
7.3508912464595358e-02,-9.2164031273920322e-01,-7.2201660193248784e+00,2.9111088010908329e-04
7.3495265434639689e-02,-9.2163930965399354e-01,-7.2301660193249093e+00,2.8821456755818818e-04
7.3242263283329848e-02,-9.2162074719877174e-01,-7.2401660193248807e+00,2.8535208148115462e-04
-7.1837178706078531e-02,-9.2151882275556396e-01,-7.2501660193249204e+00,2.8254157725577511e-04
-7.1192506909540126e-02,-9.2147271915337192e-01,-7.2601660193248732e+00,2.7974313845839421e-04
-7.1009432421418939e-02,-9.2145970237974550e-01,-7.2701660193249209e+00,2.7696325286769230e-04
7.0967089989237564e-02,-9.2145669656410978e-01,-7.2801660193248701e+00,2.7420824667449774e-04
7.0832581841595382e-02,-9.2144715995851267e-01,-7.2901660193249196e+00,2.7148241804112627e-04
-7.0572931160384156e-02,-9.2142880193962362e-01,-7.3001660193248741e+00,2.6878605718167386e-04
-7.0390837753582500e-02,-9.2141596765316502e-01,-7.3101660193249165e+00,2.6611500660110793e-04
-7.0064862734557518e-02,-9.2139307512834567e-01,-7.3201660193248701e+00,2.6347314954017475e-04
6.7658671600304365e-02,-9.2122738055469844e-01,-7.3301660193249187e+00,2.6089477316661847e-04
-6.7013151214623451e-02,-9.2118391385119647e-01,-7.3401660193248670e+00,2.5831005444218290e-04
-6.6915013883868169e-02,-9.2117734217487857e-01,-7.3501660193249228e+00,2.5574150710109108e-04
6.5119937087513402e-02,-9.2105883573648029e-01,-7.3601660193249163e+00,2.5322684382150638e-04
6.4660532693064945e-02,-9.2102902487741489e-01,-7.3701660193248806e+00,2.5071466853456470e-04
-6.4168318511046402e-02,-9.2099731918360705e-01,-7.3801660193249123e+00,2.4822788601369970e-04
-6.3545508993864422e-02,-9.2095754848998412e-01,-7.3901660193248775e+00,2.4576775143936042e-04
6.2163607179592455e-02,-9.2087068966212882e-01,-7.4001660193249128e+00,2.4334345706296365e-04
-6.1864300118852904e-02,-9.2085212844793718e-01,-7.4101660193248815e+00,2.4092662105825878e-04
6.1771501695875843e-02,-9.2084639184422123e-01,-7.4201660193249213e+00,2.3853072947681260e-04
6.1431209241570028e-02,-9.2082542936778022e-01,-7.4301660193248713e+00,2.3616225955651259e-04
-6.1371072325002496e-02,-9.2082173689249980e-01,-7.4401660193249155e+00,2.3381326915986544e-04
6.0791360960945645e-02,-9.2078632741708144e-01,-7.4501660193248709e+00,2.3149498523094775e-04
6.0124015825724408e-02,-9.2074598127284546e-01,-7.4601660193249204e+00,2.2920081882440437e-04
-5.9624899930772995e-02,-9.2071609697921686e-01,-7.4701660193248687e+00,2.2692701402447579e-04
-5.8660371027694932e-02,-9.2065905219789290e-01,-7.4801660193249200e+00,2.2468186907064188e-04
5.5066248535386733e-02,-9.2045467849721996e-01,-7.4901660193248718e+00,2.2249171392852872e-04
-5.4023224349318284e-02,-9.2039778701788788e-01,-7.5001660193249187e+00,2.2029041667669051e-04
5.2743428744395082e-02,-9.2032946727119702e-01,-7.5101660193248811e+00,2.1811339134992762e-04
5.0671028320496352e-02,-9.2022230918886772e-01,-7.5201660193249156e+00,2.1596626813568634e-04
5.0505052524806276e-02,-9.2021391279860620e-01,-7.5301660193248807e+00,2.1381916316477419e-04
4.8391395166924853e-02,-9.2010939619644017e-01,-7.5401660193249151e+00,2.1171375338948926e-04
-4.8281479093792087e-02,-9.2010408324508164e-01,-7.5501660193248670e+00,2.0960827998132392e-04
4.7916484220650910e-02,-9.2008652736337337e-01,-7.5601660193249183e+00,2.0752628602289643e-04
-4.7407500469530114e-02,-9.2006226818372372e-01,-7.5701660193248737e+00,2.0546634936018243e-04
-4.6703502411822875e-02,-9.2002914120210499e-01,-7.5801660193249241e+00,2.0342866389107625e-04
4.5459143391557343e-02,-9.1997179949228658e-01,-7.5901660193248759e+00,2.0141606407555543e-04
-4.5410292197832623e-02,-9.1996957995208573e-01,-7.6001660193249183e+00,1.9941238335571696e-04
-4.5271423396854471e-02,-9.1996328352152812e-01,-7.6101660193249154e+00,1.9742944008569962e-04
-4.5159317539751623e-02,-9.1995821461366756e-01,-7.6201660193248788e+00,1.9546597513055226e-04
4.4461687959902838e-02,-9.1992695348146136e-01,-7.6301660193249159e+00,1.9352710596349799e-04
4.3242439897329184e-02,-9.1987348693747650e-01,-7.6401660193248722e+00,1.9161172362790383e-04
-4.3046655129222552e-02,-9.1986503989224655e-01,-7.6501660193249155e+00,1.8970675757698345e-04
-4.2106003434041361e-02,-9.1982499039593324e-01,-7.6601660193248744e+00,1.8782666601293045e-04
4.1717296690183647e-02,-9.1980869905490792e-01,-7.6701660193249159e+00,1.8596078898570740e-04
4.1579024679746807e-02,-9.1980294027999898e-01,-7.6801660193248740e+00,1.8411150847285428e-04
-4.1289937263813414e-02,-9.1979096209296429e-01,-7.6901660193249164e+00,1.8228175174668897e-04
4.0089881904004143e-02,-9.1974213194887799e-01,-7.7001660193248771e+00,1.8047683050680211e-04
3.9698853677716639e-02,-9.1972653212500188e-01,-7.7101660193249213e+00,1.7868384345357389e-04
3.8387576151660149e-02,-9.1967533563473924e-01,-7.7201660193248687e+00,1.7691496669840242e-04
-3.8337573441421982e-02,-9.1967341740202768e-01,-7.7301660193249209e+00,1.7515496935515331e-04
3.8297267083473460e-02,-9.1967187296637087e-01,-7.7401660193248754e+00,1.7341241611452984e-04
-3.8098237364716445e-02,-9.1966427047848864e-01,-7.7501660193249249e+00,1.7168823899701817e-04
3.7747899942272192e-02,-9.1965098460836536e-01,-7.7601660193248740e+00,1.6998217082173677e-04
-3.7595143157290734e-02,-9.1964523002784804e-01,-7.7701660193249085e+00,1.6829178840823778e-04
-3.6697320643387515e-02,-9.1961187930454125e-01,-7.7801660193248710e+00,1.6662281403363581e-04
3.6659239122144846e-02,-9.1961048253984679e-01,-7.7901660193249276e+00,1.6496511975010460e-04
3.6426850595258187e-02,-9.1960199035548407e-01,-7.8001660193248776e+00,1.6332507636378097e-04
-3.6117847626664201e-02,-9.1959078209193090e-01,-7.8101660193249041e+00,1.6170177708700492e-04
3.6088532758544338e-02,-9.1958972373167169e-01,-7.8201660193248710e+00,1.6009298695790502e-04
-3.5406992461334184e-02,-9.1956536019091795e-01,-7.8301660193249258e+00,1.5850389679118000e-04
-3.4728519189401050e-02,-9.1954156765588380e-01,-7.8401660193248759e+00,1.5693049039648387e-04
-3.4553836602825877e-02,-9.1953551644532683e-01,-7.8501660193249148e+00,1.5536994610062166e-04
-3.4528468038382928e-02,-9.1953464018587827e-01,-7.8601660193249234e+00,1.5382412409631951e-04
-3.4156433374065293e-02,-9.1952186360375798e-01,-7.8701660193248681e+00,1.5229549429163981e-04
3.3957796108765551e-02,-9.1951509859162173e-01,-7.8801660193249283e+00,1.5078114883702780e-04
-3.3510928190956968e-02,-9.1950002378744922e-01,-7.8901660193248713e+00,1.4928310173517928e-04
-3.2519539855414947e-02,-9.1946729286954343e-01,-7.9001660193249208e+00,1.4780254768835131e-04
-3.2313123750229378e-02,-9.1946060161658827e-01,-7.9101660193248717e+00,1.4633286691351520e-04
3.2090713619298342e-02,-9.1945343958363734e-01,-7.9201660193249150e+00,1.4487786817610844e-04
3.1977715665488404e-02,-9.1944981978293083e-01,-7.9301660193248669e+00,1.4343682851349039e-04
-3.1821526890139396e-02,-9.1944483742014937e-01,-7.9401660193249226e+00,1.4201031576843061e-04
-3.0665657862741291e-02,-9.1940872391941686e-01,-7.9501660193248807e+00,1.4060236706920880e-04
-3.0150688087014155e-02,-9.1939306462939963e-01,-7.9601660193249080e+00,1.3920552998430462e-04
-3.0127031305724833e-02,-9.1939235164098754e-01,-7.9701660193248740e+00,1.3782051008232182e-04
3.0064674520129051e-02,-9.1939047496034010e-01,-7.9801660193249182e+00,1.3644942916598500e-04
2.9492822532038318e-02,-9.1937344592379266e-01,-7.9901660193248674e+00,1.3509403516263367e-04
2.9391240179351522e-02,-9.1937045513297966e-01,-8.0001660193249204e+00,1.3375022707161485e-04
-2.9382486124102797e-02,-9.1937019787875607e-01,-8.0101660193248758e+00,1.3241942414162337e-04
-2.8916261226862569e-02,-9.1935660771500960e-01,-8.0201660193249342e+00,1.3110361056399558e-04
2.8697383171836510e-02,-9.1935030253379502e-01,-8.0301660193248718e+00,1.2979992625228412e-04
-2.8416217686929368e-02,-9.1934227334715490e-01,-8.0401660193249018e+00,1.2850942722875819e-04
-2.8319600620596547e-02,-9.1933953252299450e-01,-8.0501660193248856e+00,1.2723108578059078e-04
2.7677330847207377e-02,-9.1932154995475235e-01,-8.0601660193249156e+00,1.2596738052144584e-04
2.7377316310681868e-02,-9.1931329135752704e-01,-8.0701660193248692e+00,1.2471501410989781e-04
-2.7152427621597516e-02,-9.1930715979621247e-01,-8.0801660193249205e+00,1.2347483607673038e-04
-2.6710772689543482e-02,-9.1929526532217565e-01,-8.0901660193248794e+00,1.2224769499336421e-04
-2.6244082152444469e-02,-9.1928290855735162e-01,-8.1001660193249148e+00,1.2103280566907039e-04
2.5600363742736110e-02,-9.1926622194521967e-01,-8.1101660193249181e+00,1.1983050867939503e-04
-2.5546002405813784e-02,-9.1926483175279838e-01,-8.1201660193248699e+00,1.1863834012612571e-04
-2.5534580431314055e-02,-9.1926454003224112e-01,-8.1301660193249230e+00,1.1745790318302174e-04
2.5146171047638548e-02,-9.1925469759251799e-01,-8.1401660193248695e+00,1.1629032209373570e-04
-2.4904795732444585e-02,-9.1924865705857683e-01,-8.1501660193249172e+00,1.1513390952372253e-04
-2.4651905804359053e-02,-9.1924239086323301e-01,-8.1601660193248744e+00,1.1398902225810056e-04
-2.4043391789849163e-02,-9.1922757497771956e-01,-8.1701660193249168e+00,1.1285648459222661e-04
-2.3026133173899999e-02,-9.1920363403781058e-01,-8.1801660193248757e+00,1.1173621884613361e-04
2.2558507915110680e-02,-9.1919297577301751e-01,-8.1901660193249164e+00,1.1062560396306728e-04
2.2535209032870651e-02,-9.1919245045641707e-01,-8.2001660193248807e+00,1.0952491834728250e-04
-2.2403973708511167e-02,-9.1918950165230529e-01,-8.2101660193249213e+00,1.0843544695553435e-04
2.2184521929109295e-02,-9.1918460913995104e-01,-8.2201660193248713e+00,1.0735702147511789e-04
2.1563951183036098e-02,-9.1917103462865168e-01,-8.2301660193249120e+00,1.0629024409156845e-04
-2.1293689118466089e-02,-9.1916524323147641e-01,-8.2401660193248798e+00,1.0523324793778929e-04
-2.0800815821799018e-02,-9.1915486960276571e-01,-8.2501660193249204e+00,1.0418724041983175e-04
1.9981935665596466e-02,-9.1913817150981147e-01,-8.2601660193248634e+00,1.0315228248846568e-04
1.9907481973581324e-02,-9.1913668655260372e-01,-8.2701660193249236e+00,1.0212605178125061e-04
1.9630707599534041e-02,-9.1913121497376871e-01,-8.2801660193248807e+00,1.0111043381968654e-04
1.8937257157552158e-02,-9.1911784248766515e-01,-8.2901660193249125e+00,1.0010570684670682e-04
-1.8886889667494633e-02,-9.1911688993399554e-01,-8.3001660193248803e+00,9.9109732828222980e-05
-1.8792070300319159e-02,-9.1911510358642556e-01,-8.3101660193249103e+00,9.8123749792469075e-05
-1.8073842699992362e-02,-9.1910186452831155e-01,-8.3201660193248763e+00,9.7148688317498944e-05
-1.8014028364724946e-02,-9.1910078524230199e-01,-8.3301660193249134e+00,9.6182146525675133e-05
-1.7860630345779518e-02,-9.1909803369151377e-01,-8.3401660193248848e+00,9.5225380194494970e-05
1.7532957265814622e-02,-9.1909223492858194e-01,-8.3501660193249077e+00,9.4278418526872387e-05
-1.7256981545249218e-02,-9.1908743433936602e-01,-8.3601660193249305e+00,9.3340780678332022e-05
-1.7177079223095793e-02,-9.1908605865865767e-01,-8.3701660193248717e+00,9.2412151522132117e-05
1.7114715984107874e-02,-9.1908498938494776e-01,-8.3801660193249141e+00,9.1492733081607907e-05
1.7060289321485116e-02,-9.1908405936920590e-01,-8.3901660193248748e+00,9.0582449419771113e-05
-1.6831783537997885e-02,-9.1908018710187445e-01,-8.4001660193249243e+00,8.9681486258649500e-05
-1.6816380124498657e-02,-9.1907992795358529e-01,-8.4101660193248691e+00,8.8789163570315949e-05
1.6613648641935961e-02,-9.1907653929393829e-01,-8.4201660193249168e+00,8.7905994514506520e-05
1.6574734775444133e-02,-9.1907589354977759e-01,-8.4301660193248740e+00,8.7031371454627922e-05
-1.6311044001090520e-02,-9.1907155771154225e-01,-8.4401660193249217e+00,8.6165768439635856e-05
1.6204287566251918e-02,-9.1906982210110433e-01,-8.4501660193248753e+00,8.5308552780820877e-05
-1.5956017628470230e-02,-9.1906582988261953e-01,-8.4601660193249177e+00,8.4460055680352704e-05
1.5789657796679929e-02,-9.1906318928000763e-01,-8.4701660193248607e+00,8.3619884891378312e-05
1.5254134970038451e-02,-9.1905487695018151e-01,-8.4801660193249297e+00,8.2788541297629001e-05
-1.5219316973081933e-02,-9.1905434643790307e-01,-8.4901660193248638e+00,8.1964825031393603e-05
-1.5199692808072672e-02,-9.1905404796406931e-01,-8.5001660193249293e+00,8.1149285616540366e-05
-1.5189428825559011e-02,-9.1905389200736287e-01,-8.5101660193248705e+00,8.0341849263373556e-05
-1.5088554055400657e-02,-9.1905236486508080e-01,-8.5201660193249147e+00,7.9542555979007819e-05
1.4657489906541969e-02,-9.1904595363851971e-01,-8.5301660193248825e+00,7.8751599215729260e-05
1.4581284385351860e-02,-9.1904483956050276e-01,-8.5401660193249089e+00,7.7968094573503633e-05
-1.4581089973864758e-02,-9.1904483672575243e-01,-8.5501660193248750e+00,7.7192299289060131e-05
-1.4418833810475828e-02,-9.1904248401756650e-01,-8.5601660193249245e+00,7.6424402881953017e-05
1.4120274842968227e-02,-9.1903822371416000e-01,-8.5701660193248728e+00,7.5664289719805478e-05
-1.4102367356964633e-02,-9.1903797101587481e-01,-8.5801660193249223e+00,7.4911436387827731e-05
-1.3547574747033230e-02,-9.1903030102410266e-01,-8.5901660193248723e+00,7.4166623996898214e-05
-1.3528551222824595e-02,-9.1903004348243378e-01,-8.6001660193249059e+00,7.3428672668804205e-05
-1.2992458573169934e-02,-9.1902293462322726e-01,-8.6101660193249216e+00,7.2698561970175135e-05
1.2877572014021975e-02,-9.1902144856382761e-01,-8.6201660193249285e+00,7.1975306151875784e-05
1.2705631773518073e-02,-9.1901924917272160e-01,-8.6301660193248182e+00,7.1259296616608720e-05
-1.2699537424255766e-02,-9.1901917175873449e-01,-8.6401660193249246e+00,7.0550260229925411e-05
1.2691354659472106e-02,-9.1901906787488574e-01,-8.6501660193249190e+00,6.9848280667706320e-05
1.2495286930810590e-02,-9.1901659873108110e-01,-8.6601660193249117e+00,6.9153449412328783e-05
-1.2467081660257132e-02,-9.1901624669590121e-01,-8.6701660193248262e+00,6.8465385196083407e-05
1.2463319406778681e-02,-9.1901619979865712e-01,-8.6801660193249361e+00,6.7784146409837338e-05
1.2192969584646817e-02,-9.1901286688698558e-01,-8.6901660193249093e+00,6.7109906554908600e-05
1.2167769701728719e-02,-9.1901255994309661e-01,-8.7001660193249268e+00,6.6442172221623896e-05
1.1976204941735707e-02,-9.1901024737574266e-01,-8.7101660193248218e+00,6.5781213685270581e-05
1.1851560812743312e-02,-9.1900876238018858e-01,-8.7201660193249158e+00,6.5126776385816097e-05
1.1404342379426460e-02,-9.1900356214589307e-01,-8.7301660193249244e+00,6.4479089438896383e-05
-1.1373360769784603e-02,-9.1900320930093926e-01,-8.7401660193249224e+00,6.3837534304025075e-05
1.1289495997846434e-02,-9.1900225899328214e-01,-8.7501660193248281e+00,6.3202400286359163e-05
1.1274235369117373e-02,-9.1900208682491857e-01,-8.7601660193249113e+00,6.2573536669235621e-05
-1.1244029296387598e-02,-9.1900174673074853e-01,-8.7701660193249147e+00,6.1950940645624124e-05
-1.1219778264671829e-02,-9.1900147434549362e-01,-8.7801660193249216e+00,6.1334535193424984e-05
1.1214745597171012e-02,-9.1900141789274414e-01,-8.7901660193248361e+00,6.0724249799388894e-05
-1.0919746989121116e-02,-9.1899815307049271e-01,-8.8001660193249105e+00,6.0120229699966689e-05
1.0896457056455144e-02,-9.1899789902153106e-01,-8.8101660193249192e+00,5.9522038540923447e-05
-1.0817675131588045e-02,-9.1899704368096580e-01,-8.8201660193249243e+00,5.8929834766909220e-05
1.0784834144630044e-02,-9.1899668895710307e-01,-8.8301660193248264e+00,5.8343493809675950e-05
1.0758083568768180e-02,-9.1899640081437572e-01,-8.8401660193249132e+00,5.7762982990591344e-05
-1.0489474524060696e-02,-9.1899354717123494e-01,-8.8501660193249236e+00,5.7188394901728358e-05
-1.0307016331660205e-02,-9.1899164992617000e-01,-8.8601660193249199e+00,5.6619468285743036e-05
1.0207494377645853e-02,-9.1899062910407425e-01,-8.8701660193249179e+00,5.6056152386596018e-05
9.8990939404759067e-03,-9.1898752866376066e-01,-8.8801660193248253e+00,5.5498556420667472e-05
9.8694376217890612e-03,-9.1898723553282469e-01,-8.8901660193249210e+00,5.4946352664068845e-05
-9.8651670708060080e-03,-9.1898719339400692e-01,-8.9001660193249155e+00,5.4399629612520898e-05
9.8239587413137593e-03,-9.1898678771601494e-01,-8.9101660193249224e+00,5.3858366103041578e-05
9.8181328772205152e-03,-9.1898673049993684e-01,-8.9201660193248227e+00,5.3322469457225991e-05
9.7875972963892173e-03,-9.1898643116375756e-01,-8.9301660193249202e+00,5.2791917823745137e-05
-9.6906642482560909e-03,-9.1898548712012573e-01,-8.9401660193249217e+00,5.2266678806700469e-05
9.3520314657836237e-03,-9.1898226287960794e-01,-8.9501660193249108e+00,5.1746783507002668e-05
9.3213663770048347e-03,-9.1898197656890668e-01,-8.9601660193248343e+00,5.1231909076407831e-05
9.3143407258137242e-03,-9.1898191110491778e-01,-8.9701660193249229e+00,5.0722146384219443e-05
9.1775392700364569e-03,-9.1898064624686604e-01,-8.9801660193249120e+00,5.0217516113087459e-05
9.1264890741324187e-03,-9.1898017903474960e-01,-8.9901660193249135e+00,4.9717866707842612e-05
9.1086599968093918e-03,-9.1898001647680816e-01,-9.0001660193248298e+00,4.9223173670084084e-05
9.0762755273571145e-03,-9.1897972202206368e-01,-9.0101660193249202e+00,4.8733409258450252e-05
-9.0340069730553106e-03,-9.1897933927433406e-01,-9.0201660193249253e+00,4.8248522201367424e-05
-8.9763711533104203e-03,-9.1897882025288047e-01,-9.0301660193249251e+00,4.7768466176959178e-05
-8.8881155163332351e-03,-9.1897803193205529e-01,-9.0401660193248290e+00,4.7293199279154860e-05
8.8668684849937604e-03,-9.1897784331170451e-01,-9.0501660193249069e+00,4.6822632915490532e-05
-8.8227734836554654e-03,-9.1897745329931146e-01,-9.0601660193249227e+00,4.6356758013385636e-05
8.7346514423553880e-03,-9.1897667970124919e-01,-9.0701660193249172e+00,4.5895536068987140e-05
-8.5337534587030806e-03,-9.1897494510738642e-01,-9.0801660193248264e+00,4.5438946672983440e-05
-8.4925275875066437e-03,-9.1897459414575178e-01,-9.0901660193249256e+00,4.4986837387971328e-05
-8.4696708989854819e-03,-9.1897440029590804e-01,-9.1001660193249148e+00,4.4539219510782227e-05
8.4632629642133941e-03,-9.1897434604334016e-01,-9.1101660193249199e+00,4.4096049264291295e-05
8.4408662865986042e-03,-9.1897415674517358e-01,-9.1201660193249197e+00,4.3657294507351746e-05
8.0987617969933891e-03,-9.1897132760466171e-01,-9.1301660193248377e+00,4.3223019452767979e-05
-8.0817942648767436e-03,-9.1897119033260932e-01,-9.1401660193249104e+00,4.2792949097622474e-05
-8.0736845583106818e-03,-9.1897112482451304e-01,-9.1501660193249137e+00,4.2367154915129189e-05
-7.9769294400531647e-03,-9.1897034833498525e-01,-9.1601660193249241e+00,4.1945627250476080e-05
7.7788930746699458e-03,-9.1896878822207306e-01,-9.1701660193248227e+00,4.1528326074669801e-05
-7.7271382872249415e-03,-9.1896838696639438e-01,-9.1801660193249273e+00,4.1115128823779411e-05
-7.6954860695499089e-03,-9.1896814288626283e-01,-9.1901660193249111e+00,4.0706036392092627e-05
-7.5860726474967100e-03,-9.1896730688244599e-01,-9.2001660193249304e+00,4.0301038254385844e-05
-7.5292848428976317e-03,-9.1896687769846219e-01,-9.2101660193248271e+00,3.9900053348137811e-05
-7.5024766338015417e-03,-9.1896667621115979e-01,-9.2201660193249193e+00,3.9503049143265179e-05
-7.3998882822345052e-03,-9.1896591180663423e-01,-9.2301660193249120e+00,3.9110017132737852e-05
-7.3904467547514143e-03,-9.1896584198495690e-01,-9.2401660193249135e+00,3.8720868663750071e-05
-7.3138630312506673e-03,-9.1896527892955937e-01,-9.2501660193248334e+00,3.8335611168238920e-05
-7.2286541007216317e-03,-9.1896465935339344e-01,-9.2601660193249202e+00,3.7954188979287950e-05
-7.1147580722522178e-03,-9.1896384252455277e-01,-9.2701660193249200e+00,3.7576569182641470e-05
-7.1125227725580813e-03,-9.1896382662343457e-01,-9.2801660193249234e+00,3.7202676663702345e-05
-7.0451651677629415e-03,-9.1896334980946004e-01,-9.2901660193248219e+00,3.6832521408183050e-05
6.8859114466579005e-03,-9.1896224052156505e-01,-9.3001660193249194e+00,3.6466072148080675e-05
6.8433252893126944e-03,-9.1896194818384713e-01,-9.3101660193249209e+00,3.6103239222029423e-05
6.7986153582454637e-03,-9.1896164321873419e-01,-9.3201660193249243e+00,3.5744016890253033e-05
-6.6970439185926062e-03,-9.1896095783196330e-01,-9.3301660193248210e+00,3.5388382234446853e-05
-6.5489772121847213e-03,-9.1895997718460232e-01,-9.3401660193249239e+00,3.5036296306097166e-05
-6.5286113006205321e-03,-9.1895984401609676e-01,-9.3501660193249112e+00,3.4687683952345255e-05
-6.4690064423927043e-03,-9.1895945665551537e-01,-9.3601660193249216e+00,3.4342549033109914e-05
-6.4652294479793735e-03,-9.1895943222924703e-01,-9.3701660193249214e+00,3.4000835791266680e-05
6.4194140320815996e-03,-9.1895913707159715e-01,-9.3801660193248235e+00,3.3662531758231920e-05
-6.3052000180350287e-03,-9.1895841040697324e-01,-9.3901660193249157e+00,3.3327608188795652e-05
-6.2902467060769584e-03,-9.1895831623515112e-01,-9.4001660193249190e+00,3.2995996053867307e-05
-6.2711752128340632e-03,-9.1895819645261445e-01,-9.4101660193249153e+00,3.2667684320537550e-05
-6.2311760898317147e-03,-9.1895794641107076e-01,-9.4201660193248333e+00,3.2342643517524637e-05
6.1876696690497286e-03,-9.1895767626130609e-01,-9.4301660193249237e+00,3.2020837487951555e-05
6.0741113699818794e-03,-9.1895698004780690e-01,-9.4401660193249128e+00,3.1702246902980478e-05
-6.0524531125449206e-03,-9.1895684872767924e-01,-9.4501660193249091e+00,3.1386808397490388e-05
6.0104911008973597e-03,-9.1895659563497645e-01,-9.4601660193248378e+00,3.1074512300585919e-05
5.9726305900534623e-03,-9.1895636879142206e-01,-9.4701660193249246e+00,3.0765322715943244e-05
5.9704785473922890e-03,-9.1895635594038194e-01,-9.4801660193249191e+00,3.0459203031591693e-05
-5.8710114806289158e-03,-9.1895576702124226e-01,-9.4901660193249171e+00,3.0156146657086327e-05
-5.8633000143626926e-03,-9.1895572177686868e-01,-9.5001660193248281e+00,2.9856089335186533e-05
-5.7621291300338478e-03,-9.1895513369939508e-01,-9.5101660193249202e+00,2.9559033665695722e-05
5.7514116255293346e-03,-9.1895507200118265e-01,-9.5201660193249129e+00,2.9264918172101419e-05
-5.7280718896624908e-03,-9.1895493803712602e-01,-9.5301660193249216e+00,2.8973731252410057e-05
5.7238992021965418e-03,-9.1895491414437791e-01,-9.5401660193248290e+00,2.8685438494918284e-05
-5.7153434468220033e-03,-9.1895486520869707e-01,-9.5501660193249105e+00,2.8400015002687541e-05
-5.5658882290664019e-03,-9.1895402218922873e-01,-9.5601660193249280e+00,2.8117453835435156e-05
-5.5198437272016366e-03,-9.1895376697072584e-01,-9.5701660193249172e+00,2.7837687599914867e-05
5.4739681539040450e-03,-9.1895351479701448e-01,-9.5801660193248193e+00,2.7560704930344062e-05
-5.4001144935792722e-03,-9.1895311325161133e-01,-9.5901660193249221e+00,2.7286482291053539e-05
5.3864412882806238e-03,-9.1895303950821550e-01,-9.6001660193249201e+00,2.7014979248033450e-05
-5.3501505691122032e-03,-9.1895284468889560e-01,-9.6101660193249252e+00,2.6746180923924874e-05
-5.3281887964574323e-03,-9.1895272743126477e-01,-9.6201660193249161e+00,2.6480055082145582e-05
-5.2907728709650648e-03,-9.1895252877212552e-01,-9.6301660193248182e+00,2.6216579339912172e-05
-5.1485158030322286e-03,-9.1895178624082652e-01,-9.6401660193249246e+00,2.5955739289890809e-05
-5.1449037284462470e-03,-9.1895176765052700e-01,-9.6501660193249208e+00,2.5697475846517044e-05
-5.0786210247760113e-03,-9.1895142882909608e-01,-9.6601660193249206e+00,2.5441790309839770e-05
-4.9689239489869620e-03,-9.1895087773594486e-01,-9.6701660193248262e+00,2.5188654147831406e-05
4.9119658778142639e-03,-9.1895059633773191e-01,-9.6801660193249184e+00,2.4938029868939537e-05
4.7056512746962960e-03,-9.1894960421029903e-01,-9.6901660193249217e+00,2.4689916821306930e-05
-4.6546815289390817e-03,-9.1894936566340735e-01,-9.7001660193249073e+00,2.4444253875316171e-05
4.5705171500544720e-03,-9.1894897744684889e-01,-9.7101660193248343e+00,2.4201038880623179e-05
4.5554816478061144e-03,-9.1894890883986124e-01,-9.7201660193249193e+00,2.3960236164155686e-05
-4.5476628523120118e-03,-9.1894887325204866e-01,-9.7301660193249244e+00,2.3721828675120977e-05
-4.4994862891905383e-03,-9.1894865532177272e-01,-9.7401660193249100e+00,2.3485797654295929e-05
4.4716444436630589e-03,-9.1894853043535474e-01,-9.7501660193248352e+00,2.3252112966976936e-05
4.4488681895290885e-03,-9.1894842884742334e-01,-9.7601660193249096e+00,2.3020752915901215e-05
-4.4108809272309264e-03,-9.1894826056861656e-01,-9.7701660193249271e+00,2.2791696432527454e-05
-4.3102192599216646e-03,-9.1894782162837374e-01,-9.7801660193249109e+00,2.2564925168537228e-05
-4.2834338494116622e-03,-9.1894770653611058e-01,-9.7901660193248308e+00,2.2340402982881876e-05
-4.2834037844234852e-03,-9.1894770640732970e-01,-9.8001660193249229e+00,2.2118112261937963e-05
4.2695397967481988e-03,-9.1894764711837751e-01,-9.8101660193249209e+00,2.1898034666088657e-05
-4.2178024360593116e-03,-9.1894742756203429e-01,-9.8201660193249207e+00,2.1680150340608597e-05
-4.2098975037936368e-03,-9.1894739425183569e-01,-9.8301660193248281e+00,2.1464429955362918e-05
4.1734106568391991e-03,-9.1894724131159478e-01,-9.8401660193249114e+00,2.1250858558937149e-05
4.1522620376795855e-03,-9.1894715327335419e-01,-9.8501660193249254e+00,2.1039410835575130e-05
4.0484095784373668e-03,-9.1894672744339689e-01,-9.8601660193249128e+00,2.0830074070009544e-05
4.0108077837111844e-03,-9.1894657592287843e-01,-9.8701660193249161e+00,2.0622814494775014e-05
3.8779894207307715e-03,-9.1894605203431312e-01,-9.8801660193248235e+00,2.0417624758551186e-05
3.8608512890316088e-03,-9.1894598571967745e-01,-9.8901660193249263e+00,2.0214467338269412e-05
3.8515852447340813e-03,-9.1894594998778822e-01,-9.9001660193249155e+00,2.0013330742695926e-05
3.8078353888527545e-03,-9.1894578243851377e-01,-9.9101660193249259e+00,1.9814198094427272e-05
-3.8049913081537861e-03,-9.1894577161276703e-01,-9.9201660193248209e+00,1.9617043741631989e-05
-3.7464049712460099e-03,-9.1894555040844372e-01,-9.9301660193249290e+00,1.9421855191248684e-05
3.7332166298826540e-03,-9.1894550108654227e-01,-9.9401660193249146e+00,1.9228605451587807e-05
3.7000164691025888e-03,-9.1894537769427531e-01,-9.9501660193249215e+00,1.9037279979625717e-05
-3.6975820492084061e-03,-9.1894536868984478e-01,-9.9601660193248200e+00,1.8847856048580937e-05
3.6535407478195531e-03,-9.1894520681333747e-01,-9.9701660193249140e+00,1.8660319768091191e-05
3.6306624264552498e-03,-9.1894512348816693e-01,-9.9801660193249155e+00,1.8474648023508107e-05
-3.6252623609095399e-03,-9.1894510389693218e-01,-9.9901660193249349e+00,1.8290822562588016e-05
3.6229098049887316e-03,-9.1894509537106706e-01,-1.0000166019324832e+01,1.8108825991621095e-05
-3.6186749356917863e-03,-9.1894508003748454e-01,-1.0010166019324906e+01,1.7928640437306010e-05
-3.5855452513952574e-03,-9.1894496070071441e-01,-1.0020166019324913e+01,1.7750249602560630e-05
3.5833687625860863e-03,-9.1894495289918376e-01,-1.0030166019324934e+01,1.7573631805122264e-05
3.5564548119641020e-03,-9.1894485681875426e-01,-1.0040166019324820e+01,1.7398772918713856e-05
-3.5392859038563098e-03,-9.1894479590569411e-01,-1.0050166019324921e+01,1.7225653284877653e-05
-3.5327362536219011e-03,-9.1894477274605835e-01,-1.0060166019324909e+01,1.7054255565884491e-05
-3.4816801707991162e-03,-9.1894459368174530e-01,-1.0070166019324937e+01,1.6884565911142223e-05
-3.4242643640224890e-03,-9.1894439542655681e-01,-1.0080166019324814e+01,1.6716564987400693e-05
3.3894573006590860e-03,-9.1894427684373592e-01,-1.0090166019324927e+01,1.6550234349204714e-05
-3.3693915726416904e-03,-9.1894420903312435e-01,-1.0100166019324906e+01,1.6385557877054895e-05
3.3236925108463405e-03,-9.1894405609929275e-01,-1.0110166019324932e+01,1.6222521333037315e-05
-3.3140972747666571e-03,-9.1894402425371280e-01,-1.0120166019324918e+01,1.6061105060241334e-05
3.2810522864854474e-03,-9.1894391528539277e-01,-1.0130166019324829e+01,1.5901296127458711e-05
3.2726430854180680e-03,-9.1894388772972169e-01,-1.0140166019324921e+01,1.5743076021196362e-05
3.2343716774609751e-03,-9.1894376321341342e-01,-1.0150166019324912e+01,1.5586431738250934e-05
3.2237382885541115e-03,-9.1894372887761600e-01,-1.0160166019324924e+01,1.5431344681045402e-05
-3.1761042948031219e-03,-9.1894357645258518e-01,-1.0170166019324821e+01,1.5277802564716036e-05
-3.1494140571431419e-03,-9.1894349203779113e-01,-1.0180166019324924e+01,1.5125787166088342e-05
3.1032575836374230e-03,-9.1894334773715469e-01,-1.0190166019324915e+01,1.4975285230054217e-05
-3.0506008124992698e-03,-9.1894318571599809e-01,-1.0200166019324918e+01,1.4826281054532522e-05
2.9633571631524744e-03,-9.1894292337617767e-01,-1.0210166019324834e+01,1.4678760943982580e-05
2.9352948942430622e-03,-9.1894284061139753e-01,-1.0220166019324910e+01,1.4532706035028819e-05
-2.9074071175913606e-03,-9.1894275914141321e-01,-1.0230166019324926e+01,1.4388104366104180e-05
2.8606242037583409e-03,-9.1894262421875705e-01,-1.0240166019324919e+01,1.4244942257592543e-05
-2.8350737848936236e-03,-9.1894255145502235e-01,-1.0250166019324823e+01,1.4103203740099089e-05
-2.8034768179256465e-03,-9.1894246237447375e-01,-1.0260166019324917e+01,1.3962875762034997e-05
2.7666149709465191e-03,-9.1894235971253824e-01,-1.0270166019324925e+01,1.3823944246055721e-05
-2.7031529584748137e-03,-9.1894218615129797e-01,-1.0280166019324911e+01,1.3686396077993100e-05
-2.6753841538316231e-03,-9.1894211147352478e-01,-1.0290166019324831e+01,1.3550215173543280e-05
2.6509780659404280e-03,-9.1894204647569255e-01,-1.0300166019324918e+01,1.3415389151802008e-05
2.6246743860640523e-03,-9.1894197709115588e-01,-1.0310166019324917e+01,1.3281904720980731e-05
2.6121842214585919e-03,-9.1894194438654286e-01,-1.0320166019324926e+01,1.3149747990936575e-05
-2.5907492638055688e-03,-9.1894188862421344e-01,-1.0330166019324832e+01,1.3018906538235983e-05
2.5854925294576726e-03,-9.1894187501914937e-01,-1.0340166019324913e+01,1.2889366429136091e-05
-2.5554818616543504e-03,-9.1894179787711205e-01,-1.0350166019324915e+01,1.2761116074716723e-05
2.4689175190482004e-03,-9.1894158041019736e-01,-1.0360166019324931e+01,1.2634143595734868e-05
-2.4594410839161216e-03,-9.1894155705856206e-01,-1.0370166019324907e+01,1.2508432058613055e-05
-2.4485149095509542e-03,-9.1894153024597058e-01,-1.0380166019324827e+01,1.2383971412139970e-05
-2.4243492061973488e-03,-9.1894147136787629e-01,-1.0390166019324919e+01,1.2260749559632036e-05
2.4084560279643355e-03,-9.1894143296355879e-01,-1.0400166019324926e+01,1.2138753529334339e-05
-2.4012909571576192e-03,-9.1894141573246990e-01,-1.0410166019324912e+01,1.2017971120722496e-05
-2.3858732459093547e-03,-9.1894137882891225e-01,-1.0420166019324832e+01,1.1898390749167503e-05
2.3701031671809619e-03,-9.1894134132785099e-01,-1.0430166019324925e+01,1.1780000224857307e-05
2.3662316219305738e-03,-9.1894133215938378e-01,-1.0440166019324909e+01,1.1662787371115206e-05
-2.3618310761690251e-03,-9.1894132175635568e-01,-1.0450166019324922e+01,1.1546740817945451e-05
2.3556831899457535e-03,-9.1894130725498513e-01,-1.0460166019324834e+01,1.1431848992930104e-05
-2.3353322067926675e-03,-9.1894125952159755e-01,-1.0470166019324921e+01,1.1318100735146332e-05
2.3312901299672936e-03,-9.1894125009017447e-01,-1.0480166019324907e+01,1.1205483856871779e-05
2.3289073132815143e-03,-9.1894124453797643e-01,-1.0490166019324928e+01,1.1093987491170679e-05
-2.2772145781653000e-03,-9.1894112548645701e-01,-1.0500166019324826e+01,1.0983601778864392e-05
2.2620222562857433e-03,-9.1894109100568344e-01,-1.0510166019324917e+01,1.0874313490085512e-05
-2.2487829169437088e-03,-9.1894106114564322e-01,-1.0520166019324920e+01,1.0766112584472007e-05
2.2333270327034947e-03,-9.1894102650815701e-01,-1.0530166019324913e+01,1.0658988343581964e-05
-2.2190626937160464e-03,-9.1894099475295876e-01,-1.0540166019324840e+01,1.0552929972608805e-05
-2.2137902182808597e-03,-9.1894098306690475e-01,-1.0550166019324916e+01,1.0447926687042188e-05
2.1876937447107979e-03,-9.1894092563529983e-01,-1.0560166019324909e+01,1.0343968673600407e-05
-2.1728655404245102e-03,-9.1894089330566786e-01,-1.0570166019324919e+01,1.0241044796693768e-05
-2.1630173184110113e-03,-9.1894087195529939e-01,-1.0580166019324839e+01,1.0139144914859739e-05
2.1573967908329883e-03,-9.1894085981379603e-01,-1.0590166019324910e+01,1.0038258859194453e-05
2.0712831980782913e-03,-9.1894067774038279e-01,-1.0600166019324927e+01,9.9383783241907147e-06
2.0515738472987608e-03,-9.1894063711096496e-01,-1.0610166019324909e+01,9.8394902073742659e-06
2.0028571612107238e-03,-9.1894053835174361e-01,-1.0620166019324923e+01,9.7415866060587993e-06
1.9969179708701481e-03,-9.1894052647403068e-01,-1.0630166019324825e+01,9.6446563143390231e-06
-1.9928019055881264e-03,-9.1894051826305689e-01,-1.0640166019324919e+01,9.5486904589823749e-06
1.9539019758233966e-03,-9.1894044149980503e-01,-1.0650166019324928e+01,9.4536801271328853e-06
1.9264476992024945e-03,-9.1894038823370838e-01,-1.0660166019324910e+01,9.3596149367360260e-06
-1.9259138145641156e-03,-9.1894038720534998e-01,-1.0670166019324833e+01,9.2664852216017210e-06
-1.9144919038930480e-03,-9.1894036527296452e-01,-1.0680166019324911e+01,9.1742823542990794e-06
1.8945737741794290e-03,-9.1894032733823239e-01,-1.0690166019324916e+01,9.0829970642027437e-06
1.8835826602480936e-03,-9.1894030657515846e-01,-1.0700166019324927e+01,8.9926199200724352e-06
1.8804957749675544e-03,-9.1894030076551925e-01,-1.0710166019324834e+01,8.9031419085620355e-06
1.8661621436142988e-03,-9.1894027391391264e-01,-1.0720166019324918e+01,8.8145544031013104e-06
-1.8173181952734509e-03,-9.1894018395605093e-01,-1.0730166019324907e+01,8.7268489064121749e-06
-1.7895607400421438e-03,-9.1894013389716067e-01,-1.0740166019324917e+01,8.6400157414569816e-06
-1.7545717017747198e-03,-9.1894007189426785e-01,-1.0750166019324839e+01,8.5540466787959788e-06
1.7146138596447896e-03,-9.1894000258368336e-01,-1.0760166019324920e+01,8.4689330792105687e-06
-1.7094273092781078e-03,-9.1893999370420232e-01,-1.0770166019324915e+01,8.3846658615567896e-06
1.6862616283043991e-03,-9.1893995437247900e-01,-1.0780166019324922e+01,8.3012373687785201e-06
-1.6842082521733395e-03,-9.1893995091205782e-01,-1.0790166019324817e+01,8.2186387053123702e-06
1.6683769932376337e-03,-9.1893992437423522e-01,-1.0800166019324926e+01,8.1368620997726963e-06
1.6646078269516962e-03,-9.1893991809294828e-01,-1.0810166019324919e+01,8.0558990197213487e-06
1.6390148188712074e-03,-9.1893987581812775e-01,-1.0820166019324914e+01,7.9757418223482940e-06
1.6140283890647175e-03,-9.1893983517715983e-01,-1.0830166019324826e+01,7.8963821861595123e-06
-1.6133534854423860e-03,-9.1893983408807400e-01,-1.0840166019324926e+01,7.8178118791406121e-06
1.6065814298102353e-03,-9.1893982318528478e-01,-1.0850166019324922e+01,7.7400234356132984e-06
1.5854030674936083e-03,-9.1893978938478271e-01,-1.0860166019324911e+01,7.6630091746572457e-06
-1.5621993852752408e-03,-9.1893975286679919e-01,-1.0870166019324923e+01,7.5867612364408776e-06
1.5303669243929784e-03,-9.1893970364480115e-01,-1.0880166019324829e+01,7.5112720705534489e-06
1.5199603470391005e-03,-9.1893968777306778e-01,-1.0890166019324914e+01,7.4365337827262653e-06
-1.4883211035659578e-03,-9.1893964018319307e-01,-1.0900166019324921e+01,7.3625393856404690e-06
1.4676079585120435e-03,-9.1893960956989940e-01,-1.0910166019324921e+01,7.2892811178739599e-06
1.4204412528148098e-03,-9.1893954146001577e-01,-1.0920166019324830e+01,7.2167520504348341e-06
1.3987815972627395e-03,-9.1893951092831794e-01,-1.0930166019324911e+01,7.1449443858886743e-06
-1.3785444783000413e-03,-9.1893948282577875e-01,-1.0940166019324918e+01,7.0738512001892612e-06
-1.3749389276553991e-03,-9.1893947786186680e-01,-1.0950166019324925e+01,7.0034652394782667e-06
1.3536476603746581e-03,-9.1893944881433365e-01,-1.0960166019324824e+01,6.9337797974234418e-06
-1.3513445708015763e-03,-9.1893944569941399e-01,-1.0970166019324925e+01,6.8647875570749882e-06
1.3508517435624682e-03,-9.1893944503355596e-01,-1.0980166019324916e+01,6.7964817841309945e-06
-1.3437846392966310e-03,-9.1893943551191792e-01,-1.0990166019324912e+01,6.7288557245278972e-06
1.3362310483398770e-03,-9.1893942539004669e-01,-1.1000166019324835e+01,6.6619025588224130e-06
-1.3051789820431084e-03,-9.1893938437942702e-01,-1.1010166019324924e+01,6.5956157913049829e-06
-1.2894547906073615e-03,-9.1893936398016796e-01,-1.1020166019324909e+01,6.5299884508619056e-06
-1.2871492747925900e-03,-9.1893936100996731e-01,-1.1030166019324918e+01,6.4650139993621578e-06
1.2854038935532074e-03,-9.1893935876492427e-01,-1.1040166019324836e+01,6.4006860496248893e-06
1.2646690417372018e-03,-9.1893933232723202e-01,-1.1050166019324916e+01,6.3369983268468387e-06
-1.2535708313054154e-03,-9.1893931835325404e-01,-1.1060166019324919e+01,6.2739442276354024e-06
-1.2437319087306967e-03,-9.1893930606786989e-01,-1.1070166019324917e+01,6.2115175158328797e-06
-1.2210264806652039e-03,-9.1893927808617271e-01,-1.1080166019324830e+01,6.1497120559603015e-06
-1.2124596267351845e-03,-9.1893926766251266e-01,-1.1090166019324920e+01,6.0885214620728791e-06
-1.2057696598766787e-03,-9.1893925957357581e-01,-1.1100166019324915e+01,6.0279397100631562e-06
-1.2045364989596453e-03,-9.1893925808742816e-01,-1.1110166019324931e+01,5.9679607166672050e-06
-1.1917208686140662e-03,-9.1893924273265382e-01,-1.1120166019324916e+01,5.9085786060829128e-06
-1.1889135737378491e-03,-9.1893923939108235e-01,-1.1130166019324824e+01,5.8497872861942976e-06
1.1696229032830587e-03,-9.1893921664220746e-01,-1.1140166019324923e+01,5.7915810619160369e-06
-1.1580151369490420e-03,-9.1893920313286814e-01,-1.1150166019324914e+01,5.7339539449567841e-06
1.1418833413385403e-03,-9.1893918458212209e-01,-1.1160166019324912e+01,5.6769002552406001e-06
1.1334386623349975e-03,-9.1893917497494015e-01,-1.1170166019324832e+01,5.6204142079083615e-06
1.1303676397423832e-03,-9.1893917149883997e-01,-1.1180166019324929e+01,5.5644901714833135e-06
-1.1214073624066690e-03,-9.1893916141057574e-01,-1.1190166019324913e+01,5.5091226247535097e-06
1.1015139121589785e-03,-9.1893913929978877e-01,-1.1200166019324914e+01,5.4543060593399767e-06
1.0748511607953830e-03,-9.1893911028584840e-01,-1.1210166019324838e+01,5.4000349639433337e-06
-1.0113225602901453e-03,-9.1893904401999993e-01,-1.1220166019324919e+01,5.3463040725687177e-06
9.9553791235776129e-04,-9.1893902818120698e-01,-1.1230166019324917e+01,5.2931075420556058e-06
-9.6741034928458708e-04,-9.1893900057473143e-01,-1.1240166019324921e+01,5.2404403866986883e-06
-9.5862616757150763e-04,-9.1893899211540409e-01,-1.1250166019324830e+01,5.1882971775134385e-06
-9.5386391028035879e-04,-9.1893898756151915e-01,-1.1260166019324902e+01,5.1366727814298986e-06
9.5050014820233480e-04,-9.1893898435860533e-01,-1.1270166019324925e+01,5.0855620495670461e-06
-9.4168991360932004e-04,-9.1893897602328611e-01,-1.1280166019324914e+01,5.0349599036629888e-06
9.3566375231607423e-04,-9.1893897036666816e-01,-1.1290166019324838e+01,4.9848612437531085e-06
-9.2896907381077333e-04,-9.1893896412510956e-01,-1.1300166019324918e+01,4.9352610764437629e-06
9.2456348273037628e-04,-9.1893896004215625e-01,-1.1310166019324919e+01,4.8861544281918167e-06
9.1398700806896997e-04,-9.1893895031946493e-01,-1.1320166019324907e+01,4.8375364263380073e-06
-9.0546479259966789e-04,-9.1893894256658482e-01,-1.1330166019324832e+01,4.7894021717835035e-06
-9.0464975854854298e-04,-9.1893894182893232e-01,-1.1340166019324920e+01,4.7417468274295080e-06
-9.0147919666070764e-04,-9.1893893896571044e-01,-1.1350166019324927e+01,4.6945656716187749e-06
-8.9486651959426802e-04,-9.1893893302638341e-01,-1.1360166019324913e+01,4.6478539903159121e-06
8.7247230093382062e-04,-9.1893891323729737e-01,-1.1370166019324921e+01,4.6016071614642352e-06
-8.6868167079432704e-04,-9.1893890993726202e-01,-1.1380166019324825e+01,4.5558204202214555e-06
-8.6753358137468773e-04,-9.1893890894059682e-01,-1.1390166019324928e+01,4.5104892541263041e-06
-8.6059056255378464e-04,-9.1893890294139768e-01,-1.1400166019324908e+01,4.4656091629653237e-06
-8.5837418175312922e-04,-9.1893890103645737e-01,-1.1410166019324913e+01,4.4211756178046331e-06
-8.5798781900480359e-04,-9.1893890070488826e-01,-1.1420166019324826e+01,4.3771841868350671e-06
8.4515437623626890e-04,-9.1893888977629934e-01,-1.1430166019324929e+01,4.3336305238255693e-06
8.3565942461083064e-04,-9.1893888179667649e-01,-1.1440166019324918e+01,4.2905102138805224e-06
8.3547662788282422e-04,-9.1893888164393733e-01,-1.1450166019324923e+01,4.2478189246003090e-06
-8.3431004701484547e-04,-9.1893888066996676e-01,-1.1460166019324815e+01,4.2055524241936489e-06
8.3329054748893872e-04,-9.1893887981990774e-01,-1.1470166019324935e+01,4.1637064819352215e-06
-8.3102416925783830e-04,-9.1893887793392437e-01,-1.1480166019324903e+01,4.1222769179949837e-06
-8.0005596084931736e-04,-9.1893885267810971e-01,-1.1490166019324933e+01,4.0812596804043757e-06
7.8266065449998992e-04,-9.1893883891218953e-01,-1.1500166019324825e+01,4.0406505236952450e-06
-7.5793439155211477e-04,-9.1893881986561043e-01,-1.1510166019324924e+01,4.0004454554173705e-06
-7.4578325617610623e-04,-9.1893881072967210e-01,-1.1520166019324906e+01,3.9606403942428194e-06
7.4328939715056336e-04,-9.1893880887290347e-01,-1.1530166019324925e+01,3.9212313711410880e-06
7.2211172385458836e-04,-9.1893879335601036e-01,-1.1540166019324827e+01,3.8822145273305425e-06
-7.1546453579115522e-04,-9.1893878857809042e-01,-1.1550166019324914e+01,3.8435858657262213e-06
7.1041723749888956e-04,-9.1893878497966508e-01,-1.1560166019324919e+01,3.8053415610561199e-06
-7.0961215383587306e-04,-9.1893878440804388e-01,-1.1570166019324919e+01,3.7674777820359811e-06
7.0718131637319704e-04,-9.1893878268604656e-01,-1.1580166019324828e+01,3.7299907581817784e-06
7.0597290147618192e-04,-9.1893878183220823e-01,-1.1590166019324917e+01,3.6928767331765937e-06
-6.9893059799870920e-04,-9.1893877688532988e-01,-1.1600166019324924e+01,3.6561320138240729e-06
-6.9011816562508286e-04,-9.1893877076488073e-01,-1.1610166019324916e+01,3.6197529146060772e-06
-6.8880146404912915e-04,-9.1893876985706791e-01,-1.1620166019324918e+01,3.5837357745721678e-06
6.8437257236986346e-04,-9.1893876681624842e-01,-1.1630166019324824e+01,3.5480770186055161e-06
-6.8432684205568318e-04,-9.1893876678495290e-01,-1.1640166019324917e+01,3.5127730625092404e-06
6.7810637225733882e-04,-9.1893876254746554e-01,-1.1650166019324921e+01,3.4778204012730357e-06
-6.7460966877531036e-04,-9.1893876018244203e-01,-1.1660166019324921e+01,3.4432155182331209e-06
6.6919605889568959e-04,-9.1893875654502211e-01,-1.1670166019324830e+01,3.4089549637893649e-06
-6.6785018080823644e-04,-9.1893875564527150e-01,-1.1680166019324918e+01,3.3750352981944557e-06
6.4838331855037509e-04,-9.1893874283380339e-01,-1.1690166019324923e+01,3.3414531786838960e-06
-6.4837960104341191e-04,-9.1893874283139299e-01,-1.1700166019324916e+01,3.3082051640446188e-06
-6.3751014635657051e-04,-9.1893873584293284e-01,-1.1710166019324824e+01,3.2752879955600408e-06
-6.3150768153900959e-04,-9.1893873203431542e-01,-1.1720166019324919e+01,3.2426983478347513e-06
-6.2738473481748207e-04,-9.1893872943914223e-01,-1.1730166019324912e+01,3.2104329685041472e-06
-6.1149618719606507e-04,-9.1893871959713291e-01,-1.1740166019324928e+01,3.1784886580130454e-06
-6.0892032192073182e-04,-9.1893871802531868e-01,-1.1750166019324828e+01,3.1468621723860296e-06
-6.0410197241665361e-04,-9.1893871510293601e-01,-1.1760166019324918e+01,3.1155503797068824e-06
-6.0260811249620780e-04,-9.1893871420160811e-01,-1.1770166019324913e+01,3.0845501382461616e-06
-5.8801107693302662e-04,-9.1893870551185275e-01,-1.1780166019324925e+01,3.0538583780988340e-06
5.7391397585001614e-04,-9.1893869732196531e-01,-1.1790166019324820e+01,3.0234720042924686e-06
5.7020606356619893e-04,-9.1893869520081695e-01,-1.1800166019324919e+01,2.9933879615441436e-06
5.6845190681001747e-04,-9.1893869420212460e-01,-1.1810166019324919e+01,2.9636032566332696e-06
5.5972636419361339e-04,-9.1893868928014089e-01,-1.1820166019324926e+01,2.9341149259699046e-06
5.5896262084776326e-04,-9.1893868885294527e-01,-1.1830166019324830e+01,2.9049199958987063e-06
-5.5235360536820370e-04,-9.1893868518059219e-01,-1.1840166019324917e+01,2.8760155695556431e-06
5.5092582670038844e-04,-9.1893868439297277e-01,-1.1850166019324911e+01,2.8473987387412639e-06
-5.4693149444617287e-04,-9.1893868220036923e-01,-1.1860166019324920e+01,2.8190666540894498e-06
-5.4514385154973144e-04,-9.1893868122424893e-01,-1.1870166019324916e+01,2.7910164749334624e-06
-5.4190953720213123e-04,-9.1893867946631269e-01,-1.1880166019324841e+01,2.7632454018568788e-06
-5.4127464528295696e-04,-9.1893867912246030e-01,-1.1890166019324910e+01,2.7357506516570629e-06
-5.4048672858601873e-04,-9.1893867869629131e-01,-1.1900166019324924e+01,2.7085294790065076e-06
-5.3540134821129098e-04,-9.1893867596064127e-01,-1.1910166019324915e+01,2.6815791677309998e-06
-5.3187822488952969e-04,-9.1893867408056251e-01,-1.1920166019324835e+01,2.6548970141889359e-06
-5.2966523559056758e-04,-9.1893867290597031e-01,-1.1930166019324909e+01,2.6284803506061173e-06
-5.2184071455811838e-04,-9.1893866879220520e-01,-1.1940166019324927e+01,2.6023265448358566e-06
-5.2158338393650048e-04,-9.1893866865795271e-01,-1.1950166019324907e+01,2.5764329634217282e-06
-5.1660902967929408e-04,-9.1893866607578423e-01,-1.1960166019324832e+01,2.5507970336883387e-06
5.1529158720343450e-04,-9.1893866539604940e-01,-1.1970166019324923e+01,2.5254161808473928e-06
5.1150745630999112e-04,-9.1893866345327835e-01,-1.1980166019324914e+01,2.5002878748529303e-06
5.0288712616201707e-04,-9.1893865908107031e-01,-1.1990166019324908e+01,2.4754096056462269e-06
-4.9908837898727479e-04,-9.1893865717794454e-01,-1.2000166019324832e+01,2.4507788731954662e-06
-4.8553498997640503e-04,-9.1893865050545276e-01,-1.2010166019324933e+01,2.4263932321529887e-06
4.7689829699371528e-04,-9.1893864634933231e-01,-1.2020166019324913e+01,2.4022502260872625e-06
-4.7178410543288209e-04,-9.1893864392346059e-01,-1.2030166019324918e+01,2.3783474427311475e-06
-4.7029908719372037e-04,-9.1893864322395513e-01,-1.2040166019324822e+01,2.3546824919210732e-06
4.6499444195150104e-04,-9.1893864074325504e-01,-1.2050166019324918e+01,2.3312530154414515e-06
-4.6113165588967470e-04,-9.1893863895454153e-01,-1.2060166019324924e+01,2.3080566644934915e-06
4.5206168521405273e-04,-9.1893863481322313e-01,-1.2070166019324917e+01,2.2850911264287471e-06
-4.4642355766462980e-04,-9.1893863228033590e-01,-1.2080166019324830e+01,2.2623540955529661e-06
-4.4365571863876031e-04,-9.1893863104853779e-01,-1.2090166019324926e+01,2.2398432989427814e-06
-4.3105432128383791e-04,-9.1893862553725336e-01,-1.2100166019324918e+01,2.2175564979640923e-06
4.2763671612643382e-04,-9.1893862406992000e-01,-1.2110166019324915e+01,2.1954914453602619e-06
-4.1982395760012609e-04,-9.1893862075941712e-01,-1.2120166019324907e+01,2.1736459476725236e-06
4.1855377115216209e-04,-9.1893862022696915e-01,-1.2130166019324840e+01,2.1520178102687198e-06
-4.1815749309362203e-04,-9.1893862006118399e-01,-1.2140166019324914e+01,2.1306048756348596e-06
-4.1052444496260040e-04,-9.1893861689849943e-01,-1.2150166019324926e+01,2.1094050095788161e-06
4.0422153355280759e-04,-9.1893861433086355e-01,-1.2160166019324903e+01,2.0884160844055082e-06
-3.9910019034303549e-04,-9.1893861227382045e-01,-1.2170166019324839e+01,2.0676360014181132e-06
3.9525052968373566e-04,-9.1893861074483008e-01,-1.2180166019324918e+01,2.0470626825875734e-06
-3.9487380338168335e-04,-9.1893861059599979e-01,-1.2190166019324915e+01,2.0266940688715940e-06
3.9343862028358217e-04,-9.1893861003031341e-01,-1.2200166019324913e+01,2.0065281270818160e-06
3.9301323808372342e-04,-9.1893860986304210e-01,-1.2210166019324841e+01,1.9865628389628167e-06
3.9205474827224362e-04,-9.1893860948680228e-01,-1.2220166019324921e+01,1.9667962091872414e-06
3.8723101532139404e-04,-9.1893860760726909e-01,-1.2230166019324912e+01,1.9472262635842196e-06
-3.8704245946914761e-04,-9.1893860753427214e-01,-1.2240166019324922e+01,1.9278510386742753e-06
3.8502043510784648e-04,-9.1893860675370720e-01,-1.2250166019324828e+01,1.9086686018226468e-06
3.7779507695628374e-04,-9.1893860399789951e-01,-1.2260166019324920e+01,1.8896770371241817e-06
-3.7402615642600601e-04,-9.1893860258112237e-01,-1.2270166019324909e+01,1.8708744390950503e-06
-3.7274467161040265e-04,-9.1893860210263456e-01,-1.2280166019324920e+01,1.8522589282778843e-06
-3.6945401979533092e-04,-9.1893860088147583e-01,-1.2290166019324831e+01,1.8338286462414930e-06
-3.6632878132525576e-04,-9.1893859973172753e-01,-1.2300166019324918e+01,1.8155817484231540e-06
-3.6278856142226611e-04,-9.1893859844110959e-01,-1.2310166019324921e+01,1.7975164105042707e-06
-3.5967025466337630e-04,-9.1893859731468552e-01,-1.2320166019324917e+01,1.7796308253857790e-06
3.5835434650355476e-04,-9.1893859684225832e-01,-1.2330166019324830e+01,1.7619232036406197e-06
-3.5823924566169443e-04,-9.1893859680101808e-01,-1.2340166019324917e+01,1.7443917749149843e-06
3.5777832185131947e-04,-9.1893859663600330e-01,-1.2350166019324922e+01,1.7270347870329735e-06
-3.5564787027062201e-04,-9.1893859587604332e-01,-1.2360166019324923e+01,1.7098505050804424e-06
-3.5465146054609745e-04,-9.1893859552216872e-01,-1.2370166019324918e+01,1.6928372088898824e-06
3.5206951068200303e-04,-9.1893859460980964e-01,-1.2380166019324825e+01,1.6759931987550979e-06
-3.5036969622848627e-04,-9.1893859401280154e-01,-1.2390166019324919e+01,1.6593167887826888e-06
-3.4486369158490306e-04,-9.1893859209882234e-01,-1.2400166019324923e+01,1.6428063140157976e-06
-3.4219674506950220e-04,-9.1893859118264565e-01,-1.2410166019324906e+01,1.6264601195635762e-06
-3.4094310301838778e-04,-9.1893859075443918e-01,-1.2420166019324832e+01,1.6102765716632197e-06
-3.3962627600546690e-04,-9.1893859030634317e-01,-1.2430166019324915e+01,1.5942540527795980e-06
3.3732841367207914e-04,-9.1893858952856877e-01,-1.2440166019324931e+01,1.5783909611359856e-06
3.3042829825919828e-04,-9.1893858722476962e-01,-1.2450166019324913e+01,1.5626857122640152e-06
-3.2720402928995018e-04,-9.1893858616457791e-01,-1.2460166019324825e+01,1.5471367312695853e-06
-3.2692359766287634e-04,-9.1893858607285883e-01,-1.2470166019324926e+01,1.5317424637210189e-06
3.2563845474372759e-04,-9.1893858565354103e-01,-1.2480166019324912e+01,1.5165013721894539e-06
3.2223689710266933e-04,-9.1893858455164834e-01,-1.2490166019324914e+01,1.5014119330709453e-06
3.0866633073440273e-04,-9.1893858027079134e-01,-1.2500166019324830e+01,1.4864726410894069e-06
3.0496521188912043e-04,-9.1893857913522969e-01,-1.2510166019324931e+01,1.4716819928542928e-06
3.0329076691795016e-04,-9.1893857862598416e-01,-1.2520166019324915e+01,1.4570385130990514e-06
2.9896932415165002e-04,-9.1893857732466788e-01,-1.2530166019324918e+01,1.4425407395370454e-06
2.9276012524554634e-04,-9.1893857548758495e-01,-1.2540166019324827e+01,1.4281872219788824e-06
-2.9195888123066866e-04,-9.1893857525333367e-01,-1.2550166019324916e+01,1.4139765220139800e-06
2.7711199867484044e-04,-9.1893857102886933e-01,-1.2560166019324921e+01,1.3999072264590187e-06
2.7677065129333065e-04,-9.1893857093433617e-01,-1.2570166019324910e+01,1.3859779169510451e-06
-2.7609799968766901e-04,-9.1893857074839214e-01,-1.2580166019324832e+01,1.3721872065126601e-06
2.7210568326766431e-04,-9.1893856965409093e-01,-1.2590166019324927e+01,1.3585337171671075e-06
2.7026117635753875e-04,-9.1893856915389116e-01,-1.2600166019324918e+01,1.3450160814967245e-06
-2.6960867408147484e-04,-9.1893856897775805e-01,-1.2610166019324918e+01,1.3316329481103341e-06
-2.5276598700380346e-04,-9.1893856457866152e-01,-1.2620166019324911e+01,1.3183829846912541e-06
-2.4850729077484889e-04,-9.1893856351127623e-01,-1.2630166019324916e+01,1.3052648562045231e-06
-2.4703812888181417e-04,-9.1893856314725808e-01,-1.2640166019324916e+01,1.2922772543543325e-06
-2.4468099411626337e-04,-9.1893856256773387e-01,-1.2650166019324741e+01,1.2794188815730150e-06
-2.4149588218752991e-04,-9.1893856179347000e-01,-1.2660166019324919e+01,1.2666884519774369e-06
-2.3993448512032100e-04,-9.1893856141761809e-01,-1.2670166019324922e+01,1.2540846917635966e-06
-2.3861578927569926e-04,-9.1893856110208694e-01,-1.2680166019324925e+01,1.2416063409796885e-06
2.3447803253842780e-04,-9.1893856012331332e-01,-1.2690166019324916e+01,1.2292521526720229e-06
-2.3040583900627061e-04,-9.1893855917676481e-01,-1.2700166019324916e+01,1.2170208905407140e-06
2.2896042344017426e-04,-9.1893855884477726e-01,-1.2710166019324921e+01,1.2049113307491070e-06
2.2865408173310705e-04,-9.1893855877468400e-01,-1.2720166019324909e+01,1.1929222627742732e-06
2.2671488808227125e-04,-9.1893855833315974e-01,-1.2730166019324743e+01,1.1810524884570090e-06
-2.2557893554781434e-04,-9.1893855807626756e-01,-1.2740166019324914e+01,1.1693008201460892e-06
2.2437301139401758e-04,-9.1893855780496358e-01,-1.2750166019324929e+01,1.1576660829024615e-06
2.2127850209142529e-04,-9.1893855711542716e-01,-1.2760166019324917e+01,1.1461471137049582e-06
-2.1997553155111039e-04,-9.1893855682795667e-01,-1.2770166019324918e+01,1.1347427597018851e-06
2.1793384296860466e-04,-9.1893855638091937e-01,-1.2780166019324913e+01,1.1234518810931554e-06
2.1725102664373942e-04,-9.1893855623234377e-01,-1.2790166019324912e+01,1.1122733482667243e-06
-2.1681493445648616e-04,-9.1893855613769737e-01,-1.2800166019324932e+01,1.1012060436393063e-06
2.0090145540873158e-04,-9.1893855281403691e-01,-1.2810166019324729e+01,1.0902488640525114e-06
1.9836852715810220e-04,-9.1893855230837573e-01,-1.2820166019324930e+01,1.0794007071460030e-06
-1.9780344802738714e-04,-9.1893855219644149e-01,-1.2830166019324908e+01,1.0686604907782766e-06
-1.9632309136109069e-04,-9.1893855190471752e-01,-1.2840166019324926e+01,1.0580271415379705e-06
1.9383820015698495e-04,-9.1893855141996339e-01,-1.2850166019324920e+01,1.0474995960895620e-06
1.9242864135084794e-04,-9.1893855114773049e-01,-1.2860166019324923e+01,1.0370768012431135e-06
1.9058695286446904e-04,-9.1893855079503273e-01,-1.2870166019324920e+01,1.0267577150180023e-06
1.8856097233650292e-04,-9.1893855041095962e-01,-1.2880166019324902e+01,1.0165413054446933e-06
-1.8776940559586181e-04,-9.1893855026201432e-01,-1.2890166019324923e+01,1.0064265506045628e-06
1.8456699348717251e-04,-9.1893854966582700e-01,-1.2900166019324743e+01,9.9641243970102397e-07
1.8419045908958637e-04,-9.1893854959640209e-01,-1.2910166019324922e+01,9.8649797033991119e-07
-1.8108545763871492e-04,-9.1893854902931094e-01,-1.2920166019324915e+01,9.7668215208279594e-07
1.8098021209335505e-04,-9.1893854901025807e-01,-1.2930166019324918e+01,9.6696400231377222e-07
1.8078978807945518e-04,-9.1893854897581317e-01,-1.2940166019324920e+01,9.5734254976515493e-07
-1.8034005572419709e-04,-9.1893854889460735e-01,-1.2950166019324909e+01,9.4781683231297510e-07
1.8014549326056151e-04,-9.1893854885953885e-01,-1.2960166019324920e+01,9.3838589728902243e-07
1.7585785613220690e-04,-9.1893854809633224e-01,-1.2970166019324925e+01,9.2904880231261172e-07
1.7322803818966174e-04,-9.1893854763731608e-01,-1.2980166019324731e+01,9.1980461269684825e-07
-1.7296965559680588e-04,-9.1893854759259030e-01,-1.2990166019324924e+01,9.1065240392278538e-07
-1.7262531935848994e-04,-9.1893854753308990e-01,-1.3000166019324919e+01,9.0159126116068430e-07
1.7215544483110037e-04,-9.1893854745208803e-01,-1.3010166019324913e+01,8.9262027829414713e-07
1.6926403829016322e-04,-9.1893854695849675e-01,-1.3020166019324918e+01,8.8373855856245731e-07
-1.6698915455322448e-04,-9.1893854657602836e-01,-1.3030166019324922e+01,8.7494521331712700e-07
-1.6501721658050608e-04,-9.1893854624868032e-01,-1.3040166019324923e+01,8.6623936326781141e-07
-1.6499432100261472e-04,-9.1893854624490245e-01,-1.3050166019324914e+01,8.5762013759353011e-07
-1.6158184961053920e-04,-9.1893854568768651e-01,-1.3060166019324743e+01,8.4908667511768316e-07
-1.5751710997034812e-04,-9.1893854503915939e-01,-1.3070166019324910e+01,8.4063812208393202e-07
1.5563519157428050e-04,-9.1893854474449588e-01,-1.3080166019324921e+01,8.3227363325764204e-07
-1.5443869194116489e-04,-9.1893854455899426e-01,-1.3090166019324931e+01,8.2399237239338765e-07
-1.5364469999588705e-04,-9.1893854443668643e-01,-1.3100166019324909e+01,8.1579351139845124e-07
-1.5358435146831844e-04,-9.1893854442741596e-01,-1.3110166019324923e+01,8.0767623034116324e-07
-1.5340436721118669e-04,-9.1893854439978939e-01,-1.3120166019324909e+01,7.9963971759452566e-07
1.5334953672259852e-04,-9.1893854439137967e-01,-1.3130166019324918e+01,7.9168316947034386e-07
-1.5234744371663602e-04,-9.1893854423821131e-01,-1.3140166019324919e+01,7.8380579043618126e-07
-1.5127284791561607e-04,-9.1893854407507669e-01,-1.3150166019324745e+01,7.7600679263970452e-07
1.5076067600951082e-04,-9.1893854399773023e-01,-1.3160166019324924e+01,7.6828539610045078e-07
1.4555990790069242e-04,-9.1893854322718282e-01,-1.3170166019324922e+01,7.6064082926727686e-07
1.4544263362206039e-04,-9.1893854321011925e-01,-1.3180166019324909e+01,7.5307232657175648e-07
1.4210638858092178e-04,-9.1893854273045228e-01,-1.3190166019324922e+01,7.4557913208108796e-07
-1.3845032806929716e-04,-9.1893854221758609e-01,-1.3200166019324922e+01,7.3816049614230782e-07
1.3738292658178723e-04,-9.1893854207037373e-01,-1.3210166019324912e+01,7.3081567659348672e-07
-1.3697080038485216e-04,-9.1893854201383951e-01,-1.3220166019324923e+01,7.2354393915356482e-07
1.3611309770770672e-04,-9.1893854189672719e-01,-1.3230166019324736e+01,7.1634455675323112e-07
1.3471745379391766e-04,-9.1893854170773559e-01,-1.3240166019324921e+01,7.0921680945456331e-07
-1.3242485334772133e-04,-9.1893854140151032e-01,-1.3250166019324915e+01,7.0215998450762825e-07
-1.3193501582240623e-04,-9.1893854133676367e-01,-1.3260166019324927e+01,6.9517337597209727e-07
-1.3174620929664558e-04,-9.1893854131187125e-01,-1.3270166019324918e+01,6.8825628532516236e-07
1.3027921967034473e-04,-9.1893854111967699e-01,-1.3280166019324904e+01,6.8140802099396863e-07
-1.2729621180437698e-04,-9.1893854073550219e-01,-1.3290166019324918e+01,6.7462789815959482e-07
-1.2544709732728059e-04,-9.1893854050182655e-01,-1.3300166019324930e+01,6.6791523857152404e-07
-1.2371474833703056e-04,-9.1893854028600896e-01,-1.3310166019324738e+01,6.6126937104911445e-07
1.2286626464379257e-04,-9.1893854018139898e-01,-1.3320166019324915e+01,6.5468963093896337e-07
1.2181284429889014e-04,-9.1893854005252396e-01,-1.3330166019324921e+01,6.4817536035195498e-07
1.2145927046636044e-04,-9.1893854000951669e-01,-1.3340166019324910e+01,6.4172590778436605e-07
-1.2083593927721738e-04,-9.1893853993400154e-01,-1.3350166019324929e+01,6.3534062836241085e-07
1.1835656890893983e-04,-9.1893853963747818e-01,-1.3360166019324907e+01,6.2901888367082937e-07
-1.1700670542747304e-04,-9.1893853947862403e-01,-1.3370166019324918e+01,6.2276004130231346e-07
1.1700505887356585e-04,-9.1893853947843140e-01,-1.3380166019324925e+01,6.1656347535709566e-07
1.1654512204959626e-04,-9.1893853942472226e-01,-1.3390166019324912e+01,6.1042856630589449e-07
-1.1458640986334245e-04,-9.1893853919836210e-01,-1.3400166019324752e+01,6.0435470072379303e-07
1.1399636469761443e-04,-9.1893853913092505e-01,-1.3410166019324905e+01,5.9834127101737789e-07
-1.1372592376593301e-04,-9.1893853910013235e-01,-1.3420166019324924e+01,5.9238767591425084e-07
-1.1296588565337021e-04,-9.1893853901398515e-01,-1.3430166019324915e+01,5.8649332010449065e-07
-1.1075626418401304e-04,-9.1893853876681453e-01,-1.3440166019324923e+01,5.8065761420796436e-07
-1.1045550062403231e-04,-9.1893853873354825e-01,-1.3450166019324927e+01,5.7487997443090661e-07
-1.1019222114804858e-04,-9.1893853870450226e-01,-1.3460166019324916e+01,5.6915982312758269e-07
-1.1016670742012022e-04,-9.1893853870169118e-01,-1.3470166019324919e+01,5.6349658826575076e-07
1.0867570207981896e-04,-9.1893853853854357e-01,-1.3480166019324729e+01,5.5788970362185454e-07
-1.0857258264577516e-04,-9.1893853852734231e-01,-1.3490166019324928e+01,5.5233860832726713e-07
1.0527577115133175e-04,-9.1893853817483351e-01,-1.3500166019324915e+01,5.4684274754043164e-07
1.0207950077906993e-04,-9.1893853784345170e-01,-1.3510166019324920e+01,5.4140157146875004e-07
-1.0136033665187962e-04,-9.1893853777029844e-01,-1.3520166019324925e+01,5.3601453586338315e-07
-1.0060510438706906e-04,-9.1893853769403300e-01,-1.3530166019324909e+01,5.3068110215916153e-07
-1.0046415283071486e-04,-9.1893853767986244e-01,-1.3540166019324916e+01,5.2540073697394453e-07
-9.8358028398354031e-05,-9.1893853747049037e-01,-1.3550166019324925e+01,5.2017291240164927e-07
9.7794732277618215e-05,-9.1893853741524434e-01,-1.3560166019324743e+01,5.1499710547261868e-07
9.6692399877463663e-05,-9.1893853730804953e-01,-1.3570166019324901e+01,5.0987279870904375e-07
9.5051480046607441e-05,-9.1893853715073137e-01,-1.3580166019324936e+01,5.0479947967450794e-07
-9.3387851762934712e-05,-9.1893853699398487e-01,-1.3590166019324911e+01,4.9977664100676434e-07
-9.2902471056314939e-05,-9.1893853694877403e-01,-1.3600166019324927e+01,4.9480378036282694e-07
9.0723487886640883e-05,-9.1893853674871506e-01,-1.3610166019324902e+01,4.8988040058469383e-07
8.8851631479878676e-05,-9.1893853658064573e-01,-1.3620166019324929e+01,4.8500600923735409e-07
8.8768611213473092e-05,-9.1893853657327262e-01,-1.3630166019324919e+01,4.8018011881633494e-07
8.8065759631412207e-05,-9.1893853651112845e-01,-1.3640166019324914e+01,4.7540224683331422e-07
-8.6400287308078342e-05,-9.1893853636584433e-01,-1.3650166019324736e+01,4.7067191550976802e-07
8.5964023017321480e-05,-9.1893853632824607e-01,-1.3660166019324926e+01,4.6598865171828022e-07
-8.4488073419786494e-05,-9.1893853620245669e-01,-1.3670166019324917e+01,4.6135198722071957e-07
8.0463751705541202e-05,-9.1893853587054719e-01,-1.3680166019324920e+01,4.5676145839932412e-07
-7.9980015249992095e-05,-9.1893853583174090e-01,-1.3690166019324918e+01,4.5221660596882816e-07
-7.9896892368179386e-05,-9.1893853582509621e-01,-1.3700166019324916e+01,4.4771697556102669e-07
7.8729113223979818e-05,-9.1893853573247608e-01,-1.3710166019324921e+01,4.4326211726192791e-07
7.7233874050831397e-05,-9.1893853561587513e-01,-1.3720166019324910e+01,4.3885158555365088e-07
-7.5326378597668857e-05,-9.1893853547037108e-01,-1.3730166019324745e+01,4.3448493938124242e-07
-7.5324312676768035e-05,-9.1893853547021553e-01,-1.3740166019324914e+01,4.3016174200091114e-07
-7.4642196217459633e-05,-9.1893853541906823e-01,-1.3750166019324926e+01,4.2588156117503184e-07
7.4410256904932333e-05,-9.1893853540178261e-01,-1.3760166019324920e+01,4.2164396884546716e-07
7.3860067450260872e-05,-9.1893853536099424e-01,-1.3770166019324913e+01,4.1744854127382439e-07
7.3843982194641582e-05,-9.1893853535980630e-01,-1.3780166019324914e+01,4.1329485888747232e-07
-7.3352122720946359e-05,-9.1893853532360648e-01,-1.3790166019324918e+01,4.0918250634573905e-07
-7.3028797780522029e-05,-9.1893853529994207e-01,-1.3800166019324918e+01,4.0511107239025373e-07
-7.2418146116434446e-05,-9.1893853525553337e-01,-1.3810166019324740e+01,4.0108014988780075e-07
-7.1316025144790851e-05,-9.1893853517632718e-01,-1.3820166019324924e+01,3.9708933574788715e-07
7.1173286325312314e-05,-9.1893853516615776e-01,-1.3830166019324921e+01,3.9313823084476276e-07
7.0246798589358316e-05,-9.1893853510064583e-01,-1.3840166019324919e+01,3.8922644011379925e-07
7.0151645438923092e-05,-9.1893853509396617e-01,-1.3850166019324917e+01,3.8535357232802201e-07
7.0093209889704109e-05,-9.1893853508986856e-01,-1.3860166019324911e+01,3.8151924021957184e-07
6.8102456651209948e-05,-9.1893853495231181e-01,-1.3870166019324918e+01,3.7772306040345138e-07
6.7741985824385734e-05,-9.1893853492782784e-01,-1.3880166019324918e+01,3.7396465316482069e-07
-6.7669277213409161e-05,-9.1893853492290500e-01,-1.3890166019324917e+01,3.7024364269571855e-07
-6.7246613522501194e-05,-9.1893853489439303e-01,-1.3900166019324743e+01,3.6655965690809787e-07
-6.5667960225050236e-05,-9.1893853478947995e-01,-1.3910166019324919e+01,3.6291232741902501e-07
6.5604673784988324e-05,-9.1893853478532606e-01,-1.3920166019324922e+01,3.5930128942822038e-07
-6.4451660607890097e-05,-9.1893853471034770e-01,-1.3930166019324913e+01,3.5572618189094625e-07
-6.4425310587426892e-05,-9.1893853470864983e-01,-1.3940166019324923e+01,3.5218664724195204e-07
6.4354233811284326e-05,-9.1893853470407316e-01,-1.3950166019324920e+01,3.4868233155216840e-07
6.1343085069594000e-05,-9.1893853451482654e-01,-1.3960166019324918e+01,3.4521288444982805e-07
-6.0686519902842838e-05,-9.1893853447476637e-01,-1.3970166019324919e+01,3.4177795887131424e-07
6.0097204755919282e-05,-9.1893853443917650e-01,-1.3980166019324733e+01,3.3837721137178048e-07
-6.0088868602151615e-05,-9.1893853443867557e-01,-1.3990166019324926e+01,3.3501030186324136e-07
-5.9012547500512155e-05,-9.1893853437457984e-01,-1.4000166019324912e+01,3.3167689368522474e-07
5.8941680777708068e-05,-9.1893853437040030e-01,-1.4010166019324926e+01,3.2837665345286464e-07
5.7735722307785417e-05,-9.1893853430004624e-01,-1.4020166019324920e+01,3.2510925118099147e-07
5.7412620112107888e-05,-9.1893853428144390e-01,-1.4030166019324911e+01,3.2187436008804754e-07
-5.6759758832727770e-05,-9.1893853424417460e-01,-1.4040166019324918e+01,3.1867165670516595e-07
-5.4272856356403471e-05,-9.1893853410611093e-01,-1.4050166019324914e+01,3.1550082078508191e-07
-5.3814018843011634e-05,-9.1893853408131376e-01,-1.4060166019324750e+01,3.1236153517379346e-07
-5.1916883946080011e-05,-9.1893853398102088e-01,-1.4070166019324919e+01,3.0925348599941299e-07
-5.1162059987371484e-05,-9.1893853394211766e-01,-1.4080166019324917e+01,3.0617636241198104e-07
-5.1056522241979080e-05,-9.1893853393672364e-01,-1.4090166019324920e+01,3.0312985670554117e-07
-5.0593119124798325e-05,-9.1893853391317126e-01,-1.4100166019324924e+01,3.0011366424279766e-07
5.0576871651433606e-05,-9.1893853391234948e-01,-1.4110166019324916e+01,2.9712748338968147e-07
4.9737528357209589e-05,-9.1893853387025037e-01,-1.4120166019324907e+01,2.9417101554465004e-07
4.8649902687686719e-05,-9.1893853381674595e-01,-1.4130166019324923e+01,2.9124396504938275e-07
-4.7579297559079549e-05,-9.1893853376523427e-01,-1.4140166019324921e+01,2.8834603919244397e-07
4.7403087897156757e-05,-9.1893853375686585e-01,-1.4150166019324743e+01,2.8547694816714997e-07
-4.7143215925080231e-05,-9.1893853374458090e-01,-1.4160166019324903e+01,2.8263640507553335e-07
4.6147471450530705e-05,-9.1893853369813405e-01,-1.4170166019324935e+01,2.7982412586948272e-07
-4.4547781598420824e-05,-9.1893853362559186e-01,-1.4180166019324920e+01,2.7703982931618841e-07
-1.4412554591979528e-06,-9.1893853263437808e-01,-inf,0.0000000000000000e+00
-2.9569040520380177e-06,-9.1893853263771108e-01,-inf,0.0000000000000000e+00
1.0725490926549429e-05,-9.1893853269085757e-01,-inf,0.0000000000000000e+00
-4.0535379243562963e-05,-9.1893853345489795e-01,-inf,0.0000000000000000e+00
9.2066372026260007e-06,-9.1893853267572057e-01,-inf,0.0000000000000000e+00
2.3838980854651336e-06,-9.1893853263618097e-01,-inf,0.0000000000000000e+00
3.3734678543231855e-05,-9.1893853320235375e-01,-inf,0.0000000000000000e+00
-6.4201653951510386e-06,-9.1893853265394876e-01,-inf,0.0000000000000000e+00
-1.3920690056000341e-05,-9.1893853273023229e-01,-inf,0.0000000000000000e+00
-1.3575323162128694e-05,-9.1893853272548420e-01,-inf,0.0000000000000000e+00
3.0414684144233050e-05,-9.1893853309586593e-01,-inf,0.0000000000000000e+00
5.1885477450670141e-06,-9.1893853264680003e-01,-inf,0.0000000000000000e+00
-4.1279098545627071e-05,-9.1893853348532151e-01,-inf,0.0000000000000000e+00
-1.2565760047339246e-05,-9.1893853271228865e-01,-inf,0.0000000000000000e+00
-1.5751480493590149e-05,-9.1893853275739401e-01,-inf,0.0000000000000000e+00
5.8938178595994544e-06,-9.1893853265070802e-01,-inf,0.0000000000000000e+00
-9.8960020747911867e-06,-9.1893853268230485e-01,-inf,0.0000000000000000e+00
-1.9154497000628837e-05,-9.1893853281678683e-01,-inf,0.0000000000000000e+00
3.8872166081070056e-06,-9.1893853264089465e-01,-inf,0.0000000000000000e+00
-2.9728836256130855e-05,-9.1893853307524132e-01,-inf,0.0000000000000000e+00
2.6803039379647601e-05,-9.1893853299254091e-01,-inf,0.0000000000000000e+00
8.1763111343422461e-06,-9.1893853266676551e-01,-inf,0.0000000000000000e+00
1.6314367947282702e-05,-9.1893853276641879e-01,-inf,0.0000000000000000e+00
5.4987239443342765e-07,-9.1893853263349068e-01,-inf,0.0000000000000000e+00
-2.8892508590230335e-05,-9.1893853305072803e-01,-inf,0.0000000000000000e+00
1.6847235023742475e-05,-9.1893853277525417e-01,-inf,0.0000000000000000e+00
-1.5807428788810061e-05,-9.1893853275827686e-01,-inf,0.0000000000000000e+00
-5.2888037409099282e-06,-9.1893853264732517e-01,-inf,0.0000000000000000e+00
3.2934133145202498e-05,-9.1893853317566798e-01,-inf,0.0000000000000000e+00
-3.0910662826580962e-05,-9.1893853311107399e-01,-inf,0.0000000000000000e+00
3.1270100710407696e-05,-9.1893853312224905e-01,-inf,0.0000000000000000e+00
-3.7164695437018395e-05,-9.1893853332394670e-01,-inf,0.0000000000000000e+00
3.8535363682743463e-05,-9.1893853337582654e-01,-inf,0.0000000000000000e+00
2.0638258685280504e-05,-9.1893853284630833e-01,-inf,0.0000000000000000e+00
-7.7416965043037485e-06,-9.1893853266330638e-01,-inf,0.0000000000000000e+00
1.9599786246887482e-05,-9.1893853282541527e-01,-inf,0.0000000000000000e+00
-1.7563196500204320e-05,-9.1893853278757243e-01,-inf,0.0000000000000000e+00
-4.3677218080531961e-05,-9.1893853358718913e-01,-inf,0.0000000000000000e+00
2.3547394737012144e-05,-9.1893853291057936e-01,-inf,0.0000000000000000e+00
-1.6816291699847514e-05,-9.1893853277473325e-01,-inf,0.0000000000000000e+00
-1.8957535662314775e-05,-9.1893853281303350e-01,-inf,0.0000000000000000e+00
-4.3776859561231229e-05,-9.1893853359154620e-01,-inf,0.0000000000000000e+00
-3.7381865950089894e-05,-9.1893853333204145e-01,-inf,0.0000000000000000e+00
-1.8548158186985083e-05,-9.1893853280535653e-01,-inf,0.0000000000000000e+00
-2.9399001154138899e-05,-9.1893853306549012e-01,-inf,0.0000000000000000e+00
-1.7936628836582929e-05,-9.1893853279420079e-01,-inf,0.0000000000000000e+00
-3.2109200723976720e-05,-9.1893853314883989e-01,-inf,0.0000000000000000e+00
2.5079492502346382e-05,-9.1893853294782990e-01,-inf,0.0000000000000000e+00
3.7157274632722173e-05,-9.1893853332367104e-01,-inf,0.0000000000000000e+00
-6.8459901120213079e-06,-9.1893853265677328e-01,-inf,0.0000000000000000e+00
6.0843323431139239e-06,-9.1893853265184899e-01,-inf,0.0000000000000000e+00
6.8083637297469847e-06,-9.1893853265651637e-01,-inf,0.0000000000000000e+00
3.7260277850927053e-05,-9.1893853332750364e-01,-inf,0.0000000000000000e+00
2.0047285470078016e-05,-9.1893853283428628e-01,-inf,0.0000000000000000e+00
1.9635994289833949e-05,-9.1893853282612559e-01,-inf,0.0000000000000000e+00
3.9711429120562651e-05,-9.1893853342183829e-01,-inf,0.0000000000000000e+00
3.0454971929110873e-05,-9.1893853309709217e-01,-inf,0.0000000000000000e+00
2.0875911560576228e-05,-9.1893853285124127e-01,-inf,0.0000000000000000e+00
3.5536266942938897e-05,-9.1893853326475261e-01,-inf,0.0000000000000000e+00
-1.7855869669657416e-05,-9.1893853279275550e-01,-inf,0.0000000000000000e+00
-1.4497790061451835e-06,-9.1893853263439040e-01,-inf,0.0000000000000000e+00
3.1794558438027910e-05,-9.1893853313878648e-01,-inf,0.0000000000000000e+00
3.3476785693524438e-05,-9.1893853319368701e-01,-inf,0.0000000000000000e+00
-1.7441525901170036e-06,-9.1893853263486047e-01,-inf,0.0000000000000000e+00
2.8971834057372976e-05,-9.1893853305302309e-01,-inf,0.0000000000000000e+00
4.2039217202758710e-05,-9.1893853351698740e-01,-inf,0.0000000000000000e+00
3.6113225375325883e-05,-9.1893853328542197e-01,-inf,0.0000000000000000e+00
-4.1033795313286364e-05,-9.1893853347522569e-01,-inf,0.0000000000000000e+00
-3.0309629142758589e-05,-9.1893853309267626e-01,-inf,0.0000000000000000e+00
2.9878569880507267e-05,-9.1893853307970397e-01,-inf,0.0000000000000000e+00
2.6855786969130270e-06,-9.1893853263694558e-01,-inf,0.0000000000000000e+00
1.8305807611174966e-05,-9.1893853280089077e-01,-inf,0.0000000000000000e+00
3.2158556184904135e-05,-9.1893853315042584e-01,-inf,0.0000000000000000e+00
-2.0502923960731683e-05,-9.1893853284352445e-01,-inf,0.0000000000000000e+00
9.8411818225394764e-06,-9.1893853268176384e-01,-inf,0.0000000000000000e+00
-6.3178116682560516e-06,-9.1893853265329684e-01,-inf,0.0000000000000000e+00
-1.9060751194882770e-05,-9.1893853281499560e-01,-inf,0.0000000000000000e+00
-3.1465977674143111e-05,-9.1893853312839335e-01,-inf,0.0000000000000000e+00
-3.7286841151249946e-05,-9.1893853332849373e-01,-inf,0.0000000000000000e+00
2.0792656872879312e-05,-9.1893853284950677e-01,-inf,0.0000000000000000e+00
1.7369741213805274e-05,-9.1893853278419346e-01,-inf,0.0000000000000000e+00
-7.0749309569509062e-06,-9.1893853265836678e-01,-inf,0.0000000000000000e+00
-2.2479870280664102e-07,-9.1893853263336478e-01,-inf,0.0000000000000000e+00
-2.4593299282551761e-05,-9.1893853293575467e-01,-inf,0.0000000000000000e+00
5.9472874016885100e-07,-9.1893853263351633e-01,-inf,0.0000000000000000e+00
-1.2385910398294685e-06,-9.1893853263410652e-01,-inf,0.0000000000000000e+00
-4.1785506554424946e-06,-9.1893853264206959e-01,-inf,0.0000000000000000e+00
1.8769008119162107e-05,-9.1893853280947735e-01,-inf,0.0000000000000000e+00
-3.7822838163619895e-05,-9.1893853334862297e-01,-inf,0.0000000000000000e+00
1.3594709652031602e-05,-9.1893853272574755e-01,-inf,0.0000000000000000e+00
1.4477327251653229e-05,-9.1893853273813597e-01,-inf,0.0000000000000000e+00
-2.6267714354562439e-05,-9.1893853297833583e-01,-inf,0.0000000000000000e+00
-4.4421031204403997e-05,-9.1893853361995348e-01,-inf,0.0000000000000000e+00
4.8599499732210152e-06,-9.1893853264514902e-01,-inf,0.0000000000000000e+00
2.9067332461853933e-05,-9.1893853305579443e-01,-inf,0.0000000000000000e+00
-1.8044803101057328e-06,-9.1893853263496750e-01,-inf,0.0000000000000000e+00
-1.6676928978507063e-05,-9.1893853277239945e-01,-inf,0.0000000000000000e+00
-2.2076118826204569e-05,-9.1893853287701699e-01,-inf,0.0000000000000000e+00
1.1080642963972790e-05,-9.1893853269472980e-01,-inf,0.0000000000000000e+00
-3.7730520629019896e-06,-9.1893853264045744e-01,-inf,0.0000000000000000e+00
