cmpt_0,logl,logv,weight
2.2851646633515532e+00,-3.5299273019486481e+00,-4.6101660193249021e+00,2.9160998355069420e-04
2.1421000697990529e+00,-3.2132348871498930e+00,-4.6201660193248868e+00,3.9627549011541762e-04
2.0855617343619062e+00,-3.0937224065506603e+00,-4.6301660193248999e+00,4.4213803605462718e-04
-2.0164457654481982e+00,-2.9519652951303246e+00,-4.6401660193248961e+00,5.0440486214601882e-04
1.8754452859628881e+00,-2.6775860429535490e+00,-4.6501660193249013e+00,6.5704893334338384e-04
1.7311444429966345e+00,-2.4173690738924032e+00,-4.6601660193248975e+00,8.4385060003197478e-04
1.7076533308244359e+00,-2.3769784817712347e+00,-4.6701660193249008e+00,8.6988938237390196e-04
1.6220691087023598e+00,-2.2344926293365734e+00,-4.6801660193248891e+00,9.9312040383988526e-04
-1.6212388108375169e+00,-2.2331461735162623e+00,-4.6901660193248995e+00,9.8456346985058589e-04
1.5637144945548365e+00,-2.1415400428737836e+00,-4.7001660193248913e+00,1.0682792931428202e-03
1.4905039565504892e+00,-2.0297395548796704e+00,-4.7101660193249000e+00,1.1827588342865926e-03
-1.4856336278613895e+00,-2.0224921707496364e+00,-4.7201660193248962e+00,1.1795076302597331e-03
1.4843337042892932e+00,-2.0205618054779269e+00,-4.7301660193248987e+00,1.1700277356112268e-03
1.3838866406585755e+00,-1.8765096497299780e+00,-4.7401660193249038e+00,1.3378710875305633e-03
1.3435794765148550e+00,-1.8215414374893053e+00,-4.7501660193248929e+00,1.3994059458369201e-03
-1.3292936967744131e+00,-1.8024493987754322e+00,-4.7601660193248980e+00,1.4121874156335838e-03
-1.2831426544181037e+00,-1.7421660684269080e+00,-4.7701660193248987e+00,1.4850125022314944e-03
1.2629757742256280e+00,-1.7164924357737519e+00,-4.7801660193248923e+00,1.5084714055470518e-03
-1.2430732691681925e+00,-1.6915541088935884e+00,-4.7901660193248956e+00,1.5311745961436576e-03
1.1902784206175252e+00,-1.6273198919272147e+00,-4.8001660193248954e+00,1.6165097791217818e-03
-1.1780718040655120e+00,-1.6128651204004245e+00,-4.8101660193248987e+00,1.6237270245127121e-03
-1.1748510297977817e+00,-1.6090760037417935e+00,-4.8201660193249003e+00,1.6136734983422764e-03
-1.1574143391516984e+00,-1.5887425088703209e+00,-4.8301660193249010e+00,1.6304348376190766e-03
-1.1373096115565100e+00,-1.5656751089027492e+00,-4.8401660193248999e+00,1.6518801941276921e-03
1.1249958204267299e+00,-1.5517463306221448e+00,-4.8501660193248908e+00,1.6583828305006551e-03
1.0981098264970974e+00,-1.5218611281580823e+00,-4.8601660193248915e+00,1.6916901729433337e-03
1.0979213011800604e+00,-1.5216541244257979e+00,-4.8701660193248957e+00,1.6752043121333598e-03
-1.0938660705594589e+00,-1.5172100227939351e+00,-4.8801660193249008e+00,1.6659228545218682e-03
-1.0920058766555920e+00,-1.5151769499585135e+00,-4.8901660193249050e+00,1.6527032980224558e-03
1.0885318487033036e+00,-1.5113893254540554e+00,-4.9001660193248906e+00,1.6424679105060994e-03
1.0855965284495721e+00,-1.5081984439242206e+00,-4.9101660193248922e+00,1.6313221414146995e-03
-1.0605393231433948e+00,-1.4813103606000646e+00,-4.9201660193249026e+00,1.6591059933270702e-03
-1.0575651033414455e+00,-1.4781605065361405e+00,-4.9301660193248953e+00,1.6477797127766843e-03
1.0163548268268088e+00,-1.4354270996404157e+00,-4.9401660193248880e+00,1.7026096461910762e-03
-1.0034253124888373e+00,-1.4223697115049998e+00,-4.9501660193249064e+00,1.7078231505145306e-03
-1.0019927320002360e+00,-1.4209332501239880e+00,-4.9601660193248920e+00,1.6932605835573860e-03
9.7614290155965011e-01,-1.3953660147659859e+00,-4.9701660193249033e+00,1.7198262097738700e-03
9.5567157006177172e-01,-1.3755926075455054e+00,-4.9801660193248907e+00,1.7367171783765419e-03
-9.4272475093928088e-01,-1.3633035106501041e+00,-4.9901660193248940e+00,1.7406972459199266e-03
9.3794381064244003e-01,-1.3588078285945702e+00,-5.0001660193249080e+00,1.7311422159193082e-03
9.2986301150262762e-01,-1.3512611427137073e+00,-5.0101660193248980e+00,1.7269003856773310e-03
9.1577154687695739e-01,-1.3382572956680472e+00,-5.0201660193248872e+00,1.7320955291007724e-03
-9.0643309993944909e-01,-1.3297490149662592e+00,-5.0301660193248994e+00,1.7295136549681507e-03
-9.0160855129777839e-01,-1.3253875225199789e+00,-5.0401660193249072e+00,1.7197892205726123e-03
9.0145234300554267e-01,-1.3252466959884308e+00,-5.0501660193248954e+00,1.7029168308969303e-03
-8.9600528390303869e-01,-1.3203512670244220e+00,-5.0601660193248881e+00,1.6942463194131664e-03
8.9079971114815659e-01,-1.3157005953241590e+00,-5.0701660193248976e+00,1.6852074371585021e-03
8.8221241040661991e-01,-1.3080879011710687e+00,-5.0801660193248974e+00,1.6811891299630874e-03
-8.5141315762752257e-01,-1.2813907151239738e+00,-5.0901660193249070e+00,1.7094959218832708e-03
8.2847632239028979e-01,-1.2621250410140092e+00,-5.1001660193248899e+00,1.7254091635942235e-03
8.2743922638334566e-01,-1.2612663693122743e+00,-5.1101660193248888e+00,1.7097085037578641e-03
8.1897997635621078e-01,-1.2543026334695493e+00,-5.1201660193249117e+00,1.7045252499543390e-03
8.1047804449706962e-01,-1.2473758629392364e+00,-5.1301660193248875e+00,1.6992948938832132e-03
8.0740870425042177e-01,-1.2448929404830120e+00,-5.1401660193248944e+00,1.6865690528872171e-03
-8.0602948427578203e-01,-1.2437802973942811e+00,-5.1501660193248933e+00,1.6716463218000126e-03
-7.7956797025258029e-01,-1.2228016427552033e+00,-5.1601660193249019e+00,1.6900998616145948e-03
7.7398816049441366e-01,-1.2184673689261025e+00,-5.1701660193248982e+00,1.6805512939249106e-03
7.7365027498309247e-01,-1.2182059066240467e+00,-5.1801660193248997e+00,1.6642646147329852e-03
7.6207240412142752e-01,-1.2093157071950456e+00,-5.1901660193249066e+00,1.6624186374360468e-03
-7.4703645333239210e-01,-1.1979702639370591e+00,-5.2001660193248975e+00,1.6646568327284993e-03
7.4086230121970797e-01,-1.1933770073176202e+00,-5.2101660193248884e+00,1.6556807479770465e-03
-7.3811564058112566e-01,-1.1913458820685823e+00,-5.2201660193248891e+00,1.6425392664226256e-03
7.2363925994073497e-01,-1.1807654218971266e+00,-5.2301660193248987e+00,1.6434929718140382e-03
7.1980334145654234e-01,-1.1779969578193414e+00,-5.2401660193248967e+00,1.6316508632740997e-03
-7.1266192994223432e-01,-1.1728820458278344e+00,-5.2501660193248982e+00,1.6236995424713987e-03
-6.9914630725561289e-01,-1.1633413121079195e+00,-5.2601660193248856e+00,1.6229540032361919e-03
-6.9018480489735379e-01,-1.1571160650889387e+00,-5.2701660193249014e+00,1.6168393007806303e-03
6.8934799075885200e-01,-1.1565388588149725e+00,-5.2801660193248923e+00,1.6016757114450206e-03
6.7981334077847766e-01,-1.1500116217835368e+00,-5.2901660193249151e+00,1.5961231183468673e-03
6.7119405950115252e-01,-1.1441892653881578e+00,-5.3001660193248936e+00,1.5894689937675528e-03
-6.6966041674923815e-01,-1.1431610695137211e+00,-5.3101660193248952e+00,1.5752723691869015e-03
-6.3361015338760307e-01,-1.1196694458712704e+00,-5.3201660193249030e+00,1.5966693666821777e-03
6.2092808106217978e-01,-1.1117143735591200e+00,-5.3301660193248930e+00,1.5934076294309742e-03
-6.2026241720139197e-01,-1.1113012657295962e+00,-5.3401660193248937e+00,1.5782047927210992e-03
6.1835621372411187e-01,-1.1101207361589491e+00,-5.3501660193248943e+00,1.5643470609725317e-03
-6.1676467231049314e-01,-1.1091378631384745e+00,-5.3601660193249012e+00,1.5503045515767627e-03
-6.1330020170363719e-01,-1.1070071013382006e+00,-5.3701660193248957e+00,1.5381527113493539e-03
-6.1324197701227012e-01,-1.1069713938182983e+00,-5.3801660193248910e+00,1.5229022142425315e-03
6.0880250999569219e-01,-1.1042587807218669e+00,-5.3901660193249050e+00,1.5118445761700017e-03
6.0673828169741162e-01,-1.1030042038719032e+00,-5.4001660193248888e+00,1.4986805022144788e-03
-6.0439110708025945e-01,-1.1015828377921904e+00,-5.4101660193248966e+00,1.4858788596342674e-03
6.0140232442936958e-01,-1.0997809105478638e+00,-5.4201660193249124e+00,1.4737473122360290e-03
-5.8514336095525343e-01,-1.0901349090683445e+00,-5.4301660193248917e+00,1.4732257001983566e-03
5.8304424254706477e-01,-1.0889088270169798e+00,-5.4401660193249004e+00,1.4603562789669356e-03
5.7982823012938245e-01,-1.0870389208608255e+00,-5.4501660193248966e+00,1.4485315784686223e-03
5.6958972692549104e-01,-1.0811547611428671e+00,-5.4601660193248893e+00,1.4425819061975825e-03
-5.6932963826990068e-01,-1.0810066511396075e+00,-5.4701660193248998e+00,1.4284395269166875e-03
5.6521842277056766e-01,-1.0786744653529636e+00,-5.4801660193248960e+00,1.4175284037023603e-03
-5.6258344893634871e-01,-1.0771886011418981e+00,-5.4901660193248976e+00,1.4055106075606062e-03
-5.6025500558842423e-01,-1.0758813682767820e+00,-5.5001660193248920e+00,1.3933457807488573e-03
5.5857581972315062e-01,-1.0749420058230343e+00,-5.5101660193248962e+00,1.3807782007743761e-03
-5.5656655385517695e-01,-1.0738216970684533e+00,-5.5201660193248889e+00,1.3685715923365280e-03
-5.5308566364376854e-01,-1.0718904082974734e+00,-5.5301660193248949e+00,1.3575734135946856e-03
-5.4968646486190731e-01,-1.0700161374595298e+00,-5.5401660193249169e+00,1.3465868371417729e-03
5.3068045067044800e-01,-1.0597494029952343e+00,-5.5501660193248945e+00,1.3469460661676863e-03
-5.3046873208588419e-01,-1.0596370704937423e+00,-5.5601660193249005e+00,1.3336935375953568e-03
5.2987013182281217e-01,-1.0593197109323016e+00,-5.5701660193248888e+00,1.3208421805551358e-03
5.2955811379707318e-01,-1.0591544305774965e+00,-5.5801660193249027e+00,1.3079157361808411e-03
5.1870497877336186e-01,-1.0534659601354763e+00,-5.5901660193248945e+00,1.3022887579831625e-03
5.1828533751352879e-01,-1.0532483781740958e+00,-5.6001660193248943e+00,1.2896113339739875e-03
-5.1262867339420981e-01,-1.0503326110262932e+00,-5.6101660193248959e+00,1.2805077111602921e-03
5.1110345839603721e-01,-1.0495519052255344e+00,-5.6201660193248966e+00,1.2687565856209688e-03
5.0948002159769601e-01,-1.0487234788369340e+00,-5.6301660193248981e+00,1.2571732909176362e-03
-5.0926512719052308e-01,-1.0486140175195293e+00,-5.6401660193248970e+00,1.2448004577077169e-03
5.0680786015006951e-01,-1.0473656361882857e+00,-5.6501660193248862e+00,1.2339539701729464e-03
5.0496654907137462e-01,-1.0464341404738660e+00,-5.6601660193248939e+00,1.2228144390896444e-03
-4.9524440804764608e-01,-1.0415720444845711e+00,-5.6701660193248991e+00,1.2165478482353128e-03
4.9040597806929975e-01,-1.0391875442963927e+00,-5.6801660193248944e+00,1.2073184163002688e-03
4.8781112037349017e-01,-1.0379183772133593e+00,-5.6901660193249093e+00,1.1968234027023023e-03
-4.8358401689231073e-01,-1.0358652833301909e+00,-5.7001660193248957e+00,1.1873500512559728e-03
-4.7461665742418041e-01,-1.0315690183855903e+00,-5.7101660193248964e+00,1.1805969982659787e-03
-4.7388842936900571e-01,-1.0312236543782509e+00,-5.7201660193248935e+00,1.1692536102463390e-03
-4.6882840158085426e-01,-1.0288385676977689e+00,-5.7301660193249049e+00,1.1603836601679683e-03
4.6606922909646864e-01,-1.0275487957886278e+00,-5.7401660193248940e+00,1.1503203443267948e-03
-4.6403416935153785e-01,-1.0266023877962254e+00,-5.7501660193249133e+00,1.1399528157547344e-03
-4.6331020814456547e-01,-1.0262667071188198e+00,-5.7601660193248856e+00,1.1289890119152248e-03
4.4839720829019458e-01,-1.0194685608345595e+00,-5.7701660193248978e+00,1.1253799352035348e-03
-4.4590514584313895e-01,-1.0183542321780350e+00,-5.7801660193248940e+00,1.1154244749395918e-03
-4.4227834376123543e-01,-1.0167435993134302e+00,-5.7901660193249018e+00,1.1061059125823580e-03
4.4181997541559165e-01,-1.0165409779714565e+00,-5.8001660193249007e+00,1.0953218879690444e-03
-4.3956892532382530e-01,-1.0155489526885109e+00,-5.8101660193248863e+00,1.0854995621446999e-03
4.2398056344273072e-01,-1.0088182917219473e+00,-5.8201660193248959e+00,1.0819564909617153e-03
-4.1392269722071301e-01,-1.0046045322705746e+00,-5.8301660193249027e+00,1.0757141078236126e-03
4.1311791141027265e-01,-1.0042717369973324e+00,-5.8401660193248812e+00,1.0653650630802142e-03
-4.1063968937630912e-01,-1.0032510098788754e+00,-5.8501660193249023e+00,1.0558416799751631e-03
-4.0252073332220850e-01,-9.9995000301046377e-01,-5.8601660193249074e+00,1.0487922422432593e-03
3.9280771888959604e-01,-9.9608748464296337e-01,-5.8701660193248939e+00,1.0423750120803629e-03
-3.9250466947602020e-01,-9.9596849041357938e-01,-5.8801660193248937e+00,1.0321260171475182e-03
-3.9182084735705119e-01,-9.9570032084513826e-01,-5.8901660193248944e+00,1.0221302591656603e-03
-3.9106826349889157e-01,-9.9540572599135868e-01,-5.9001660193248942e+00,1.0122580552500648e-03
3.8915764135387754e-01,-9.9466036754539600e-01,-5.9101660193248859e+00,1.0029331855069641e-03
-3.8609709179011231e-01,-9.9347401477773067e-01,-5.9201660193248999e+00,9.9413252613564937e-04
-3.8492818498740822e-01,-9.9302338643218968e-01,-5.9301660193249086e+00,9.8468436895039670e-04
3.7570489549211084e-01,-9.8951561688170842e-01,-5.9401660193248942e+00,9.7831227802994873e-04
-3.7260453197971982e-01,-9.8835560125925248e-01,-5.9501660193249002e+00,9.6970212565224113e-04
3.6865337336781839e-01,-9.8689118748107552e-01,-5.9601660193248973e+00,9.6146037368006543e-04
3.6647210701908906e-01,-9.8608943524484483e-01,-5.9701660193248847e+00,9.5265717203104055e-04
-3.6629716505659538e-01,-9.8602533919758883e-01,-5.9801660193249111e+00,9.4323853071318444e-04
3.6626275103457478e-01,-9.8601273403104694e-01,-5.9901660193249064e+00,9.3386492196708033e-04
3.6315873117183650e-01,-9.8488066464650859e-01,-6.0001660193248911e+00,9.2562008399166133e-04
-3.6153882322974740e-01,-9.8429369298451475e-01,-6.0101660193249042e+00,9.1694807487650897e-04
-3.5599084312694351e-01,-9.8230327282845553e-01,-6.0201660193248863e+00,9.0963304034160611e-04
-3.5328169087922717e-01,-9.8134250918858235e-01,-6.0301660193249038e+00,9.0144770262386891e-04
-3.4726010571954191e-01,-9.7923332314551315e-01,-6.0401660193248912e+00,8.9436253713501810e-04
-3.4512447589976175e-01,-9.7849398456588210e-01,-6.0501660193248936e+00,8.8611838058086953e-04
-3.4472630375083940e-01,-9.7835664488219742e-01,-6.0601660193249005e+00,8.7742185194110054e-04
-3.4456411663814568e-01,-9.7830074787065224e-01,-6.0701660193248959e+00,8.6873991725020850e-04
3.4155274574077282e-01,-9.7726767169486994e-01,-6.0801660193248939e+00,8.6098481426086671e-04
3.3239712000487442e-01,-9.7418245532710690e-01,-6.0901660193248954e+00,8.5505182686177318e-04
3.3179181394524027e-01,-9.7398143653387592e-01,-6.1001660193248943e+00,8.4671410737339689e-04
3.2476443110711112e-01,-9.7167450048950221e-01,-6.1101660193249021e+00,8.4022527310423486e-04
-3.1981933710329424e-01,-9.7008073682593476e-01,-6.1201660193248895e+00,8.3319174505076387e-04
-3.0779518117335536e-01,-9.6630746941010881e-01,-6.1301660193249070e+00,8.2801980172760763e-04
-3.0689376345813357e-01,-9.6603042365808789e-01,-6.1401660193248890e+00,8.2000801531203213e-04
3.0277785594430418e-01,-9.6477574765845442e-01,-6.1501660193248942e+00,8.1286804571472726e-04
3.0241328636527082e-01,-9.6466543051846110e-01,-6.1601660193248957e+00,8.0486865943106057e-04
3.0014305013219844e-01,-9.6398145790466916e-01,-6.1701660193249035e+00,7.9740529936851918e-04
-2.9683171606880987e-01,-9.6299306646551674e-01,-6.1801660193248864e+00,7.9025167618378090e-04
2.9562381167501639e-01,-9.6263525164797226e-01,-6.1901660193249004e+00,7.8266854092979687e-04
2.9152297446875036e-01,-9.6143135495489329e-01,-6.2001660193248940e+00,7.7581429710061147e-04
-2.8894722348026830e-01,-9.6068378161181756e-01,-6.2101660193249044e+00,7.6866923775847083e-04
2.8884447357947735e-01,-9.6065409759204212e-01,-6.2201660193248891e+00,7.6104344154416428e-04
2.8122838365284986e-01,-9.5848323451933670e-01,-6.2301660193249182e+00,7.5510839170749358e-04
2.7095790263348907e-01,-9.5564762513310919e-01,-6.2401660193248949e+00,7.4971783332394046e-04
-2.5933452503297311e-01,-9.5256573057037830e-01,-6.2501660193249009e+00,7.4454910582039385e-04
2.5621439927687090e-01,-9.5176144183174338e-01,-6.2601660193249007e+00,7.3773383089906490e-04
2.5393937744117484e-01,-9.5118113634094514e-01,-6.2701660193248960e+00,7.3081723085541219e-04
-2.5205268912322820e-01,-9.5070381168046481e-01,-6.2801660193248861e+00,7.2389092644801470e-04
-2.5046754404007998e-01,-9.5030552794207412e-01,-6.2901660193248929e+00,7.1697359344631963e-04
2.4449366124874006e-01,-9.4882710782874624e-01,-6.3001660193249061e+00,7.1088980425658291e-04
2.4249054468000913e-01,-9.4833936476294323e-01,-6.3101660193248987e+00,7.0415969778420530e-04
-2.4191179194801138e-01,-9.4819919017508847e-01,-6.3201660193248861e+00,6.9725092173491892e-04
-2.3958715368877209e-01,-9.4763953473968310e-01,-6.3301660193249081e+00,6.9069960478485763e-04
-2.3686306082403502e-01,-9.4699058742480469e-01,-6.3401660193248830e+00,6.8427094062420586e-04
2.3675903055924191e-01,-9.4696595190901545e-01,-6.3501660193249094e+00,6.7747902084389652e-04
-2.3470100741423650e-01,-9.4648081407396822e-01,-6.3601660193248941e+00,6.7106347127714302e-04
-2.3224335767945387e-01,-9.4590702122645287e-01,-6.3701660193248877e+00,6.6476760765908616e-04
2.2754260527196590e-01,-9.4482635124031633e-01,-6.3801660193248928e+00,6.5886469015204998e-04
2.2678308067517522e-01,-9.4465381547360094e-01,-6.3901660193248988e+00,6.5242143327016576e-04
2.2638677101338534e-01,-9.4456401767827292e-01,-6.4001660193248995e+00,6.4598773721370251e-04
-2.2196309319012769e-01,-9.4357234000260415e-01,-6.4101660193248904e+00,6.4019460384161274e-04
-2.2025950568385877e-01,-9.4319565755538837e-01,-6.4201660193248964e+00,6.3406335665950470e-04
2.1978696862660302e-01,-9.4309168842237512e-01,-6.4301660193248935e+00,6.2781959131266566e-04
-2.1867715556380235e-01,-9.4284838181607722e-01,-6.4401660193249013e+00,6.2172393314285077e-04
2.1254118042615211e-01,-9.4152540932181050e-01,-6.4501660193249020e+00,6.1635255497329792e-04
-2.1164396733647250e-01,-9.4133511708830042e-01,-6.4601660193249000e+00,6.1033587570939372e-04
2.1084632511307477e-01,-9.4116661904018373e-01,-6.4701660193248838e+00,6.0436475798036123e-04
-2.1023623805193503e-01,-9.4103817052845440e-01,-6.4801660193249280e+00,5.9842809042335101e-04
2.0500698595250993e-01,-9.3995246477800576e-01,-6.4901660193248931e+00,5.9311723278074986e-04
-2.0150435725206800e-01,-9.3924053562912402e-01,-6.5001660193248920e+00,5.8763382247169042e-04
1.9995259739650373e-01,-9.3892905323614362e-01,-6.5101660193248971e+00,5.8196801280403852e-04
1.9665937655446436e-01,-9.3827598782673483e-01,-6.5201660193249014e+00,5.7655373870566472e-04
-1.9250362601984713e-01,-9.3746735564873407e-01,-6.5301660193248852e+00,5.7127870076782315e-04
1.8999513677690205e-01,-9.3698760863277630e-01,-6.5401660193249009e+00,5.6586579003518682e-04
1.8960813641447372e-01,-9.3691415533062428e-01,-6.5501660193249043e+00,5.6027648399512649e-04
1.8737954690826397e-01,-9.3649407993311262e-01,-6.5601660193248890e+00,5.5493470529391126e-04
1.8554666984949031e-01,-9.3615231597945736e-01,-6.5701660193248967e+00,5.4960081437138177e-04
-1.8131449675202205e-01,-9.3537600599955895e-01,-6.5801660193249019e+00,5.4455477415509890e-04
-1.7944655478722515e-01,-9.3503906564584172e-01,-6.5901660193248821e+00,5.3931805102383219e-04
-1.7547861795393183e-01,-9.3433490531285046e-01,-6.6001660193249112e+00,5.3432786680271849e-04
1.7520136049544338e-01,-9.3428629099306659e-01,-6.6101660193249039e+00,5.2903693384112203e-04
-1.6374923142594405e-01,-9.3234543802963321e-01,-6.6201660193248770e+00,5.2479048177815960e-04
-1.6352217555167969e-01,-9.3230828358191664e-01,-6.6301660193249310e+00,5.1958803388539490e-04
1.6321246026407818e-01,-9.3225768622606608e-01,-6.6401660193248597e+00,5.1444407541777714e-04
1.6303228268012648e-01,-9.3222829523128581e-01,-6.6501660193249164e+00,5.0934024113696483e-04
1.6292007595566987e-01,-9.3221000820804012e-01,-6.6601660193248859e+00,5.0428144278157592e-04
-1.6271405804246430e-01,-9.3217646497566264e-01,-6.6701660193249168e+00,4.9928050578982252e-04
-1.5689131190987501e-01,-9.3124597450974034e-01,-6.6801660193248669e+00,4.9477274895333976e-04
1.5476944468101972e-01,-9.3091532313677505e-01,-6.6901660193249173e+00,4.9001167409403932e-04
1.5476190998104664e-01,-9.3091415702383029e-01,-6.7001660193248824e+00,4.8513654219564412e-04
-1.5205588161015524e-01,-9.3049902819946029e-01,-6.7101660193249124e+00,4.8050878459550092e-04
-1.5152855097778961e-01,-9.3041898351405372e-01,-6.7201660193248767e+00,4.7576572329734493e-04
1.5052868414876042e-01,-9.3026797500911806e-01,-6.7301660193249155e+00,4.7110291042910227e-04
1.4924616491742931e-01,-9.3007574150461969e-01,-6.7401660193248771e+00,4.6650502742639192e-04
-1.4910706846468205e-01,-9.3005499156640514e-01,-6.7501660193249133e+00,4.6187280857944353e-04
1.4871406524709629e-01,-9.2999646923449830e-01,-6.7601660193248811e+00,4.5730385905248946e-04
1.4853149262144888e-01,-9.2996933478351718e-01,-6.7701660193249182e+00,4.5276589501505826e-04
-1.4742283341934437e-01,-9.2980527854003336e-01,-6.7801660193248727e+00,4.4833434510244781e-04
-1.4606355173781616e-01,-9.2960581320647229e-01,-6.7901660193249160e+00,4.4396189000794054e-04
1.4593197543651182e-01,-9.2958660336074084e-01,-6.8001660193248785e+00,4.3955283905447272e-04
-1.4558762055387311e-01,-9.2953641026260869e-01,-6.8101660193249165e+00,4.3520105877108698e-04
1.4534429608722546e-01,-9.2950101483588499e-01,-6.8201660193248683e+00,4.3088598700726519e-04
1.4372788132201011e-01,-9.2926738456799640e-01,-6.8301660193249196e+00,4.2669827778996371e-04
-1.4297216427994930e-01,-9.2915905251278585e-01,-6.8401660193248786e+00,4.2249832661997753e-04
-1.4259573180603580e-01,-9.2910530399798896e-01,-6.8501660193249103e+00,4.1831688133625561e-04
1.4184585572997238e-01,-9.2899865602722353e-01,-6.8601660193249190e+00,4.1419872992004553e-04
-1.4180006363176903e-01,-9.2899216165632637e-01,-6.8701660193248753e+00,4.1008004689974971e-04
1.4131075942719395e-01,-9.2892289799828465e-01,-6.8801660193249150e+00,4.0602780425399402e-04
-1.4123941465384657e-01,-9.2891281875922005e-01,-6.8901660193248739e+00,4.0199181185037743e-04
-1.3841183152246239e-01,-9.2851745018604070e-01,-6.9001660193249190e+00,3.9814931110150294e-04
1.3598263032147331e-01,-9.2818417050791269e-01,-6.9101660193248833e+00,3.9431905589430147e-04
-1.3564450472430864e-01,-9.2813824846429094e-01,-6.9201660193249088e+00,3.9041344390382135e-04
-1.3444779383580274e-01,-9.2797663726699675e-01,-6.9301660193248731e+00,3.8659123765495543e-04
-1.3313483065634513e-01,-9.2780097420028629e-01,-6.9401660193249235e+00,3.8281183056331955e-04
1.3169385723021851e-01,-9.2761016864942603e-01,-6.9501660193248753e+00,3.7907511194198963e-04
-1.3159723980263982e-01,-9.2759744939517619e-01,-6.9601660193249106e+00,3.7530802516443681e-04
1.3103581664313774e-01,-9.2752372525500648e-01,-6.9701660193248811e+00,3.7160104287631518e-04
-1.2971033811937105e-01,-9.2735091854086027e-01,-6.9801660193249200e+00,3.6796713241793563e-04
1.2886688613066122e-01,-9.2724186980384582e-01,-6.9901660193248638e+00,3.6434552752891787e-04
1.2804350545046708e-01,-9.2713610227736132e-01,-7.0001660193249240e+00,3.6075838346132398e-04
1.2801680871478568e-01,-9.2713268429009843e-01,-7.0101660193248723e+00,3.5716999836993973e-04
1.2716356565599873e-01,-9.2702381884851326e-01,-7.0201660193249227e+00,3.5365459617448745e-04
-1.2579419919147744e-01,-9.2685062290845199e-01,-7.0301660193248745e+00,3.5019632147621440e-04
1.2333326697138806e-01,-9.2654408000425725e-01,-7.0401660193249143e+00,3.4681810819386271e-04
1.2283691686482212e-01,-9.2648298670576712e-01,-7.0501660193248732e+00,3.4338818843482647e-04
1.2052643255399548e-01,-9.2620184310543585e-01,-7.0601660193249218e+00,3.4006701309724529e-04
-1.1945063206099010e-01,-9.2607275938322453e-01,-7.0701660193248737e+00,3.3672675291790280e-04
1.1873881664553057e-01,-9.2598798592252995e-01,-7.0801660193249205e+00,3.3340452840295641e-04
-1.1851743986512892e-01,-9.2596172440943170e-01,-7.0901660193248635e+00,3.3009576661705752e-04
1.1765978326407017e-01,-9.2586044493221342e-01,-7.1001660193249299e+00,3.2684435981014182e-04
-1.1426422225116994e-01,-9.2546668887667183e-01,-7.1101660193249048e+00,3.2371964557055966e-04
1.1345533702937285e-01,-9.2537458938356376e-01,-7.1201660193248903e+00,3.2052810039468176e-04
1.1330072198045529e-01,-9.2535705943398572e-01,-7.1301660193249061e+00,3.1734435548947716e-04
-1.1242753413559103e-01,-9.2525850784924424e-01,-7.1401660193248810e+00,3.1421769151919856e-04
-1.0934077923664531e-01,-9.2491623563537784e-01,-7.1501660193249181e+00,3.1119766933848696e-04
1.0912058325893698e-01,-9.2489218347872482e-01,-7.1601660193248691e+00,3.0810861137917908e-04
1.0544560575225738e-01,-9.2449792051956969e-01,-7.1701660193249195e+00,3.0516317029250726e-04
1.0511656508658107e-01,-9.2446327876114021e-01,-7.1801660193248802e+00,3.0213721239751398e-04
-1.0297513288516223e-01,-9.2424047162969791e-01,-7.1901660193249199e+00,2.9919755282608056e-04
-1.0278628841170528e-01,-9.2422104317606657e-01,-7.2001660193248691e+00,2.9622624259554540e-04
1.0133235095300411e-01,-9.2407265530817084e-01,-7.2101660193249142e+00,2.9332226447011263e-04
-1.0044082691777048e-01,-9.2398271248930219e-01,-7.2201660193248784e+00,2.9042978007196691e-04
1.0005663928081429e-01,-9.2394419816542495e-01,-7.2301660193249093e+00,2.8755103009628650e-04
9.8785020804561613e-02,-9.2381777280101829e-01,-7.2401660193248807e+00,2.8472584383445765e-04
-9.8207775634675434e-02,-9.2376091623089485e-01,-7.2501660193249204e+00,2.8190880226431909e-04
9.6856006762389243e-02,-9.2362907565631747e-01,-7.2601660193248732e+00,2.7914056244047423e-04
-9.6673473441725832e-02,-9.2361141286698345e-01,-7.2701660193249209e+00,2.7636794882257679e-04
9.5199503598312973e-02,-9.2347000537602209e-01,-7.2801660193248701e+00,2.7365673616194835e-04
9.4961002067418213e-02,-9.2344732859016354e-01,-7.2901660193249196e+00,2.7093995011902934e-04
9.3900832148597929e-02,-9.2334721577243906e-01,-7.3001660193248741e+00,2.6827090858359929e-04
9.3573646267384944e-02,-9.2331654627122628e-01,-7.3101660193249165e+00,2.6560971443546097e-04
9.2674834786648633e-02,-9.2323284513470583e-01,-7.3201660193248701e+00,2.6298886516470249e-04
-9.0935333960229903e-02,-9.2307315011456870e-01,-7.3301660193249187e+00,2.6041366567934501e-04
9.0384144429899199e-02,-9.2302317941550194e-01,-7.3401660193248670e+00,2.5783539030464672e-04
8.8249532392491253e-02,-9.2283252261708615e-01,-7.3501660193249228e+00,2.5531855888464433e-04
-8.7789373585967265e-02,-9.2279201969064772e-01,-7.3601660193249163e+00,2.5278833523682207e-04
-8.7674820433711109e-02,-9.2278196970238124e-01,-7.3701660193248806e+00,2.5027556452880158e-04
-8.6521133796097049e-02,-9.2268148593002053e-01,-7.3801660193249123e+00,2.4781018070397143e-04
8.6343808847677117e-02,-9.2266615929650153e-01,-7.3901660193248775e+00,2.4534818854028034e-04
-8.5251620825063892e-02,-9.2257245205998972e-01,-7.4001660193249128e+00,2.4292969647892425e-04
8.4921353257957272e-02,-9.2254435075292085e-01,-7.4101660193248815e+00,2.4051926442244170e-04
8.4541818518419271e-02,-9.2251219217254010e-01,-7.4201660193249213e+00,2.3813371567400348e-04
-8.3153137346335476e-02,-9.2239575475860869e-01,-7.4301660193248713e+00,2.3579169899045629e-04
8.2859033033495316e-02,-9.2237134231096241e-01,-7.4401660193249155e+00,2.3345123143132582e-04
8.1103361717908828e-02,-9.2222741027431243e-01,-7.4501660193248709e+00,2.3116162203588091e-04
-7.9046890293793526e-02,-9.2206273806589900e-01,-7.4601660193249204e+00,2.2889921570180187e-04
-7.8571674417687865e-02,-9.2202528664373906e-01,-7.4701660193248687e+00,2.2663011791218118e-04
7.8292491584073448e-02,-9.2200338975256058e-01,-7.4801660193249200e+00,2.2438002373266833e-04
-7.6955298794955759e-02,-9.2189959163964996e-01,-7.4901660193248718e+00,2.2217046487137514e-04
-7.6670325009617235e-02,-9.2187770200187968e-01,-7.5001660193249187e+00,2.1996464670361043e-04
7.6241662880967273e-02,-9.2184492821276698e-01,-7.5101660193248811e+00,2.1778309936002128e-04
-7.5419449640110603e-02,-9.2178257932534802e-01,-7.5201660193249156e+00,2.1562956515913383e-04
7.4916626739263331e-02,-9.2174478311433450e-01,-7.5301660193248807e+00,2.1349208417658600e-04
-7.3936570177879343e-02,-9.2167184083817366e-01,-7.5401660193249151e+00,2.1138322065671557e-04
-7.1404678837626495e-02,-9.2148784671329176e-01,-7.5501660193248670e+00,2.0931843228742654e-04
-7.0968767729645055e-02,-9.2145681562987158e-01,-7.5601660193249183e+00,2.0724210993421544e-04
7.0750056154092106e-02,-9.2144131785624306e-01,-7.5701660193248737e+00,2.0518319634429475e-04
7.0672775161373241e-02,-9.2143585320784449e-01,-7.5801660193249241e+00,2.0314269952917622e-04
7.0643463141007792e-02,-9.2143378207561688e-01,-7.5901660193248759e+00,2.0112181244566385e-04
7.0247814506504053e-02,-9.2140591035480957e-01,-7.6001660193249183e+00,1.9912616688673806e-04
-7.0186128626018973e-02,-9.2140157895909347e-01,-7.6101660193249154e+00,1.9714568233543923e-04
-6.9795148109986660e-02,-9.2137421398318697e-01,-7.6201660193248788e+00,1.9518939130048305e-04
-6.9678764601949272e-02,-9.2136609775156642e-01,-7.6301660193249159e+00,1.9324879285223572e-04
-6.8465096713705126e-02,-9.2128226736734797e-01,-7.6401660193248722e+00,1.9134197483454678e-04
-6.8406964076699772e-02,-9.2127828900043496e-01,-7.6501660193249155e+00,1.8943884402990236e-04
6.7952910663330757e-02,-9.2124733166714878e-01,-7.6601660193248744e+00,1.8755970229578870e-04
-6.7569989679765061e-02,-9.2122138438600121e-01,-7.6701660193249159e+00,1.8569827037870029e-04
-6.7101669251120238e-02,-9.2118984964148287e-01,-7.6801660193248740e+00,1.8385633948722564e-04
-6.6997129490227542e-02,-9.2118284031330466e-01,-7.6901660193249164e+00,1.8202821423407017e-04
6.5744108196554601e-02,-9.2109967651461966e-01,-7.7001660193248771e+00,1.8023199139391050e-04
6.5342001113975562e-02,-9.2107332118812890e-01,-7.7101660193249213e+00,1.7844335598674892e-04
-6.5110601291378939e-02,-9.2105822783360192e-01,-7.7201660193248687e+00,1.7667048145842115e-04
-6.4400271433471823e-02,-9.2101223011369193e-01,-7.7301660193249209e+00,1.7492062656122831e-04
6.3887890829418245e-02,-9.2097936393065527e-01,-7.7401660193248754e+00,1.7318582910987599e-04
6.2967439664451036e-02,-9.2092098186228766e-01,-7.7501660193249249e+00,1.7147261195146654e-04
-6.2821384475363923e-02,-9.2091179580704019e-01,-7.7601660193248740e+00,1.6976799044607032e-04
-6.2101516387432491e-02,-9.2086683180214879e-01,-7.7701660193249085e+00,1.6808632838163540e-04
6.1661154454065989e-02,-9.2083958161764357e-01,-7.7801660193248710e+00,1.6641837633942446e-04
6.1090975283645724e-02,-9.2080458626389294e-01,-7.7901660193249276e+00,1.6476825185001215e-04
-6.0794315274145361e-02,-9.2078650701816556e-01,-7.8001660193248776e+00,1.6313172962321911e-04
-6.0186809094488258e-02,-9.2074975862782771e-01,-7.8101660193249041e+00,1.6151447708067022e-04
6.0028460044460524e-02,-9.2074024064099413e-01,-7.8201660193248710e+00,1.5990890318539846e-04
-5.9882976508191389e-02,-9.2073151807107978e-01,-7.8301660193249258e+00,1.5831916395766060e-04
5.9286454583243969e-02,-9.2069597448186502e-01,-7.8401660193248759e+00,1.5674943329405038e-04
-5.9084705668926096e-02,-9.2068403385533126e-01,-7.8501660193249148e+00,1.5519160344695934e-04
-5.8243497109848552e-02,-9.2063468511113189e-01,-7.8601660193249234e+00,1.5365500368630451e-04
-5.7462228841665020e-02,-9.2058948650506545e-01,-7.8701660193248681e+00,1.5213298689791159e-04
-5.7270193531605972e-02,-9.2057847016691330e-01,-7.8801660193249283e+00,1.5062089766763463e-04
-5.6872840027505034e-02,-9.2055579259973652e-01,-7.8901660193248713e+00,1.4912557646193313e-04
-5.6586419607903553e-02,-9.2053954407536032e-01,-7.9001660193249208e+00,1.4764415116397768e-04
-5.6501525429639932e-02,-9.2053474382127765e-01,-7.9101660193248717e+00,1.4617576899308816e-04
5.5502701159180531e-02,-9.2047880755132216e-01,-7.9201660193249150e+00,1.4472939118563794e-04
5.5101874898993930e-02,-9.2045664094203161e-01,-7.9301660193248669e+00,1.4329248595531285e-04
5.4364945774009243e-02,-9.2041630629784499e-01,-7.9401660193249226e+00,1.4187242415589950e-04
-5.4328534370955806e-02,-9.2041432745678753e-01,-7.9501660193248807e+00,1.4046104789895903e-04
-5.3969807869707211e-02,-9.2039490271408597e-01,-7.9601660193249080e+00,1.3906613841831582e-04
5.3531501684021626e-02,-9.2037134346961269e-01,-7.9701660193248740e+00,1.3768565095289827e-04
5.3214882489348532e-02,-9.2035444449251702e-01,-7.9801660193249182e+00,1.3631795945016697e-04
-5.3078550045805889e-02,-9.2034719887082206e-01,-7.9901660193248674e+00,1.3496255097471510e-04
-5.2505172862088612e-02,-9.2031692922197839e-01,-8.0001660193249204e+00,1.3362369583600736e-04
5.1073725103794543e-02,-9.2024279533132847e-01,-8.0101660193248758e+00,1.3230392568860290e-04
-5.0794515964537157e-02,-9.2022857405937530e-01,-8.0201660193249342e+00,1.3098934245417193e-04
5.0723931789586618e-02,-9.2022499126143675e-01,-8.0301660193248718e+00,1.2968644135915634e-04
5.0238486650880876e-02,-9.2020048540382482e-01,-8.0401660193249018e+00,1.2839918620077069e-04
-4.9690507052435599e-02,-9.2017310587890355e-01,-8.0501660193248856e+00,1.2712507352807381e-04
-4.9200964567962413e-02,-9.2014890009054839e-01,-8.0601660193249156e+00,1.2586320449303352e-04
-4.8965441477697241e-02,-9.2013733986289237e-01,-8.0701660193248692e+00,1.2461228522153068e-04
-4.7292441257919871e-02,-9.2005682013340639e-01,-8.0801660193249205e+00,1.2338230657666345e-04
4.7015393287109936e-02,-9.2004375623631030e-01,-8.0901660193248794e+00,1.2215622793978719e-04
4.6790449175113394e-02,-9.2003320570034386e-01,-8.1001660193249148e+00,1.2094202915970481e-04
4.6545907651040913e-02,-9.2002179339286905e-01,-8.1101660193249181e+00,1.1974000236477884e-04
-4.6493034760615143e-02,-9.2001933377396539e-01,-8.1201660193248699e+00,1.1854886101904112e-04
-4.6240689803233370e-02,-9.2000763333007884e-01,-8.1301660193249230e+00,1.1737065342375897e-04
4.5961091934974566e-02,-9.1999474361926703e-01,-8.1401660193248695e+00,1.1620429373931805e-04
-4.5809202203663697e-02,-9.1998777413660759e-01,-8.1501660193249172e+00,1.1504884352567151e-04
-4.5397868651837640e-02,-9.1996901587240421e-01,-8.1601660193248744e+00,1.1390622506865424e-04
-4.4599122996815385e-02,-9.1993307351938203e-01,-8.1701660193249168e+00,1.1277689258625311e-04
-4.3968355231996596e-02,-9.1990514076424301e-01,-8.1801660193248757e+00,1.1165786262394870e-04
-4.3881847013675424e-02,-9.1990134088200526e-01,-8.1901660193249164e+00,1.1054726839342691e-04
4.3015794936967743e-02,-9.1986371194036909e-01,-8.2001660193248807e+00,1.0945142315806762e-04
-4.2717950727247447e-02,-9.1985094429050729e-01,-8.2101660193249213e+00,1.0836374684279538e-04
-4.2537261204650678e-02,-9.1984324192873579e-01,-8.2201660193248713e+00,1.0728633590114176e-04
-4.2265908574152120e-02,-9.1983173614713876e-01,-8.2301660193249120e+00,1.0622004116004244e-04
-4.1786489758635914e-02,-9.1981158799651375e-01,-8.2401660193248798e+00,1.0516525295534460e-04
-4.1467011981633953e-02,-9.1979828917468198e-01,-8.2501660193249204e+00,1.0412022587174947e-04
-4.0946445612295213e-02,-9.1977683833747981e-01,-8.2601660193248634e+00,1.0308642358063045e-04
4.0362465731932848e-02,-9.1975309695332019e-01,-8.2701660193249236e+00,1.0206311961876090e-04
-4.0292070604172156e-02,-9.1975025811012523e-01,-8.2801660193248807e+00,1.0104786146910666e-04
3.9674223945052184e-02,-9.1972555465616057e-01,-8.2901660193249125e+00,1.0004488987199976e-04
3.8784874396387684e-02,-9.1969066587431125e-01,-8.3001660193248803e+00,9.9052882359350339e-05
3.8312479217309056e-02,-9.1967245566522782e-01,-8.3101660193249103e+00,9.8069075554357840e-05
-3.7713323240431570e-02,-9.1964968000825809e-01,-8.3201660193248763e+00,9.7095483336768793e-05
-3.6898493706030530e-02,-9.1961928205222643e-01,-8.3301660193249134e+00,9.6132289316048936e-05
-3.6599860947355740e-02,-9.1960830754402234e-01,-8.3401660193248848e+00,9.5176801568141978e-05
-3.5142617098368571e-02,-9.1955603440160072e-01,-8.3501660193249077e+00,9.4234702384588228e-05
3.4587215464287495e-02,-9.1953667037012599e-01,-8.3601660193249305e+00,9.3298858053793735e-05
-3.4505196314114965e-02,-9.1953383691967727e-01,-8.3701660193248717e+00,9.2370780632810155e-05
-3.4338851129298242e-02,-9.1952811098177956e-01,-8.3801660193249141e+00,9.1452199656907385e-05
-3.3708677995472239e-02,-9.1950667011944065e-01,-8.3901660193248748e+00,9.0544176390730112e-05
-3.2969223791007550e-02,-9.1948201749203029e-01,-8.4001660193249243e+00,8.9645456751396795e-05
3.2754645414307962e-02,-9.1947496603144796e-01,-8.4101660193248691e+00,8.8754095396892125e-05
3.2523188387548183e-02,-9.1946741152478539e-01,-8.4201660193249168e+00,8.7871641216638271e-05
-3.2417501735082593e-02,-9.1946397984271155e-01,-8.4301660193248740e+00,8.6997602325403008e-05
-3.2286093441354066e-02,-9.1945972854819136e-01,-8.4401660193249217e+00,8.6132327891952571e-05
-3.2190480211235696e-02,-9.1945664614145439e-01,-8.4501660193248753e+00,8.5275559763415225e-05
3.1542670103591602e-02,-9.1943600265197145e-01,-8.4601660193249177e+00,8.4428796653619008e-05
3.1461399010171642e-02,-9.1943344244717806e-01,-8.4701660193248607e+00,8.3588930095068265e-05
3.0991086258386286e-02,-9.1941875634707682e-01,-8.4801660193249297e+00,8.2758421733428422e-05
3.0006941129619574e-02,-9.1938874089131772e-01,-8.4901660193248638e+00,8.1937421030656314e-05
2.9618312339101376e-02,-9.1937715484624771e-01,-8.5001660193249293e+00,8.1123069959331435e-05
-2.9184269308461984e-02,-9.1936439342087384e-01,-8.5101660193248705e+00,8.0316906878136410e-05
2.9015262572320982e-02,-9.1935947536440987e-01,-8.5201660193249147e+00,7.9518131375641302e-05
-2.8532499975973701e-02,-9.1934558441077896e-01,-8.5301660193248825e+00,7.8728006347990692e-05
-2.8232404882904252e-02,-9.1933706697607553e-01,-8.5401660193249089e+00,7.7945313487520366e-05
2.7992647326635547e-02,-9.1933032678551618e-01,-8.5501660193248750e+00,7.7170264800386230e-05
-2.7934100355025467e-02,-9.1932868961466174e-01,-8.5601660193249245e+00,7.6402532919895555e-05
2.7803125895391530e-02,-9.1932503953811695e-01,-8.5701660193248728e+00,7.5642591116105586e-05
2.7781326631610023e-02,-9.1932443368804562e-01,-8.5801660193249223e+00,7.4889980130939064e-05
2.6912575198483932e-02,-9.1930067598524645e-01,-8.5901660193248723e+00,7.4146573909459864e-05
2.6841515771989673e-02,-9.1929876611780847e-01,-8.6001660193249059e+00,7.3408943373345369e-05
2.6708167494737423e-02,-9.1929519573880292e-01,-8.6101660193249216e+00,7.2678771672778829e-05
2.6480163501512988e-02,-9.1928913216287289e-01,-8.6201660193249285e+00,7.1956042121330106e-05
2.6452572937479185e-02,-9.1928840194084582e-01,-8.6301660193248182e+00,7.1240119560564373e-05
2.6374922698094268e-02,-9.1928635090700472e-01,-8.6401660193249246e+00,7.0531413189367154e-05
2.6341238408860986e-02,-9.1928546305379566e-01,-8.6501660193249190e+00,6.9829675900701563e-05
-2.5770550161531521e-02,-9.1927059326115346e-01,-8.6601660193249117e+00,6.9135887044909525e-05
2.5664742764775730e-02,-9.1926787214393058e-01,-8.6701660193248262e+00,6.8448159730132718e-05
-2.5239984855574306e-02,-9.1925706105109428e-01,-8.6801660193249361e+00,6.7767821801499345e-05
2.5192243227409119e-02,-9.1925585719275393e-01,-8.6901660193249093e+00,6.7093601479262626e-05
2.4485669652996998e-02,-9.1923830664251727e-01,-8.7001660193249268e+00,6.6427174813413900e-05
-2.4333431569381603e-02,-9.1923459057931034e-01,-8.7101660193248218e+00,6.5766457772314121e-05
-2.4225399814972418e-02,-9.1923196763143711e-01,-8.7201660193249158e+00,6.5112241369536197e-05
-2.4168366413512967e-02,-9.1923058760088838e-01,-8.7301660193249244e+00,6.4464452705797204e-05
-2.4160529503916849e-02,-9.1923039822629427e-01,-8.7401660193249224e+00,6.3823032770565547e-05
-2.3785630890193629e-02,-9.1922141075176178e-01,-8.7501660193248281e+00,6.3188550886811868e-05
-2.2645966169959151e-02,-9.1919495252522498e-01,-8.7601660193249113e+00,6.2561469543969840e-05
-2.2480935486449246e-02,-9.1919122886351246e-01,-8.7701660193249147e+00,6.1939203161320711e-05
2.2237634466102406e-02,-9.1918578882666346e-01,-8.7801660193249216e+00,6.1323231392152193e-05
-2.1584828667038650e-02,-9.1917148504763213e-01,-8.7901660193248361e+00,6.0713923477101788e-05
2.1443965404144401e-02,-9.1916845445946649e-01,-8.8001660193249105e+00,6.0109992013114289e-05
2.1365032168808078e-02,-9.1916676493312655e-01,-8.8101660193249192e+00,5.9511988146233641e-05
2.1271725703136009e-02,-9.1916477579053424e-01,-8.8201660193249243e+00,5.8919951170328654e-05
2.1150793460688818e-02,-9.1916221066534787e-01,-8.8301660193248264e+00,5.8333837494102536e-05
-2.0845983342556641e-02,-9.1915581014409853e-01,-8.8401660193249132e+00,5.7753775766068199e-05
2.0662974237744505e-02,-9.1915201188551432e-01,-8.8501660193249236e+00,5.7179333277062953e-05
2.0353658616257313e-02,-9.1914566834287303e-01,-8.8601660193249199e+00,5.6610748516402867e-05
-2.0192043233979322e-02,-9.1914239193832092e-01,-8.8701660193249179e+00,5.6047645791541710e-05
2.0100186111066603e-02,-9.1914054137418921e-01,-8.8801660193248253e+00,5.5490065085782384e-05
-1.9408713738345681e-02,-9.1912688171782797e-01,-8.8901660193249210e+00,5.4938680151270504e-05
-1.9283295792791359e-02,-9.1912445538165566e-01,-8.9001660193249155e+00,5.4392163123677140e-05
1.9173511742691232e-02,-9.1912234440961305e-01,-8.9101660193249224e+00,5.3851065735828053e-05
-1.9149436615104432e-02,-9.1912188309467746e-01,-8.9201660193248227e+00,5.3315263274099014e-05
-1.8771155579636073e-02,-9.1911471077423690e-01,-8.9301660193249202e+00,5.2785146131434580e-05
-1.8623438593507846e-02,-9.1911194886586256e-01,-8.9401660193249217e+00,5.2260069489176448e-05
-1.8565534989710059e-02,-9.1911087217806653e-01,-8.9501660193249108e+00,5.1740128817414983e-05
-1.8350400749212816e-02,-9.1910690123716787e-01,-8.9601660193248343e+00,5.1225509346912417e-05
-1.8243950187108029e-02,-9.1910495349255428e-01,-8.9701660193249229e+00,5.0715905794158691e-05
1.8210218697621863e-02,-9.1910433866584706e-01,-8.9801660193249120e+00,5.0211304971187705e-05
-1.8063021117879344e-02,-9.1910166899929191e-01,-8.9901660193249135e+00,4.9711826852877405e-05
1.7997438267188026e-02,-9.1910048652543008e-01,-9.0001660193248298e+00,4.9217244109133176e-05
-1.7928003269711536e-02,-9.1909923928395887e-01,-9.0101660193249202e+00,4.8727585122862159e-05
-1.7908750198800581e-02,-9.1909889430018099e-01,-9.0201660193249253e+00,4.8242754192852623e-05
-1.7636397103727247e-02,-9.1909405388473964e-01,-9.0301660193249251e+00,4.7762961960254774e-05
1.7596376404665437e-02,-9.1909334886462679e-01,-9.0401660193248290e+00,4.7287745886922833e-05
1.7531295502145654e-02,-9.1909220579433126e-01,-9.0501660193249069e+00,4.6817278469126910e-05
1.7457599183861916e-02,-9.1909091651797170e-01,-9.0601660193249227e+00,4.6351498524799659e-05
-1.7426968196716078e-02,-9.1909038224360418e-01,-9.0701660193249172e+00,4.5890317926516977e-05
-1.7282200721853543e-02,-9.1908786986423463e-01,-9.0801660193248264e+00,4.5433815780686774e-05
1.6920053318077881e-02,-9.1908167673548280e-01,-9.0901660193249256e+00,4.4982020338835695e-05
-1.6899592627194978e-02,-9.1908133074882203e-01,-9.1001660193249148e+00,4.4534457166491876e-05
-1.6885083689864907e-02,-9.1908108565894631e-01,-9.1101660193249199e+00,4.4091342720134873e-05
-1.6877561043285368e-02,-9.1908095866672435e-01,-9.1201660193249197e+00,4.3652632073391566e-05
-1.6747915277238488e-02,-9.1907877896640622e-01,-9.1301660193248377e+00,4.3218375329982208e-05
1.6467964653027078e-02,-9.1907412956324619e-01,-9.1401660193249104e+00,4.2788544251085345e-05
-1.6362305196505597e-02,-9.1907239514901129e-01,-9.1501660193249137e+00,4.2362864596847437e-05
-1.6232699635152784e-02,-9.1907028290206205e-01,-9.1601660193249241e+00,4.1941435641822831e-05
1.6077729152093656e-02,-9.1906777932068351e-01,-9.1701660193248227e+00,4.1524215343514536e-05
1.5886446428137767e-02,-9.1906472222339652e-01,-9.1801660193249273e+00,4.1111168178055486e-05
1.5841908045049306e-02,-9.1906401565859341e-01,-9.1901660193249111e+00,4.0702133978603701e-05
-1.5841525651926980e-02,-9.1906400960082979e-01,-9.2001660193249304e+00,4.0297141222862754e-05
-1.5728013225576223e-02,-9.1906221783335140e-01,-9.2101660193248271e+00,3.9896249453004340e-05
1.5551830007502708e-02,-9.1905946234163061e-01,-9.2201660193249193e+00,3.9499383978234228e-05
-1.5224382719880615e-02,-9.1905442354794020e-01,-9.2301660193249120e+00,3.9106555590214726e-05
1.5092903190585955e-02,-9.1905243049669971e-01,-9.2401660193249135e+00,3.8717516026511074e-05
1.5070035916420154e-02,-9.1905208562460061e-01,-9.2501660193248334e+00,3.8332283524963908e-05
-1.4925804642661265e-02,-9.1904992245545492e-01,-9.2601660193249202e+00,3.7950953025355051e-05
-1.4765655394316818e-02,-9.1904754492295138e-01,-9.2701660193249200e+00,3.7573424065306044e-05
-1.4508834015776620e-02,-9.1904378576558809e-01,-9.2801660193249234e+00,3.7199702088514321e-05
1.4426438192313176e-02,-9.1904259369279784e-01,-9.2901660193248219e+00,3.6829602771797112e-05
1.4273094354279807e-02,-9.1904039324456255e-01,-9.3001660193249194e+00,3.6463222336607004e-05
1.4194463535132529e-02,-9.1903927403086461e-01,-9.3101660193249209e+00,3.6100447616409511e-05
1.4193112764897618e-02,-9.1903925485831806e-01,-9.3201660193249243e+00,3.5741242846147355e-05
-1.3916823267831824e-02,-9.1903537161827353e-01,-9.3301660193248210e+00,3.5385748948911001e-05
1.3782363581825736e-02,-9.1903350940629025e-01,-9.3401660193249239e+00,3.5033720104108167e-05
1.3655188397301274e-02,-9.1903176471842241e-01,-9.3501660193249112e+00,3.4685189279463757e-05
-1.3493382520390118e-02,-9.1902956831926030e-01,-9.3601660193249216e+00,3.4340141304265916e-05
1.3319810597383221e-02,-9.1902724131051450e-01,-9.3701660193249214e+00,3.3998530303996728e-05
-1.3305136218762417e-02,-9.1902704595823936e-01,-9.3801660193248235e+00,3.3660245850796264e-05
-1.3178005290857584e-02,-9.1902536254506240e-01,-9.3901660193249157e+00,3.3325376908865314e-05
1.3171003114329807e-02,-9.1902527029485825e-01,-9.4001660193249190e+00,3.2993786911933788e-05
-1.3097384067405664e-02,-9.1902430336804408e-01,-9.4101660193249153e+00,3.2665524832072231e-05
-1.2927023405612678e-02,-9.1902208660040408e-01,-9.4201660193248333e+00,3.2340569120772731e-05
1.2912966012294733e-02,-9.1902190497895686e-01,-9.4301660193249237e+00,3.2018780896668405e-05
-1.2836820044384219e-02,-9.1902092460776541e-01,-9.4401660193249128e+00,3.1700219781564907e-05
1.2770075142456446e-02,-9.1902007004291142e-01,-9.4501660193249091e+00,3.1384824144906762e-05
1.2587973989352970e-02,-9.1901776117791778e-01,-9.4601660193248378e+00,3.1072611669296569e-05
1.2537241869457228e-02,-9.1901712385018608e-01,-9.4701660193249246e+00,3.0763453623732737e-05
1.2457237790501542e-02,-9.1901612402002397e-01,-9.4801660193249191e+00,3.0457382597921552e-05
1.2447670458148669e-02,-9.1901600488325685e-01,-9.4901660193249171e+00,3.0154330169996266e-05
1.2417549251509822e-02,-9.1901563039804635e-01,-9.5001660193248281e+00,2.9854300751617003e-05
-1.2241704184472034e-02,-9.1901346229400949e-01,-9.5101660193249202e+00,2.9557309579086123e-05
1.2087157799843130e-02,-9.1901158232517866e-01,-9.5201660193249129e+00,2.9263264448820424e-05
-1.2053799562902968e-02,-9.1901117967529078e-01,-9.5301660193249216e+00,2.8972101768123547e-05
1.1976767422959233e-02,-9.1901025411229131e-01,-9.5401660193248290e+00,2.8683851087596343e-05
-1.1866523391242135e-02,-9.1900893982203691e-01,-9.5501660193249105e+00,2.8398479324378401e-05
-1.1794067992447789e-02,-9.1900808265324474e-01,-9.5601660193249280e+00,2.8115933833920264e-05
-1.1574532064031312e-02,-9.1900551752959014e-01,-9.5701660193249172e+00,2.7836247021299787e-05
-1.1398309261190398e-02,-9.1900349336034637e-01,-9.5801660193248193e+00,2.7559327520327989e-05
1.1353124512615956e-02,-9.1900297935143893e-01,-9.5901660193249221e+00,2.7285121654528733e-05
-1.1313869235416427e-02,-9.1900253445187752e-01,-9.6001660193249201e+00,2.7013642176246967e-05
1.1262396454447206e-02,-9.1900195342028801e-01,-9.6101660193249252e+00,2.6744867485161026e-05
1.1113527902955915e-02,-9.1900028788456434e-01,-9.6201660193249161e+00,2.6478795708670889e-05
1.1098157156715725e-02,-9.1900011717947705e-01,-9.6301660193248182e+00,2.6215331764340483e-05
-1.1057192890570770e-02,-9.1899966339064909e-01,-9.6401660193249246e+00,2.5954496632819771e-05
-1.1014752594903681e-02,-9.1899919502070293e-01,-9.6501660193249208e+00,2.5696257111718380e-05
-1.0983293911143005e-02,-9.1899884900590878e-01,-9.6601660193249206e+00,2.5440583884249524e-05
-1.0976183881405602e-02,-9.1899877093963867e-01,-9.6701660193248262e+00,2.5187447811375405e-05
1.0874651652040334e-02,-9.1899766165761609e-01,-9.6801660193249184e+00,2.4936856180206688e-05
-1.0862960635808707e-02,-9.1899753459022704e-01,-9.6901660193249217e+00,2.4688733452573173e-05
-1.0701442008641801e-02,-9.1899579306387158e-01,-9.7001660193249073e+00,2.4443119018496874e-05
1.0281660737319533e-02,-9.1899138890709808e-01,-9.7101660193248343e+00,2.4200012500989981e-05
-1.0218944491510173e-02,-9.1899074604659980e-01,-9.7201660193249193e+00,2.3959233755770900e-05
1.0123869864798581e-02,-9.1898977900385914e-01,-9.7301660193249244e+00,2.3720858335731087e-05
-1.0055881827053238e-02,-9.1898909301299925e-01,-9.7401660193249100e+00,2.3484847962063963e-05
-9.9576916842071539e-03,-9.1898811044517836e-01,-9.7501660193248352e+00,2.3251192666330143e-05
-9.9494029006374964e-03,-9.1898802794237910e-01,-9.7601660193249096e+00,2.3019841332969592e-05
9.7715923483822579e-03,-9.1898627464185090e-01,-9.7701660193249271e+00,2.2790830043777706e-05
-9.7597193118158735e-03,-9.1898615869386213e-01,-9.7801660193249109e+00,2.2564060112105272e-05
-9.6616406679618880e-03,-9.1898520628353786e-01,-9.7901660193248308e+00,2.2339565239120301e-05
-9.5516405475480157e-03,-9.1898414955191421e-01,-9.8001660193249229e+00,2.2117306223062263e-05
9.3525830663866247e-03,-9.1898226803834626e-01,-9.8101660193249209e+00,2.1897276549106430e-05
9.2370270017347184e-03,-9.1898119396725486e-01,-9.8201660193249207e+00,2.1679418292226347e-05
9.1776644644691752e-03,-9.1898064739585061e-01,-9.8301660193248281e+00,2.1463716207449675e-05
-9.0326287812434007e-03,-9.1897932682468930e-01,-9.8401660193249114e+00,2.1250176725175104e-05
-8.9452876318183005e-03,-9.1897854171874749e-01,-9.8501660193249254e+00,2.1038750451541283e-05
-8.9041037545880691e-03,-9.1897817416517569e-01,-9.8601660193249128e+00,2.0829419042764901e-05
8.7794621565110281e-03,-9.1897707211121826e-01,-9.8701660193249161e+00,2.0622185587129791e-05
8.7530758998192928e-03,-9.1897684080219344e-01,-9.8801660193248235e+00,2.0416996134719157e-05
-8.6900599900584727e-03,-9.1897629120465485e-01,-9.8901660193249263e+00,2.0213854738315798e-05
-8.6876032235751049e-03,-9.1897626985822456e-01,-9.9001660193249155e+00,2.0012723950299784e-05
8.6228487230169803e-03,-9.1897570939338946e-01,-9.9101660193249259e+00,1.9813605124687912e-05
8.5315412943093305e-03,-9.1897492623176769e-01,-9.9201660193248209e+00,1.9616471822532880e-05
8.4416628272712853e-03,-9.1897416346898408e-01,-9.9301660193249290e+00,1.9421299480480602e-05
-8.4316421798373096e-03,-9.1897407892826388e-01,-9.9401660193249146e+00,1.9228055947396546e-05
-8.3145412015326048e-03,-9.1897309843103547e-01,-9.9501660193249215e+00,1.9036752259513198e-05
8.3075143371620364e-03,-9.1897304003057056e-01,-9.9601660193248200e+00,1.8847334510350119e-05
-8.2988351855893018e-03,-9.1897296796605821e-01,-9.9701660193249140e+00,1.8659801743294810e-05
8.0415157045348462e-03,-9.1897086562075259e-01,-9.9801660193249155e+00,1.8474172452790342e-05
7.9595614748965270e-03,-9.1897020994277578e-01,-9.9901660193249349e+00,1.8290363358122680e-05
7.8820749760928448e-03,-9.1896959618630381e-01,-1.0000166019324832e+01,1.8108382316056526e-05
-7.8572219399486581e-03,-9.1896940060164622e-01,-1.0010166019324906e+01,1.7928204407958186e-05
-7.7851471164518890e-03,-9.1896883689115183e-01,-1.0020166019324913e+01,1.7749825799280251e-05
-7.6633650999838043e-03,-9.1896789621566732e-01,-1.0030166019324934e+01,1.7573228612351295e-05
7.6350790380060596e-03,-9.1896767984929772e-01,-1.0040166019324820e+01,1.7398375830519523e-05
7.5779476197372457e-03,-9.1896724527840323e-01,-1.0050166019324921e+01,1.7225266584107513e-05
7.5678323908793801e-03,-9.1896716867688766e-01,-1.0060166019324909e+01,1.7053873624233486e-05
7.5429782051888977e-03,-9.1896698089344142e-01,-1.0070166019324937e+01,1.6884187917021895e-05
7.4994534882062702e-03,-9.1896665353465035e-01,-1.0080166019324814e+01,1.6716192912431124e-05
7.4867998765878949e-03,-9.1896655871953548e-01,-1.0090166019324927e+01,1.6549865583046893e-05
7.2431291526364834e-03,-9.1896476409330030e-01,-1.0100166019324906e+01,1.6385221074388247e-05
7.2330417091068140e-03,-9.1896469107952228e-01,-1.0110166019324932e+01,1.6222186585084109e-05
-7.2173105391178825e-03,-9.1896457741904847e-01,-1.0120166019324918e+01,1.6060774957085911e-05
7.1869805377617838e-03,-9.1896435897796458e-01,-1.0130166019324829e+01,1.5900971049572095e-05
-7.1775318576700105e-03,-9.1896429111512346e-01,-1.0140166019324921e+01,1.5742754812425761e-05
-7.0085654541751303e-03,-9.1896309262820219e-01,-1.0150166019324912e+01,1.5586130464558518e-05
-6.9750202791388147e-03,-9.1896285808728662e-01,-1.0160166019324924e+01,1.5431049494440856e-05
-6.9206510608674039e-03,-9.1896248033889261e-01,-1.0170166019324821e+01,1.5277513757603130e-05
6.7980832680186714e-03,-9.1896163960139887e-01,-1.0180166019324924e+01,1.5125512672394324e-05
-6.7506232775832835e-03,-9.1896131809065740e-01,-1.0190166019324915e+01,1.4975016121302835e-05
-6.7362969968702176e-03,-9.1896122148195447e-01,-1.0200166019324918e+01,1.4826013653608819e-05
-6.7048375894631059e-03,-9.1896101005689002e-01,-1.0210166019324834e+01,1.4678495456321050e-05
6.6055740382784181e-03,-9.1896034943752702e-01,-1.0220166019324910e+01,1.4532451586633216e-05
6.5861252011823485e-03,-9.1896022115592224e-01,-1.0230166019324926e+01,1.4387853123010580e-05
-6.4565960304797509e-03,-9.1895937644948988e-01,-1.0240166019324919e+01,1.4244703625031881e-05
6.4419693284240315e-03,-9.1895928211775368e-01,-1.0250166019324823e+01,1.4102967786127702e-05
-6.3506102747697994e-03,-9.1895869775877048e-01,-1.0260166019324917e+01,1.3962649071221339e-05
6.2394503717637349e-03,-9.1895799800381028e-01,-1.0270166019324925e+01,1.3823728064879433e-05
-6.1215435678682682e-03,-9.1895726928116617e-01,-1.0280166019324911e+01,1.3686189645860448e-05
-5.8338849451051444e-03,-9.1895554974011584e-01,-1.0290166019324831e+01,1.3550033083362915e-05
5.8032401670993564e-03,-9.1895537143155803e-01,-1.0300166019324918e+01,1.3415210393524613e-05
-5.7876716107720296e-03,-9.1895528120467651e-01,-1.0310166019324917e+01,1.3281728018188010e-05
5.7229855731618130e-03,-9.1895490891527476e-01,-1.0320166019324926e+01,1.3149577511756018e-05
5.7071509345765770e-03,-9.1895481841923443e-01,-1.0330166019324832e+01,1.3018738207531285e-05
-5.6705890701301345e-03,-9.1895461042354065e-01,-1.0340166019324913e+01,1.2889202278887528e-05
5.6639681156583979e-03,-9.1895457290074711e-01,-1.0350166019324915e+01,1.2760953052198577e-05
-5.6468492219664407e-03,-9.1895447608640723e-01,-1.0360166019324931e+01,1.2633980670960376e-05
5.5061036901937876e-03,-9.1895369122226300e-01,-1.0370166019324907e+01,1.2508280280171650e-05
5.4808637277034104e-03,-9.1895355256694033e-01,-1.0380166019324827e+01,1.2383822528955735e-05
-5.4464869462723881e-03,-9.1895336474336742e-01,-1.0390166019324919e+01,1.2260603738800867e-05
5.3964637667355889e-03,-9.1895309354393229e-01,-1.0400166019324926e+01,1.2138611985248424e-05
5.3476503860596172e-03,-9.1895283131566519e-01,-1.0410166019324912e+01,1.2017833929356392e-05
-5.3416205093306558e-03,-9.1895279908817229e-01,-1.0420166019324832e+01,1.1898254867236265e-05
-5.2860628687980832e-03,-9.1895250386366589e-01,-1.0430166019324925e+01,1.1779868730916803e-05
-5.2404182079150412e-03,-9.1895226362483640e-01,-1.0440166019324909e+01,1.1662659880454818e-05
5.2176712471158886e-03,-9.1895214467996100e-01,-1.0450166019324922e+01,1.1546615849127944e-05
-5.1604294146690207e-03,-9.1895184764921134e-01,-1.0460166019324834e+01,1.1431728497370014e-05
-5.1602397891541739e-03,-9.1895184667068031e-01,-1.0470166019324921e+01,1.1317980909360822e-05
-5.1438951482764231e-03,-9.1895176246198773e-01,-1.0480166019324907e+01,1.1205366061278277e-05
-5.1195793468406126e-03,-9.1895163767968380e-01,-1.0490166019324928e+01,1.1093872190385755e-05
-4.9276470401867769e-03,-9.1895067348601578e-01,-1.0500166019324826e+01,1.0983496907940106e-05
4.8883212389561372e-03,-9.1895048047560712e-01,-1.0510166019324917e+01,1.0874211386525410e-05
-4.8772531184664552e-03,-9.1895042643233027e-01,-1.0520166019324920e+01,1.0766011757213291e-05
-4.8512521466773512e-03,-9.1895029995703481e-01,-1.0530166019324913e+01,1.0658889498456804e-05
-4.8181120568912489e-03,-9.1895013973523587e-01,-1.0540166019324840e+01,1.0552833466692505e-05
4.6928582604687024e-03,-9.1894954409266594e-01,-1.0550166019324916e+01,1.0447837242455547e-05
4.6100304893152682e-03,-9.1894915882389572e-01,-1.0560166019324909e+01,1.0343883510106064e-05
4.5999953762228705e-03,-9.1894911261207013e-01,-1.0570166019324919e+01,1.0240960622754636e-05
-4.4252163590944599e-03,-9.1894832390325187e-01,-1.0580166019324839e+01,1.0139069358761085e-05
4.3565205928940681e-03,-9.1894802226917760e-01,-1.0590166019324910e+01,1.0038186960870758e-05
-4.3186145521388487e-03,-9.1894785784916444e-01,-1.0600166019324927e+01,9.9383069658094018e-06
-4.2572921139956751e-03,-9.1894759490141142e-01,-1.0610166019324909e+01,9.8394217465014834e-06
4.2560660837061403e-03,-9.1894758968259393e-01,-1.0620166019324923e+01,9.7415179151508097e-06
-4.2553099674660852e-03,-9.1894758646479913e-01,-1.0630166019324825e+01,9.6445882233948445e-06
4.2324241876749626e-03,-9.1894748934059167e-01,-1.0640166019324919e+01,9.5486238945528338e-06
4.2254258347036418e-03,-9.1894745974508174e-01,-1.0650166019324928e+01,9.4536137791198032e-06
4.1868789296452633e-03,-9.1894729761092520e-01,-1.0660166019324910e+01,9.3595502678492406e-06
-4.1480993094029934e-03,-9.1894713599727984e-01,-1.0670166019324833e+01,9.2664226842320578e-06
-4.0544187056973753e-03,-9.1894675178885998e-01,-1.0680166019324911e+01,9.1742237627860904e-06
4.0183351620841530e-03,-9.1894660614207690e-01,-1.0690166019324916e+01,9.0829400340248935e-06
3.9771985365608664e-03,-9.1894644168743911e-01,-1.0700166019324927e+01,8.9925647495087780e-06
3.8998707674456762e-03,-9.1894613712934081e-01,-1.0710166019324834e+01,8.9030899467383452e-06
-3.8474150453440344e-03,-9.1894593393460500e-01,-1.0720166019324918e+01,8.8145045126821863e-06
-3.8180339312756852e-03,-9.1894582132488967e-01,-1.0730166019324907e+01,8.7267997100847618e-06
3.7450220036093322e-03,-9.1894554522824323e-01,-1.0740166019324917e+01,8.6399689875977458e-06
-3.6901380744857205e-03,-9.1894534119284388e-01,-1.0750166019324839e+01,8.5540016050887474e-06
-3.6348696493613535e-03,-9.1894513877202344e-01,-1.0760166019324920e+01,8.4688895812869389e-06
-3.6166338681507537e-03,-9.1894507265360759e-01,-1.0770166019324915e+01,8.3846232763712303e-06
3.5689738795109636e-03,-9.1894490142061580e-01,-1.0780166019324922e+01,8.3011963022592435e-06
3.5486608593447502e-03,-9.1894482913028674e-01,-1.0790166019324817e+01,8.2185986130970220e-06
-3.5118596656741074e-03,-9.1894469921249511e-01,-1.0800166019324926e+01,8.1368232476649826e-06
3.4763916373325363e-03,-9.1894457528274753e-01,-1.0810166019324919e+01,8.0558615019579674e-06
3.4623156045411382e-03,-9.1894452644801217e-01,-1.0820166019324914e+01,7.9757047302112726e-06
3.4392456356474523e-03,-9.1894444683861065e-01,-1.0830166019324826e+01,7.8963457708021511e-06
3.4359304509778508e-03,-9.1894443544237148e-01,-1.0840166019324926e+01,7.8177759067010786e-06
-3.4246444781535056e-03,-9.1894439672824035e-01,-1.0850166019324922e+01,7.7399880363645857e-06
-3.3958535586034104e-03,-9.1894429854403525e-01,-1.0860166019324911e+01,7.6629746210064301e-06
3.3581929402517734e-03,-9.1894417136325146e-01,-1.0870166019324923e+01,7.5867277144373291e-06
3.3323108941612570e-03,-9.1894408478128708e-01,-1.0880166019324829e+01,7.5112391627174078e-06
3.3178371826971791e-03,-9.1894403665512492e-01,-1.0890166019324914e+01,7.4365014421882461e-06
3.2862935853922859e-03,-9.1894393249610418e-01,-1.0900166019324921e+01,7.3625077833854341e-06
3.2827455914152862e-03,-9.1894392084264842e-01,-1.0910166019324921e+01,7.2892496918626492e-06
3.2346672257490719e-03,-9.1894376416937018e-01,-1.0920166019324830e+01,7.2167215762527887e-06
3.1867680567936804e-03,-9.1894361037866334e-01,-1.0930166019324911e+01,7.1449150956039804e-06
3.1607216541921410e-03,-9.1894352771402710e-01,-1.0940166019324918e+01,7.0738225873095387e-06
-3.1168215249361437e-03,-9.1894338992154867e-01,-1.0950166019324925e+01,7.0034378415578704e-06
3.0936409932735580e-03,-9.1894331794063711e-01,-1.0960166019324824e+01,6.9337529698055363e-06
3.0458847506408572e-03,-9.1894317134029657e-01,-1.0970166019324925e+01,6.8647619813894496e-06
-3.0187028024560372e-03,-9.1894308891664422e-01,-1.0980166019324916e+01,6.7964570185910924e-06
-2.9017462410421404e-03,-9.1894274269896314e-01,-1.0990166019324912e+01,6.7288334709802148e-06
2.8996672019319871e-03,-9.1894273666828041e-01,-1.1000166019324835e+01,6.6618804994460029e-06
2.8946854736261636e-03,-9.1894272223533513e-01,-1.1010166019324924e+01,6.5955937761265885e-06
2.8704283738300385e-03,-9.1894265231286409e-01,-1.1020166019324909e+01,6.5299669781226838e-06
2.8156444398939285e-03,-9.1894249656014537e-01,-1.1030166019324918e+01,6.4649937280181384e-06
2.7306476362322155e-03,-9.1894226085159614e-01,-1.1040166019324836e+01,6.4006674743061651e-06
-2.7201846375665001e-03,-9.1894223233557071e-01,-1.1050166019324916e+01,6.3369799495254972e-06
2.7143190942214702e-03,-9.1894221639741214e-01,-1.1060166019324919e+01,6.2739260454943408e-06
2.7012798654131691e-03,-9.1894218108979508e-01,-1.1070166019324917e+01,6.2114996576095034e-06
-2.6961782026169246e-03,-9.1894216732178957e-01,-1.1080166019324830e+01,6.1496942880188628e-06
-2.6785602192649690e-03,-9.1894211997576358e-01,-1.1090166019324920e+01,6.0885040957271985e-06
-2.6181506954437070e-03,-9.1894195998987149e-01,-1.1100166019324915e+01,6.0279234321385109e-06
2.6039860123687861e-03,-9.1894192300491573e-01,-1.1110166019324931e+01,5.9679448125655228e-06
-2.5985609026447335e-03,-9.1894190889272187e-01,-1.1120166019324916e+01,5.9085628528875762e-06
2.5455512716221424e-03,-9.1894177254897769e-01,-1.1130166019324824e+01,5.8497724677782179e-06
-2.5026100942041512e-03,-9.1894166416198131e-01,-1.1140166019324923e+01,5.7915668869242206e-06
-2.4984196822744860e-03,-9.1894165368379388e-01,-1.1150166019324914e+01,5.7339398936278581e-06
-2.4918328092751532e-03,-9.1894163724871414e-01,-1.1160166019324912e+01,5.6768863317140703e-06
2.4799305173430876e-03,-9.1894160766102484e-01,-1.1170166019324832e+01,5.6204005352215495e-06
-2.4667726073604197e-03,-9.1894157511688768e-01,-1.1180166019324929e+01,5.5644767965903853e-06
-2.4662800798726926e-03,-9.1894157390205566e-01,-1.1190166019324913e+01,5.5091093340581493e-06
2.4620777061185126e-03,-9.1894156354665490e-01,-1.1200166019324914e+01,5.4542928367716363e-06
2.4214676424501248e-03,-9.1894146438611113e-01,-1.1210166019324838e+01,5.4000222517345625e-06
-2.3985588490863670e-03,-9.1894140917561573e-01,-1.1220166019324919e+01,5.3462914277425678e-06
-2.3768320088116343e-03,-9.1894135729853854e-01,-1.1230166019324917e+01,5.2930952138014512e-06
2.3557409120575114e-03,-9.1894130739096180e-01,-1.1240166019324921e+01,5.2404282979796879e-06
2.3450166230790312e-03,-9.1894128218482074e-01,-1.1250166019324830e+01,5.1882852959663473e-06
2.3152198147158806e-03,-9.1894121275473473e-01,-1.1260166019324902e+01,5.1366613513531920e-06
2.2994868925540978e-03,-9.1894117645332396e-01,-1.1270166019324925e+01,5.0855509015455618e-06
-2.2505179199798862e-03,-9.1894106504879358e-01,-1.1280166019324914e+01,5.0349493855143088e-06
-2.2058097183378046e-03,-9.1894096543159620e-01,-1.1290166019324838e+01,4.9848512986411849e-06
-2.1894315967775583e-03,-9.1894092943869798e-01,-1.1300166019324918e+01,4.9352513771176386e-06
2.1827763102068931e-03,-9.1894091488954965e-01,-1.1310166019324919e+01,4.8861448765149057e-06
2.1672748856829929e-03,-9.1894088117355455e-01,-1.1320166019324907e+01,4.8375270857700306e-06
-2.1661872648430754e-03,-9.1894087881697262e-01,-1.1330166019324832e+01,4.7893928983106744e-06
-2.1567461823603275e-03,-9.1894085841038708e-01,-1.1340166019324920e+01,4.7417377394941815e-06
2.1525082245356362e-03,-9.1894084927916786e-01,-1.1350166019324927e+01,4.6945567035353690e-06
-2.1211687830650300e-03,-9.1894078231184262e-01,-1.1360166019324913e+01,4.6478453951150603e-06
-2.1107347059677547e-03,-9.1894076023383897e-01,-1.1370166019324921e+01,4.6015986623195717e-06
2.1056740812774206e-03,-9.1894074956500771e-01,-1.1380166019324825e+01,4.5558120392155129e-06
2.0909583219124389e-03,-9.1894071868669147e-01,-1.1390166019324928e+01,4.5104810912933753e-06
2.0729902031263406e-03,-9.1894068127753059e-01,-1.1400166019324908e+01,4.4656012216182487e-06
2.0506413686548312e-03,-9.1894063519835090e-01,-1.1410166019324913e+01,4.4211679507769936e-06
2.0456468934214990e-03,-9.1894062496894580e-01,-1.1420166019324826e+01,4.3771766394202146e-06
-2.0398167031811082e-03,-9.1894061305943076e-01,-1.1430166019324929e+01,4.3336230557596291e-06
2.0271472804479834e-03,-9.1894058729638783e-01,-1.1440166019324918e+01,4.2905028964228314e-06
-2.0242633539377095e-03,-9.1894058145440249e-01,-1.1450166019324923e+01,4.2478117041193845e-06
1.9729517845638598e-03,-9.1894047890271158e-01,-1.1460166019324815e+01,4.2055457027474200e-06
-1.9420436612949225e-03,-9.1894041840013063e-01,-1.1470166019324935e+01,4.1637000757437093e-06
-1.9352054030093435e-03,-9.1894040514331543e-01,-1.1480166019324903e+01,4.1222706224197665e-06
1.9183575895040678e-03,-9.1894037268126005e-01,-1.1490166019324933e+01,4.0812534768815237e-06
-1.9013654505111081e-03,-9.1894034022862769e-01,-1.1500166019324825e+01,4.0406444574047459e-06
1.8352153963888279e-03,-9.1894021664111503e-01,-1.1510166019324924e+01,4.0004398676970553e-06
1.8340794570920549e-03,-9.1894021455706698e-01,-1.1520166019324906e+01,3.9606348341912395e-06
1.8283812440993343e-03,-9.1894020412232635e-01,-1.1530166019324925e+01,3.9212259000490942e-06
-1.8081583930662003e-03,-9.1894016735172668e-01,-1.1540166019324827e+01,3.8822091931880799e-06
-1.8055056721565693e-03,-9.1894016255870559e-01,-1.1550166019324914e+01,3.8435805847173791e-06
1.7891615142235100e-03,-9.1894013318280143e-01,-1.1560166019324919e+01,3.8053364306861492e-06
1.7792912858975024e-03,-9.1894011557207955e-01,-1.1570166019324919e+01,3.7674727669083895e-06
-1.7365902977625261e-03,-9.1894004050627065e-01,-1.1580166019324828e+01,3.7299860665269146e-06
-1.7362573424533477e-03,-9.1894003992811912e-01,-1.1590166019324917e+01,3.6928720871864018e-06
-1.7189963125540709e-03,-9.1894001010750070e-01,-1.1600166019324924e+01,3.6561275050037919e-06
1.6988040068568518e-03,-9.1893997560086638e-01,-1.1610166019324916e+01,3.6197485534001338e-06
1.6747407528745297e-03,-9.1893993501163418e-01,-1.1620166019324918e+01,3.5837315989684972e-06
-1.6537947558179333e-03,-9.1893990015188665e-01,-1.1630166019324824e+01,3.5480729974456606e-06
1.6459687903206733e-03,-9.1893988723996878e-01,-1.1640166019324917e+01,3.5127691266072477e-06
1.6264927235064039e-03,-9.1893985537262923e-01,-1.1650166019324921e+01,3.4778166006254632e-06
-1.6095214388348535e-03,-9.1893982791297046e-01,-1.1660166019324921e+01,3.4432118418087606e-06
-1.6066278044667825e-03,-9.1893982325979051e-01,-1.1670166019324830e+01,3.4089513274087011e-06
1.6051153662457406e-03,-9.1893982083100889e-01,-1.1680166019324918e+01,3.3750317031569088e-06
-1.5998075264914368e-03,-9.1893981232540034e-01,-1.1690166019324923e+01,3.3414496050297149e-06
-1.5989256722963596e-03,-9.1893981091499222e-01,-1.1700166019324916e+01,3.3082016306068298e-06
1.5931352795236133e-03,-9.1893980167334888e-01,-1.1710166019324824e+01,3.2752845046603349e-06
-1.5916626050123033e-03,-9.1893979932826353e-01,-1.1720166019324919e+01,3.2426948869242728e-06
1.5908010032263703e-03,-9.1893979795725544e-01,-1.1730166019324912e+01,3.2104295381002023e-06
1.5298104204076078e-03,-9.1893970279330062e-01,-1.1740166019324928e+01,3.1784855329367132e-06
-1.5146071237440500e-03,-9.1893967965070911e-01,-1.1750166019324828e+01,3.1468591462849183e-06
-1.5112081457433583e-03,-9.1893967450836933e-01,-1.1760166019324918e+01,3.1155473906323540e-06
1.5043155346264568e-03,-9.1893966411595329e-01,-1.1770166019324913e+01,3.0845472081891306e-06
-1.5003027301099350e-03,-9.1893965808748046e-01,-1.1780166019324925e+01,3.0538554690691592e-06
-1.4964604451043633e-03,-9.1893965233027131e-01,-1.1790166019324820e+01,3.0234691168529670e-06
1.4862074608060381e-03,-9.1893963703964776e-01,-1.1800166019324919e+01,2.9933851422564529e-06
1.4750215836301889e-03,-9.1893962047767552e-01,-1.1810166019324919e+01,2.9636005115212977e-06
1.4629689606733363e-03,-9.1893960277242936e-01,-1.1820166019324926e+01,2.9341122456797717e-06
-1.4345090444999025e-03,-9.1893956154143885e-01,-1.1830166019324830e+01,2.9049174608095561e-06
1.4041609646557140e-03,-9.1893951846734678e-01,-1.1840166019324917e+01,2.8760131730109597e-06
1.3977138800700811e-03,-9.1893950943538472e-01,-1.1850166019324911e+01,2.8473963895175117e-06
-1.3548913041723514e-03,-9.1893945049856252e-01,-1.1860166019324920e+01,2.8190644882064657e-06
1.3495228138196739e-03,-9.1893944323925203e-01,-1.1870166019324916e+01,2.7910143481378474e-06
-1.3472804379709587e-03,-9.1893944021562879e-01,-1.1880166019324841e+01,2.7632432997206291e-06
1.3151840785881599e-03,-9.1893939748791975e-01,-1.1890166019324910e+01,2.7357486863889949e-06
-1.3045483916996970e-03,-9.1893938355659266e-01,-1.1900166019324924e+01,2.7085275698722749e-06
1.2701310737246170e-03,-9.1893933924981164e-01,-1.1910166019324915e+01,2.6815773890691661e-06
-1.2660328916992889e-03,-9.1893933405298089e-01,-1.1920166019324835e+01,2.6548952620307119e-06
-1.2380091922504508e-03,-9.1893929896671955e-01,-1.1930166019324909e+01,2.6284787050182532e-06
-1.2374867806803410e-03,-9.1893929832010568e-01,-1.1940166019324927e+01,2.6023249065992025e-06
1.2046564731291126e-03,-9.1893925823194855e-01,-1.1950166019324907e+01,2.5764314444243010e-06
1.1896327597325303e-03,-9.1893924024639095e-01,-1.1960166019324832e+01,2.5507955690960753e-06
1.1812671232202308e-03,-9.1893923032934766e-01,-1.1970166019324923e+01,2.5254147541561026e-06
-1.1770927767714909e-03,-9.1893922540704198e-01,-1.1980166019324914e+01,2.5002864698071436e-06
-1.1762317035750322e-03,-9.1893922439384967e-01,-1.1990166019324908e+01,2.4754082062659374e-06
-1.1601888071686738e-03,-9.1893920565237364e-01,-1.2000166019324832e+01,2.4507775290062926e-06
1.1497727124292695e-03,-9.1893919362198462e-01,-1.2010166019324933e+01,2.4263919143390705e-06
-1.1464713711008946e-03,-9.1893918983164180e-01,-1.2020166019324913e+01,2.4022489205071153e-06
1.1241959041219645e-03,-9.1893916454155489e-01,-1.2030166019324918e+01,2.3783462045207563e-06
1.1189579082159968e-03,-9.1893915866673970e-01,-1.2040166019324822e+01,2.3546812782172836e-06
1.1087971370930287e-03,-9.1893914734888504e-01,-1.2050166019324918e+01,2.3312518344158474e-06
-1.1071477041059733e-03,-9.1893914552135880e-01,-1.2060166019324924e+01,2.3080554953088697e-06
1.0992308340083599e-03,-9.1893913678755268e-01,-1.2070166019324917e+01,2.2850899793719505e-06
-1.0933499930869200e-03,-9.1893913034044317e-01,-1.2080166019324830e+01,2.2623529687649243e-06
-1.0666228332161160e-03,-9.1893910147547364e-01,-1.2090166019324926e+01,2.2398422452604118e-06
1.0605845960267939e-03,-9.1893909505318216e-01,-1.2100166019324918e+01,2.2175554567862388e-06
1.0555488437791567e-03,-9.1893908972502025e-01,-1.2110166019324915e+01,2.1954904230187110e-06
-1.0540883648605176e-03,-9.1893908818447989e-01,-1.2120166019324907e+01,2.1736449316561688e-06
1.0211336066255591e-03,-9.1893905399026077e-01,-1.2130166019324840e+01,2.1520168768025922e-06
-1.0150837940226670e-03,-9.1893904783089386e-01,-1.2140166019324914e+01,2.1306039642268223e-06
-1.0021400563537623e-03,-9.1893903477568573e-01,-1.2150166019324926e+01,2.1094041281067683e-06
9.9964681884698184e-04,-9.1893903228022067e-01,-1.2160166019324903e+01,2.0884152115535310e-06
9.9081387879065277e-04,-9.1893902348941070e-01,-1.2170166019324839e+01,2.0676351511741271e-06
-9.8755495848543390e-04,-9.1893902026573748e-01,-1.2180166019324918e+01,2.0470618442727767e-06
9.8069096502012999e-04,-9.1893901351072393e-01,-1.2190166019324915e+01,2.0266932522868774e-06
-9.6104566763602415e-04,-9.1893899443772709e-01,-1.2200166019324913e+01,2.0065273557576748e-06
9.4425117365413112e-04,-9.1893897843847894e-01,-1.2210166019324841e+01,1.9865621067646854e-06
-9.4065322114858258e-04,-9.1893897504758071e-01,-1.2220166019324921e+01,1.9667954902038202e-06
-9.3992712023892994e-04,-9.1893897436483518e-01,-1.2230166019324912e+01,1.9472255494243847e-06
-9.3756219857484176e-04,-9.1893897214477760e-01,-1.2240166019324922e+01,1.9278503357596616e-06
9.3194041638495562e-04,-9.1893896688980936e-01,-1.2250166019324828e+01,1.9086679144422998e-06
9.2663639391956266e-04,-9.1893896196084268e-01,-1.2260166019324920e+01,1.8896763606899495e-06
9.0832420855601486e-04,-9.1893894515977337e-01,-1.2270166019324909e+01,1.8708737981735172e-06
9.0244490868828680e-04,-9.1893893983674613e-01,-1.2280166019324920e+01,1.8522583027069676e-06
-9.0055561234336681e-04,-9.1893893813354488e-01,-1.2290166019324831e+01,1.8338280277790906e-06
-8.9550441900427419e-04,-9.1893893359742174e-01,-1.2300166019324918e+01,1.8155811422627945e-06
8.8470885044038879e-04,-9.1893892398821453e-01,-1.2310166019324921e+01,1.7975158253281010e-06
-8.7826740676685399e-04,-9.1893891831015839e-01,-1.2320166019324917e+01,1.7796302541324308e-06
-8.6667023117438025e-04,-9.1893890819198432e-01,-1.2330166019324830e+01,1.7619226550663978e-06
8.5048559057864697e-04,-9.1893889429620934e-01,-1.2340166019324917e+01,1.7443912559668969e-06
8.3648019351694218e-04,-9.1893888248289657e-01,-1.2350166019324922e+01,1.7270342933655165e-06
-8.3417304714623734e-04,-9.1893888055567574e-01,-1.2360166019324923e+01,1.7098500183208979e-06
8.2407296443878959e-04,-9.1893887218146486e-01,-1.2370166019324918e+01,1.6928367405507961e-06
8.1368467784091877e-04,-9.1893886367471689e-01,-1.2380166019324825e+01,1.6759927478042042e-06
7.9615291290481300e-04,-9.1893884956306982e-01,-1.2390166019324919e+01,1.6593163647438944e-06
7.9449718858868625e-04,-9.1893884824623084e-01,-1.2400166019324923e+01,1.6428058932152705e-06
7.9219746989562362e-04,-9.1893884642175516e-01,-1.2410166019324906e+01,1.6264597044273960e-06
7.8401247678890702e-04,-9.1893883997112136e-01,-1.2420166019324832e+01,1.6102761703554868e-06
-7.8029293029107836e-04,-9.1893883706186796e-01,-1.2430166019324915e+01,1.5942536593886516e-06
-7.7630600536084430e-04,-9.1893883395884646e-01,-1.2440166019324931e+01,1.5783905753294929e-06
7.7423482036638133e-04,-9.1893883235311802e-01,-1.2450166019324913e+01,1.5626853292054924e-06
-7.6535352818729477e-04,-9.1893882551635098e-01,-1.2460166019324825e+01,1.5471363609597084e-06
7.5933114067876359e-04,-9.1893882092523005e-01,-1.2470166019324926e+01,1.5317421039877099e-06
7.4796630401796974e-04,-9.1893881236013542e-01,-1.2480166019324912e+01,1.5165010283886307e-06
7.3346601859568857e-04,-9.1893880161953967e-01,-1.2490166019324914e+01,1.5014116071626591e-06
7.0556419351260784e-04,-9.1893878154375508e-01,-1.2500166019324830e+01,1.4864723419026845e-06
7.0437341242197905e-04,-9.1893878070429158e-01,-1.2510166019324931e+01,1.4716816962087639e-06
6.9977561595621228e-04,-9.1893877747629582e-01,-1.2520166019324915e+01,1.4570382233665169e-06
-6.8742143578656603e-04,-9.1893876890745463e-01,-1.2530166019324918e+01,1.4425404631710993e-06
6.8728540343416036e-04,-9.1893876881395231e-01,-1.2540166019324827e+01,1.4281869458726628e-06
6.8034040666039132e-04,-9.1893876406487396e-01,-1.2550166019324916e+01,1.4139762550389196e-06
6.3780058427532408e-04,-9.1893873602813214e-01,-1.2560166019324921e+01,1.3999069954753782e-06
6.3162768914096072e-04,-9.1893873211010835e-01,-1.2570166019324910e+01,1.3859776935650032e-06
-6.2659683753902608e-04,-9.1893872894513784e-01,-1.2580166019324832e+01,1.3721869894371258e-06
6.1314942567674852e-04,-9.1893872060944859e-01,-1.2590166019324927e+01,1.3585335120891811e-06
6.1035095438850156e-04,-9.1893871889748324e-01,-1.2600166019324918e+01,1.3450158800892005e-06
-6.0841050198912050e-04,-9.1893871771500890e-01,-1.2610166019324918e+01,1.3316327500469261e-06
6.0381420982471028e-04,-9.1893871492913948e-01,-1.2620166019324911e+01,1.3183827864717584e-06
5.8723067266341195e-04,-9.1893870505327091e-01,-1.2630166019324916e+01,1.3052646714547433e-06
-5.8158640403018912e-04,-9.1893870175471215e-01,-1.2640166019324916e+01,1.2922770752350843e-06
-5.7527371405332900e-04,-9.1893869810326245e-01,-1.2650166019324741e+01,1.2794187081663114e-06
-5.7363142238624155e-04,-9.1893869715984389e-01,-1.2660166019324919e+01,1.2666882805104256e-06
-5.6973726582795281e-04,-9.1893869493361546e-01,-1.2670166019324922e+01,1.2540845243232404e-06
-5.5890700493107116e-04,-9.1893868882185958e-01,-1.2680166019324925e+01,1.2416061824020191e-06
-5.5301873372429395e-04,-9.1893868554819935e-01,-1.2690166019324916e+01,1.2292519984932230e-06
-5.5202542134044944e-04,-9.1893868499937237e-01,-1.2700166019324916e+01,1.2170207374119819e-06
-5.5176941022653820e-04,-9.1893868485808050e-01,-1.2710166019324921e+01,1.2049111789142600e-06
5.5115100484505052e-04,-9.1893868451705452e-01,-1.2720166019324909e+01,1.1929221127734086e-06
-5.4677941310877685e-04,-9.1893868211720275e-01,-1.2730166019324743e+01,1.1810523422615667e-06
-5.4166799847725630e-04,-9.1893867933544970e-01,-1.2740166019324914e+01,1.1693006783576367e-06
-5.2199420171673090e-04,-9.1893866887231279e-01,-1.2750166019324929e+01,1.1576659543235656e-06
-5.2030149010211138e-04,-9.1893866799015977e-01,-1.2760166019324917e+01,1.1461469866262097e-06
5.1986166914675476e-04,-9.1893866776141697e-01,-1.2770166019324918e+01,1.1347426338209518e-06
5.1887848439754352e-04,-9.1893866725078022e-01,-1.2780166019324913e+01,1.1234517565362085e-06
4.9820337700356738e-04,-9.1893865673664188e-01,-1.2790166019324912e+01,1.1122732364784775e-06
-4.9522404190373173e-04,-9.1893865525676532e-01,-1.2800166019324932e+01,1.1012059344887944e-06
4.9254128409651681e-04,-9.1893865393179774e-01,-1.2810166019324729e+01,1.0902487538089926e-06
4.8315515164971718e-04,-9.1893864935278979e-01,-1.2820166019324930e+01,1.0794006023961995e-06
-4.8167635110729672e-04,-9.1893864863939312e-01,-1.2830166019324908e+01,1.0686603877135099e-06
4.7587558183155728e-04,-9.1893864586212415e-01,-1.2840166019324926e+01,1.0580270421284902e-06
4.6993498554513506e-04,-9.1893864305278483e-01,-1.2850166019324920e+01,1.0474995001042221e-06
4.6992365643510757e-04,-9.1893864304746087e-01,-1.2860166019324923e+01,1.0370767059360395e-06
4.6937565587823064e-04,-9.1893864279009263e-01,-1.2870166019324920e+01,1.0267576205613703e-06
4.6467889970074473e-04,-9.1893864059657937e-01,-1.2880166019324902e+01,1.0165412137672908e-06
-4.6417346881909391e-04,-9.1893864036184403e-01,-1.2890166019324923e+01,1.0064264599257058e-06
-4.6317939461797727e-04,-9.1893863990091529e-01,-1.2900166019324743e+01,9.9641234978966310e-07
-4.5834586453165799e-04,-9.1893863767380524e-01,-1.2910166019324922e+01,9.8649788345173564e-07
4.5513642788264167e-04,-9.1893863620792349e-01,-1.2920166019324915e+01,9.7668206693700443e-07
-4.4339441548033303e-04,-9.1893863093264327e-01,-1.2930166019324918e+01,9.6696392309777800e-07
4.4245713625856931e-04,-9.1893863051749813e-01,-1.2940166019324920e+01,9.5734247170183301e-07
4.4170032031233205e-04,-9.1893863018292599e-01,-1.2950166019324909e+01,9.4781675526654185e-07
4.3263757240026503e-04,-9.1893862622097400e-01,-1.2960166019324920e+01,9.3838582469414437e-07
4.2786028973474017e-04,-9.1893862416555327e-01,-1.2970166019324925e+01,9.2904873164059479e-07
4.2314848418557454e-04,-9.1893862216065925e-01,-1.2980166019324731e+01,9.1980454414993524e-07
4.2272768660961294e-04,-9.1893862198268794e-01,-1.2990166019324924e+01,9.1065233617926671e-07
4.1672576960004673e-04,-9.1893861946352295e-01,-1.3000166019324919e+01,9.0159119630883670e-07
4.1321430021845775e-04,-9.1893861800636845e-01,-1.3010166019324913e+01,8.9262021531596774e-07
-4.0952058562373426e-04,-9.1893861648689446e-01,-1.3020166019324918e+01,8.8373849711753387e-07
4.0704986538160664e-04,-9.1893861547813593e-01,-1.3030166019324922e+01,8.7494515303155862e-07
4.0377788911017017e-04,-9.1893861415163136e-01,-1.3040166019324923e+01,8.6623930444760453e-07
4.0251491184004225e-04,-9.1893861364246654e-01,-1.3050166019324914e+01,8.5762007979202318e-07
3.9534425817336078e-04,-9.1893861078188066e-01,-1.3060166019324743e+01,8.4908661984707139e-07
3.9454647619144333e-04,-9.1893861046680037e-01,-1.3070166019324910e+01,8.4063806708296525e-07
3.9342888929494533e-04,-9.1893861002648491e-01,-1.3080166019324921e+01,8.3227357892516510e-07
3.9142002405455746e-04,-9.1893860923815707e-01,-1.3090166019324931e+01,8.2399231909825217e-07
-3.8325244200335541e-04,-9.1893860607455657e-01,-1.3100166019324909e+01,8.1579346111467850e-07
3.7900117520374595e-04,-9.1893860445428488e-01,-1.3110166019324923e+01,8.0767618185888951e-07
3.7091867285076098e-04,-9.1893860142367045e-01,-1.3120166019324909e+01,7.9963967199596712e-07
-3.7061555315091096e-04,-9.1893860131128358e-01,-1.3130166019324918e+01,7.9168312440781413e-07
3.6973487150082038e-04,-9.1893860098527702e-01,-1.3140166019324919e+01,7.8380574595750383e-07
-3.6928285731800730e-04,-9.1893860081825385e-01,-1.3150166019324745e+01,7.7600674860661470e-07
-3.6162716661188347e-04,-9.1893859802044331e-01,-1.3160166019324924e+01,7.6828535459559147e-07
-3.5816292486500411e-04,-9.1893859677367984e-01,-1.3170166019324922e+01,7.6064078853762601e-07
-3.5601273757152448e-04,-9.1893859600587413e-01,-1.3180166019324909e+01,7.5307228681273519e-07
-3.4783581677571602e-04,-9.1893859312821713e-01,-1.3190166019324922e+01,7.4557909450556631e-07
3.4660975256683936e-04,-9.1893859270249978e-01,-1.3200166019324922e+01,7.3816045887633955e-07
-3.4657095397672437e-04,-9.1893859268905254e-01,-1.3210166019324912e+01,7.3081563960056355e-07
-3.4629059607618219e-04,-9.1893859259192789e-01,-1.3220166019324923e+01,7.2354390255809587e-07
3.4579336386040394e-04,-9.1893859241986475e-01,-1.3230166019324736e+01,7.1634452056125732e-07
3.4526626344570817e-04,-9.1893859223773577e-01,-1.3240166019324921e+01,7.0921677361783905e-07
3.4518809885040948e-04,-9.1893859221075125e-01,-1.3250166019324915e+01,7.0215994883141430e-07
3.4266014469517587e-04,-9.1893859134132683e-01,-1.3260166019324927e+01,6.9517334121025771e-07
-3.4077694114886733e-04,-9.1893859069780126e-01,-1.3270166019324918e+01,6.8825625133498645e-07
-3.2721117646527067e-04,-9.1893858616691648e-01,-1.3280166019324904e+01,6.8140799029841947e-07
3.2077109826126032e-04,-9.1893858408038820e-01,-1.3290166019324918e+01,6.7462786891792563e-07
3.1824254097429834e-04,-9.1893858327249689e-01,-1.3300166019324930e+01,6.6791521000434200e-07
3.1788017314780641e-04,-9.1893858315724175e-01,-1.3310166019324738e+01,6.6126934269968139e-07
-3.1530714171833197e-04,-9.1893858234263626e-01,-1.3320166019324915e+01,6.5468960333643856e-07
-3.1369563871163990e-04,-9.1893858183581634e-01,-1.3330166019324921e+01,6.4817533326905555e-07
3.1195083408116331e-04,-9.1893858129000094e-01,-1.3340166019324910e+01,6.4172588129361000e-07
3.0803683337216823e-04,-9.1893858007668483e-01,-1.3350166019324929e+01,6.3534060285813446e-07
-3.0800547406990337e-04,-9.1893858006702545e-01,-1.3360166019324907e+01,6.2901885823988094e-07
-3.0796829272928785e-04,-9.1893858005557416e-01,-1.3370166019324918e+01,6.2276001603261109e-07
3.0773487931937696e-04,-9.1893857998371742e-01,-1.3380166019324925e+01,6.1656345038301605e-07
-3.0668683044225969e-04,-9.1893857966174541e-01,-1.3390166019324912e+01,6.1042854174406698e-07
3.0313522052300703e-04,-9.1893857857882044e-01,-1.3400166019324752e+01,6.0435467692402750e-07
2.9910216751731240e-04,-9.1893857736439277e-01,-1.3410166019324905e+01,5.9834124814071650e-07
-2.9644108868329361e-04,-9.1893857657199896e-01,-1.3420166019324924e+01,5.9238765371637889e-07
-2.9410839093218084e-04,-9.1893857588321226e-01,-1.3430166019324915e+01,5.8649329848093531e-07
2.9160034253937126e-04,-9.1893857514871935e-01,-1.3440166019324923e+01,5.8065759308253533e-07
-2.8715562434800362e-04,-9.1893857386251576e-01,-1.3450166019324927e+01,5.7487995423596667e-07
2.8342535285931318e-04,-9.1893857279830482e-01,-1.3460166019324916e+01,5.6915980372275995e-07
2.7765527784730064e-04,-9.1893857117956612e-01,-1.3470166019324919e+01,5.6349656996457955e-07
-2.7375055319210986e-04,-9.1893857010302216e-01,-1.3480166019324729e+01,5.5788968601235795e-07
-2.7298548875363360e-04,-9.1893856989387801e-01,-1.3490166019324928e+01,5.5233859100231855e-07
2.7008426207584797e-04,-9.1893856910609373e-01,-1.3500166019324915e+01,5.4684273062589604e-07
-2.6235396086667111e-04,-9.1893856704813981e-01,-1.3510166019324920e+01,5.4140155565728607e-07
2.5805878433479186e-04,-9.1893856593050760e-01,-1.3520166019324925e+01,5.3601452076910240e-07
2.5402858271374174e-04,-9.1893856489859993e-01,-1.3530166019324909e+01,5.3068108772221191e-07
2.4856087604123282e-04,-9.1893856352459402e-01,-1.3540166019324916e+01,5.2540072339510313e-07
-2.4208692248990074e-04,-9.1893856193637846e-01,-1.3550166019324925e+01,5.2017289967515679e-07
2.3709138916745869e-04,-9.1893856073950286e-01,-1.3560166019324743e+01,5.1499709346069241e-07
2.3620488150274483e-04,-9.1893856052971246e-01,-1.3570166019324901e+01,5.0987278686894965e-07
2.3353489598953168e-04,-9.1893855990261331e-01,-1.3580166019324936e+01,5.0479946818936978e-07
2.3195232381877009e-04,-9.1893855953427972e-01,-1.3590166019324911e+01,4.9977662974165156e-07
-2.3158583562128855e-04,-9.1893855944933911e-01,-1.3600166019324927e+01,4.9480376922946252e-07
2.2956760267278325e-04,-9.1893855898398158e-01,-1.3610166019324902e+01,4.8988038969207290e-07
-2.2914956496509424e-04,-9.1893855888810105e-01,-1.3620166019324929e+01,4.8500599841810432e-07
2.2908745418348981e-04,-9.1893855887387033e-01,-1.3630166019324919e+01,4.8018010810803092e-07
-2.2869251708830033e-04,-9.1893855878347319e-01,-1.3640166019324914e+01,4.7540223624499114e-07
2.2854995865222548e-04,-9.1893855875088126e-01,-1.3650166019324736e+01,4.7067190497376034e-07
2.2566131861945780e-04,-9.1893855809485481e-01,-1.3660166019324926e+01,4.6598864157528800e-07
-2.2541882042318297e-04,-9.1893855804016178e-01,-1.3670166019324917e+01,4.6135197714585109e-07
-2.2329741622621144e-04,-9.1893855756420750e-01,-1.3680166019324920e+01,4.5676144849049638e-07
2.2033065233443509e-04,-9.1893855690613768e-01,-1.3690166019324918e+01,4.5221659643863580e-07
-2.1960186327053225e-04,-9.1893855674582869e-01,-1.3700166019324916e+01,4.4771696619446002e-07
2.1653713597584966e-04,-9.1893855607750508e-01,-1.3710166019324921e+01,4.4326210824374748e-07
-2.1643861115396631e-04,-9.1893855605617569e-01,-1.3720166019324910e+01,4.3885157658339282e-07
-2.1418459917385384e-04,-9.1893855557086068e-01,-1.3730166019324745e+01,4.3448493064788227e-07
2.1338872400468315e-04,-9.1893855540071323e-01,-1.3740166019324914e+01,4.3016173342757347e-07
-2.1106820788955818e-04,-9.1893855490823362e-01,-1.3750166019324926e+01,4.2588155287495551e-07
2.0656432796773561e-04,-9.1893855396775026e-01,-1.3760166019324920e+01,4.2164396101723869e-07
-2.0448380810241407e-04,-9.1893855354015330e-01,-1.3770166019324913e+01,4.1744853368496086e-07
-2.0192686194462419e-04,-9.1893855302056826e-01,-1.3780166019324914e+01,4.1329485158837035e-07
1.9775679142609078e-04,-9.1893855218721376e-01,-1.3790166019324918e+01,4.0918249944544597e-07
1.9515321038283468e-04,-9.1893855167572724e-01,-1.3800166019324918e+01,4.0511106575624155e-07
1.9339222244505822e-04,-9.1893855133361535e-01,-1.3810166019324740e+01,4.0108014343920091e-07
1.9299110417007924e-04,-9.1893855125612256e-01,-1.3820166019324924e+01,3.9708932936277195e-07
1.9134787894438941e-04,-9.1893855094034482e-01,-1.3830166019324921e+01,3.9313822464332677e-07
-1.9131584590302174e-04,-9.1893855093421595e-01,-1.3840166019324919e+01,3.8922643395095487e-07
1.8782082297710649e-04,-9.1893855027167026e-01,-1.3850166019324917e+01,3.8535356647923945e-07
1.8754860170204686e-04,-9.1893855022057847e-01,-1.3860166019324911e+01,3.8151923444691451e-07
-1.8107014585105492e-04,-9.1893854902653838e-01,-1.3870166019324918e+01,3.7772305508729160e-07
1.8083385885889647e-04,-9.1893854898378169e-01,-1.3880166019324918e+01,3.7396464790839055e-07
-1.8083051762300182e-04,-9.1893854898317751e-01,-1.3890166019324917e+01,3.7024363748999191e-07
1.8081195905849344e-04,-9.1893854897982175e-01,-1.3900166019324743e+01,3.6655965174494761e-07
1.7798311904329434e-04,-9.1893854847233480e-01,-1.3910166019324919e+01,3.6291232245334804e-07
1.7460558517766846e-04,-9.1893854787689466e-01,-1.3920166019324922e+01,3.5930128472440290e-07
-1.7420714167778317e-04,-9.1893854780740358e-01,-1.3930166019324913e+01,3.5572617723198059e-07
1.7294513717042173e-04,-9.1893854758834970e-01,-1.3940166019324923e+01,3.5218664270589341e-07
-1.7285500659386616e-04,-9.1893854757276616e-01,-1.3950166019324920e+01,3.4868232706508262e-07
1.6932187075389133e-04,-9.1893854696828747e-01,-1.3960166019324918e+01,3.4521288015073245e-07
-1.6311216570273352e-04,-9.1893854593612878e-01,-1.3970166019324919e+01,3.4177795495407289e-07
-1.6067970309640613e-04,-9.1893854554232302e-01,-1.3980166019324733e+01,3.3837720761472863e-07
1.5859795641652138e-04,-9.1893854520999541e-01,-1.3990166019324926e+01,3.3501029825473828e-07
-1.5853678375329154e-04,-9.1893854520029539e-01,-1.4000166019324912e+01,3.3167689009458511e-07
-1.5767576243468914e-04,-9.1893854506416250e-01,-1.4010166019324926e+01,3.2837664994128278e-07
-1.5747015243001348e-04,-9.1893854503176386e-01,-1.4020166019324920e+01,3.2510924769201078e-07
1.5638305757188363e-04,-9.1893854486116977e-01,-1.4030166019324911e+01,3.2187435668270515e-07
-1.5352358639735464e-04,-9.1893854441808520e-01,-1.4040166019324918e+01,3.1867165346302929e-07
1.5203139860744659e-04,-9.1893854419011256e-01,-1.4050166019324914e+01,3.1550081760357126e-07
-1.4917405484947966e-04,-9.1893854375978878e-01,-1.4060166019324750e+01,3.1236153215061016e-07
-1.4769788226723084e-04,-9.1893854354067173e-01,-1.4070166019324919e+01,3.0925348304305768e-07
-1.4741647508899298e-04,-9.1893854349914805e-01,-1.4080166019324917e+01,3.0617635948584416e-07
-1.4660847263035890e-04,-9.1893854338036163e-01,-1.4090166019324920e+01,3.0312985384289232e-07
-1.4611775649236259e-04,-9.1893854330853886e-01,-1.4100166019324924e+01,3.0011366142311937e-07
-1.3748503976246276e-04,-9.1893854208440751e-01,-1.4110166019324916e+01,2.9712748096153828e-07
1.3694755796258637e-04,-9.1893854201065628e-01,-1.4120166019324907e+01,2.9417101314997863e-07
1.3354407832857950e-04,-9.1893854155034993e-01,-1.4130166019324923e+01,2.9124396279701727e-07
-1.3199027640533570e-04,-9.1893854134405595e-01,-1.4140166019324921e+01,2.8834603700712041e-07
-8.7713944432321579e-05,-9.1893853648020751e-01,-inf,0.0000000000000000e+00
1.2156244692564134e-04,-9.1893854002205366e-01,-inf,0.0000000000000000e+00
1.5107409769908695e-05,-9.1893853274745640e-01,-inf,0.0000000000000000e+00
8.5495493413642620e-05,-9.1893853628807920e-01,-inf,0.0000000000000000e+00
-2.4071436416494448e-05,-9.1893853292305649e-01,-inf,0.0000000000000000e+00
-1.0900643442521982e-04,-9.1893853857454089e-01,-inf,0.0000000000000000e+00
-4.1468974628545313e-05,-9.1893853349317745e-01,-inf,0.0000000000000000e+00
-1.2767233849202099e-04,-9.1893854078345250e-01,-inf,0.0000000000000000e+00
8.1625801967716565e-05,-9.1893853596472519e-01,-inf,0.0000000000000000e+00
-3.6928880878127368e-05,-9.1893853331521058e-01,-inf,0.0000000000000000e+00
7.3358769927458687e-05,-9.1893853532409397e-01,-inf,0.0000000000000000e+00
5.2898679644705634e-05,-9.1893853403247461e-01,-inf,0.0000000000000000e+00
4.8087864384856703e-05,-9.1893853378956081e-01,-inf,0.0000000000000000e+00
8.6929877155285859e-05,-9.1893853641174128e-01,-inf,0.0000000000000000e+00
8.0443685555296453e-05,-9.1893853586893270e-01,-inf,0.0000000000000000e+00
4.7198039727492486e-05,-9.1893853374716694e-01,-inf,0.0000000000000000e+00
-9.4642526771546772e-05,-9.1893853711194340e-01,-inf,0.0000000000000000e+00
1.0435123442728800e-04,-9.1893853807792958e-01,-inf,0.0000000000000000e+00
8.1216748039381498e-05,-9.1893853593141950e-01,-inf,0.0000000000000000e+00
-4.4800682341167894e-05,-9.1893853363689004e-01,-inf,0.0000000000000000e+00
1.3198077782038088e-04,-9.1893854134280228e-01,-inf,0.0000000000000000e+00
-7.1696626539659455e-06,-9.1893853265904146e-01,-inf,0.0000000000000000e+00
-4.2366784268644229e-05,-9.1893853353081167e-01,-inf,0.0000000000000000e+00
-2.9878411288551015e-06,-9.1893853263780312e-01,-inf,0.0000000000000000e+00
-2.5579865967574633e-05,-9.1893853296050421e-01,-inf,0.0000000000000000e+00
-1.4885810329998961e-05,-9.1893853274413317e-01,-inf,0.0000000000000000e+00
-8.3392512465359933e-05,-9.1893853611049503e-01,-inf,0.0000000000000000e+00
1.1959632602087232e-04,-9.1893853978498008e-01,-inf,0.0000000000000000e+00
-4.1126080339798235e-05,-9.1893853347901666e-01,-inf,0.0000000000000000e+00
9.5720114258110472e-05,-9.1893853721450958e-01,-inf,0.0000000000000000e+00
1.0139872577828290e-05,-9.1893853268474801e-01,-inf,0.0000000000000000e+00
3.6887837133445451e-05,-9.1893853331369568e-01,-inf,0.0000000000000000e+00
4.9071295654884775e-06,-9.1893853264537939e-01,-inf,0.0000000000000000e+00
-1.2931193409116012e-04,-9.1893854099412764e-01,-inf,0.0000000000000000e+00
5.9609104834777040e-05,-9.1893853440996220e-01,-inf,0.0000000000000000e+00
1.0879302821526973e-04,-9.1893853855130092e-01,-inf,0.0000000000000000e+00
1.2283665430365352e-04,-9.1893854017776133e-01,-inf,0.0000000000000000e+00
-2.2813895678231104e-05,-9.1893853289357641e-01,-inf,0.0000000000000000e+00
1.1620196339109947e-04,-9.1893853938478764e-01,-inf,0.0000000000000000e+00
-8.5972202505366964e-05,-9.1893853632894928e-01,-inf,0.0000000000000000e+00
5.5900964650247380e-05,-9.1893853419579841e-01,-inf,0.0000000000000000e+00
3.0456778653075944e-05,-9.1893853309714713e-01,-inf,0.0000000000000000e+00
7.3826908142534366e-05,-9.1893853535854564e-01,-inf,0.0000000000000000e+00
-8.4921217710993773e-05,-9.1893853623914612e-01,-inf,0.0000000000000000e+00
-1.1234211514540257e-04,-9.1893853894371491e-01,-inf,0.0000000000000000e+00
1.1085212767387781e-06,-9.1893853263395386e-01,-inf,0.0000000000000000e+00
1.7486140318109171e-05,-9.1893853278622206e-01,-inf,0.0000000000000000e+00
1.1445692790276868e-04,-9.1893853918353363e-01,-inf,0.0000000000000000e+00
-9.4990974691372193e-05,-9.1893853714498208e-01,-inf,0.0000000000000000e+00
-1.6512317491483997e-05,-9.1893853276966775e-01,-inf,0.0000000000000000e+00
1.1481938445287321e-04,-9.1893853922508495e-01,-inf,0.0000000000000000e+00
-1.2496016561664810e-04,-9.1893854044086098e-01,-inf,0.0000000000000000e+00
2.4490360011044716e-05,-9.1893853293322836e-01,-inf,0.0000000000000000e+00
-1.0971155719140333e-04,-9.1893853865165231e-01,-inf,0.0000000000000000e+00
2.1952210841726520e-05,-9.1893853287428928e-01,-inf,0.0000000000000000e+00
-7.6273407877024032e-05,-9.1893853554215588e-01,-inf,0.0000000000000000e+00
4.7241543481660206e-05,-9.1893853374922119e-01,-inf,0.0000000000000000e+00
-4.9418624861500860e-05,-9.1893853385443969e-01,-inf,0.0000000000000000e+00
1.4284306989188946e-05,-9.1893853273536019e-01,-inf,0.0000000000000000e+00
1.8709914688491399e-05,-9.1893853280836990e-01,-inf,0.0000000000000000e+00
-1.1280527218049478e-04,-9.1893853899585420e-01,-inf,0.0000000000000000e+00
3.0882445859708400e-05,-9.1893853311020224e-01,-inf,0.0000000000000000e+00
-1.1289459251086800e-04,-9.1893853900593403e-01,-inf,0.0000000000000000e+00
2.5384582966497381e-05,-9.1893853295552796e-01,-inf,0.0000000000000000e+00
-2.8086653073684895e-05,-9.1893853302776951e-01,-inf,0.0000000000000000e+00
-9.6068490782882368e-05,-9.1893853724791696e-01,-inf,0.0000000000000000e+00
7.6442132660222757e-05,-9.1893853555503924e-01,-inf,0.0000000000000000e+00
1.0479898072198943e-05,-9.1893853268825365e-01,-inf,0.0000000000000000e+00
5.3086541474351386e-05,-9.1893853404242987e-01,-inf,0.0000000000000000e+00
-3.9749054634276488e-05,-9.1893853342333309e-01,-inf,0.0000000000000000e+00
-1.6381436758478550e-05,-9.1893853276751525e-01,-inf,0.0000000000000000e+00
-2.9026509175352736e-05,-9.1893853305460860e-01,-inf,0.0000000000000000e+00
1.0833142356005545e-04,-9.1893853850118812e-01,-inf,0.0000000000000000e+00
-8.2243899934618842e-05,-9.1893853601536901e-01,-inf,0.0000000000000000e+00
2.7835480589082372e-05,-9.1893853302074646e-01,-inf,0.0000000000000000e+00
9.7677687192255580e-05,-9.1893853740380471e-01,-inf,0.0000000000000000e+00
-3.9253440209354102e-05,-9.1893853340375575e-01,-inf,0.0000000000000000e+00
1.0321709029722876e-04,-9.1893853796022329e-01,-inf,0.0000000000000000e+00
5.4090555479267617e-05,-9.1893853409623361e-01,-inf,0.0000000000000000e+00
6.6713084084835594e-05,-9.1893853485865729e-01,-inf,0.0000000000000000e+00
1.1199252859484205e-05,-9.1893853269605108e-01,-inf,0.0000000000000000e+00
9.6892804993368954e-05,-9.1893853732744735e-01,-inf,0.0000000000000000e+00
1.2245622495345455e-04,-9.1893854013110299e-01,-inf,0.0000000000000000e+00
5.2769437371175067e-05,-9.1893853402564618e-01,-inf,0.0000000000000000e+00
-5.5230947071953886e-05,-9.1893853415856819e-01,-inf,0.0000000000000000e+00
-1.1723658143200308e-04,-9.1893853950554749e-01,-inf,0.0000000000000000e+00
-7.4401089346836493e-06,-9.1893853266101710e-01,-inf,0.0000000000000000e+00
-1.0317962165522394e-04,-9.1893853795635660e-01,-inf,0.0000000000000000e+00
-1.2685641612412510e-04,-9.1893854067961467e-01,-inf,0.0000000000000000e+00
6.0664611072548560e-06,-9.1893853265174041e-01,-inf,0.0000000000000000e+00
-2.0083967652856230e-07,-9.1893853263335967e-01,-inf,0.0000000000000000e+00
1.1772600766279050e-04,-9.1893853956304594e-01,-inf,0.0000000000000000e+00
-5.0897525338455162e-05,-9.1893853392861846e-01,-inf,0.0000000000000000e+00
2.7618844511019362e-05,-9.1893853301473971e-01,-inf,0.0000000000000000e+00
-2.6678300335087398e-05,-9.1893853298920536e-01,-inf,0.0000000000000000e+00
4.0023959925722562e-05,-9.1893853343429810e-01,-inf,0.0000000000000000e+00
-1.3027940077723666e-04,-9.1893854111970064e-01,-inf,0.0000000000000000e+00
9.0976103198219058e-05,-9.1893853677166515e-01,-inf,0.0000000000000000e+00
-1.1392156432557293e-04,-9.1893853912240087e-01,-inf,0.0000000000000000e+00
3.7178127218786059e-05,-9.1893853332444608e-01,-inf,0.0000000000000000e+00
