cmpt_0,logl,logv,weight
-2.6777450422987559e+00,-4.5040977884111228e+00,-4.6101660193249021e+00,1.1008433460017631e-04
-2.5340911574233944e+00,-4.1297475296990589e+00,-4.6201660193248868e+00,1.5847502484414328e-04
-2.3796450663868036e+00,-3.7502938536228672e+00,-4.6301660193248999e+00,2.2930447028207644e-04
2.2704126390254737e+00,-3.4963253083566475e+00,-4.6401660193248961e+00,2.9266225484232195e-04
-2.2103339244540434e+00,-3.3617265614295460e+00,-4.6501660193249013e+00,3.3149674057009025e-04
-1.9720956419451621e+00,-2.8635191431228897e+00,-4.6601660193248975e+00,5.4013839594904602e-04
-1.8992591374604295e+00,-2.7225311682468067e+00,-4.6701660193249008e+00,6.1573296452173236e-04
1.8553936307218810e+00,-2.6401812950950014e+00,-4.6801660193248891e+00,6.6193227266081434e-04
1.8517663098532511e+00,-2.6334577657871030e+00,-4.6901660193248995e+00,6.5976702009960277e-04
-1.8400557909103485e+00,-2.6118411894646938e+00,-4.7001660193248913e+00,6.6747594299946286e-04
-1.7739358653630783e+00,-2.4923627598440663e+00,-4.7101660193249000e+00,7.4470024283085313e-04
-1.7475422762399941e+00,-2.4458905362563694e+00,-4.7201660193248962e+00,7.7236250230267825e-04
1.6595129531768027e+00,-2.2959301535141359e+00,-4.7301660193248987e+00,8.8839315322083653e-04
-1.6070178618632651e+00,-2.2101917368071295e+00,-4.7401660193249038e+00,9.5829225742968078e-04
-1.5030547770726557e+00,-2.0485253640738046e+00,-4.7501660193248929e+00,1.1152336065669076e-03
-1.4728298945922398e+00,-2.0035524818356336e+00,-4.7601660193248980e+00,1.1549265834276943e-03
-1.4158778296378312e+00,-1.9212935468633070e+00,-4.7701660193248987e+00,1.2414694431228245e-03
1.3573568325769307e+00,-1.8401473181049783e+00,-4.7801660193248923e+00,1.3330131972394703e-03
-1.3346852702543206e+00,-1.8096309179502639e+00,-4.7901660193248956e+00,1.3606443056373104e-03
1.2832664060332057e+00,-1.7423248670600295e+00,-4.8001660193248954e+00,1.4408949197420352e-03
1.2780351644941119e+00,-1.7356254734750853e+00,-4.8101660193248987e+00,1.4361469326552088e-03
-1.2634760972085006e+00,-1.7171244567419517e+00,-4.8201660193249003e+00,1.4484076823425710e-03
-1.2632361856984096e+00,-1.7168213630622728e+00,-4.8301660193249010e+00,1.4344304860376552e-03
-1.2505669598276623e+00,-1.7008973931396403e+00,-4.8401660193248999e+00,1.4429532284034349e-03
-1.2483429479983361e+00,-1.6981185905419278e+00,-4.8501660193248908e+00,1.4325709098009984e-03
-1.1984702024062917e+00,-1.6371039456612282e+00,-4.8601660193248915e+00,1.5075492423522780e-03
1.1734099730692171e+00,-1.6073840150824898e+00,-4.8701660193248957e+00,1.5375730696959458e-03
-1.1604747815272705e+00,-1.5922893919137224e+00,-4.8801660193249008e+00,1.5454264130066332e-03
1.1431562694694035e+00,-1.5723416608469414e+00,-4.8901660193249050e+00,1.5608766191856321e-03
-1.1413526878490778e+00,-1.5702815116634967e+00,-4.9001660193248906e+00,1.5485325615230746e-03
-1.1367994215535149e+00,-1.5650949950555426e+00,-4.9101660193248922e+00,1.5410966364643194e-03
-1.1247402494351908e+00,-1.5514588469831070e+00,-4.9201660193249026e+00,1.5467104922485316e-03
-1.1173844113728613e+00,-1.5432124940228773e+00,-4.9301660193248953e+00,1.5440004848651446e-03
-1.1024380144510919e+00,-1.5266233204867725e+00,-4.9401660193248880e+00,1.5542077638350589e-03
-1.0852183328708351e+00,-1.5077879476328169e+00,-4.9501660193249064e+00,1.5680006116709569e-03
-1.0832564841382524e+00,-1.5056608378471235e+00,-4.9601660193248920e+00,1.5557043819450908e-03
1.0749540863415112e+00,-1.4967016765044960e+00,-4.9701660193249033e+00,1.5540859870749790e-03
1.0535851476661346e+00,-1.4739593643246749e+00,-4.9801660193248907e+00,1.5740153392357471e-03
-9.8115794659684485e-01,-1.4002739907184081e+00,-4.9901660193248940e+00,1.6775179142441928e-03
-9.7939670187317251e-01,-1.3985474824533635e+00,-5.0001660193249080e+00,1.6636962392441832e-03
9.0600400725856445e-01,-1.3293601632176280e+00,-5.0101660193248980e+00,1.7651383921112478e-03
-8.8120955697651138e-01,-1.3072036742867092e+00,-5.0201660193248872e+00,1.7867272338278545e-03
-8.7961937914623323e-01,-1.3058036587181419e+00,-5.0301660193248994e+00,1.7714272913653751e-03
-8.5734597707408455e-01,-1.2864595948358979e+00,-5.0401660193249072e+00,1.7880571955839609e-03
8.5238282484679206e-01,-1.2822167726802380e+00,-5.0501660193248954e+00,1.7777926081924212e-03
8.4999992464413132e-01,-1.2801884685808540e+00,-5.0601660193248881e+00,1.7636769238687938e-03
8.4771534598841947e-01,-1.2782491865454724e+00,-5.0701660193248976e+00,1.7495175655688213e-03
8.3300190435660648e-01,-1.2658846189642059e+00,-5.0801660193248974e+00,1.7536593128781592e-03
8.1615857195755648e-01,-1.2519959399232383e+00,-5.0901660193249070e+00,1.7604920075612017e-03
-7.8635307543934840e-01,-1.2281141122598003e+00,-5.1001660193248899e+00,1.7851012697886325e-03
-7.2000322571321906e-01,-1.1781408551520598e+00,-5.1101660193248888e+00,1.8579029482577753e-03
-7.1939274766847183e-01,-1.1777014953323364e+00,-5.1201660193249117e+00,1.8402248483124814e-03
7.1928094315648217e-01,-1.1776210702273788e+00,-5.1301660193248875e+00,1.8220608386745277e-03
6.8315447432363352e-01,-1.1522885505275395e+00,-5.1401660193248944e+00,1.8502128918215191e-03
-6.7394092891062607e-01,-1.1460367204637982e+00,-5.1501660193248933e+00,1.8432909598770466e-03
6.6437319676595485e-01,-1.1396344049238465e+00,-5.1601660193249019e+00,1.8366712955071929e-03
-6.6310511064943589e-01,-1.1387927265180398e+00,-5.1701660193248982e+00,1.8199272597855490e-03
-6.6176110544298739e-01,-1.1379024129719018e+00,-5.1801660193248997e+00,1.8034235788907875e-03
6.5204624375918963e-01,-1.1315206846335737e+00,-5.1901660193249066e+00,1.7969100933475141e-03
-6.4099934681511550e-01,-1.1243786139420417e+00,-5.2001660193248975e+00,1.7917819827063517e-03
-6.2476355487998747e-01,-1.1141032823864789e+00,-5.2101660193248884e+00,1.7922753847483546e-03
-6.2389520772085982e-01,-1.1135611477418670e+00,-5.2201660193248891e+00,1.7754041939672140e-03
6.2207601443504856e-01,-1.1124278165010368e+00,-5.2301660193248987e+00,1.7597318564552926e-03
6.2177882720457212e-01,-1.1122429876132860e+00,-5.2401660193248967e+00,1.7425442746845073e-03
6.1843661743255485e-01,-1.1101704575240496e+00,-5.2501660193248982e+00,1.7287849178808659e-03
-6.1754137398334130e-01,-1.1096172069239560e+00,-5.2601660193248856e+00,1.7125304169742523e-03
6.1192511686000073e-01,-1.1061647069554021e+00,-5.2701660193249014e+00,1.7013542519123757e-03
6.0764637196249027e-01,-1.1035555893129281e+00,-5.2801660193248923e+00,1.6888260968773426e-03
5.9044809025961031e-01,-1.0932530062789498e+00,-5.2901660193249151e+00,1.6893371843208548e-03
5.8610621703862698e-01,-1.0906987814590046e+00,-5.3001660193248936e+00,1.6768054714972917e-03
5.6963124048552172e-01,-1.0811784077018767e+00,-5.3101660193248952e+00,1.6760014244254203e-03
-5.6891026866760830e-01,-1.0807679795310645e+00,-5.3201660193249030e+00,1.6600061050890387e-03
-5.6747157050617070e-01,-1.0799505242997094e+00,-5.3301660193248930e+00,1.6448327961238135e-03
-5.6471829215930647e-01,-1.0783919073830013e+00,-5.3401660193248937e+00,1.6310065707175159e-03
-5.6280036799559330e-01,-1.0773106597413271e+00,-5.3501660193248943e+00,1.6165247031094438e-03
5.5843919051100832e-01,-1.0748656973826347e+00,-5.3601660193249012e+00,1.6043578166442898e-03
-5.5381096483807823e-01,-1.0722918250207809e+00,-5.3701660193248957e+00,1.5924877794762430e-03
-5.3938112258254667e-01,-1.0644045303325436e+00,-5.3801660193248910e+00,1.5891268736375665e-03
-5.3023424180378620e-01,-1.0595127082239575e+00,-5.3901660193249050e+00,1.5810300285437587e-03
5.2907411998683040e-01,-1.0588982448532589e+00,-5.4001660193248888e+00,1.5662606310767524e-03
-5.2046816767487902e-01,-1.0543820894147624e+00,-5.4101660193248966e+00,1.5576950089690501e-03
5.1613811005841836e-01,-1.0521378069606775e+00,-5.4201660193249124e+00,1.5456606941531663e-03
4.9545637788560587e-01,-1.0416770438271017e+00,-5.4301660193248917e+00,1.5463730417172251e-03
4.8313663158101505e-01,-1.0356490350210641e+00,-5.4401660193249004e+00,1.5402430438210277e-03
4.8136826603074623e-01,-1.0347962364040630e+00,-5.4501660193248966e+00,1.5262183715595958e-03
4.7438633266302693e-01,-1.0314597289420775e+00,-5.4601660193248893e+00,1.5160822353687525e-03
-4.7324239078887476e-01,-1.0309177128531244e+00,-5.4701660193248998e+00,1.5018107501037913e-03
4.6577942897819613e-01,-1.0274137708629667e+00,-5.4801660193248960e+00,1.4920865191314252e-03
-4.6223687534003410e-01,-1.0257699970953986e+00,-5.4901660193248976e+00,1.4796702554220769e-03
-4.5525161342254239e-01,-1.0225655483952534e+00,-5.5001660193248920e+00,1.4696491682644767e-03
4.5508604870812064e-01,-1.0224901884977244e+00,-5.5101660193248962e+00,1.4551355694454090e-03
4.5225315561450630e-01,-1.0212049910149790e+00,-5.5201660193248889e+00,1.4425094473127407e-03
-4.4500741811423683e-01,-1.0179543337216890e+00,-5.5301660193248949e+00,1.4328062386700605e-03
-4.4272927682047714e-01,-1.0169431389103307e+00,-5.5401660193249169e+00,1.4199847338519447e-03
-4.3017179546060469e-01,-1.0114624194382396e+00,-5.5501660193248945e+00,1.4135819034852099e-03
-4.2820431576025747e-01,-1.0106180006511947e+00,-5.5601660193249005e+00,1.4006988056840983e-03
4.2658227370294377e-01,-1.0099247507521261e+00,-5.5701660193248888e+00,1.3877233253657675e-03
4.1707468733009179e-01,-1.0059141800390863e+00,-5.5801660193249027e+00,1.3794364961005055e-03
4.1446512354605330e-01,-1.0048292019513620e+00,-5.5901660193248945e+00,1.3671934441367270e-03
-4.0321243685684915e-01,-1.0002286672513587e+00,-5.6001660193248943e+00,1.3598312244881322e-03
-4.0149811457009099e-01,-9.9953890063500839e-01,-5.6101660193248959e+00,1.3472296313382316e-03
-3.9933457105865150e-01,-9.9867258245463808e-01,-5.6201660193248966e+00,1.3349804895853390e-03
-3.9391620020361379e-01,-9.9652351902476621e-01,-5.6301660193248981e+00,1.3245406772149559e-03
3.9241431374877567e-01,-9.9593302945080076e-01,-5.6401660193248970e+00,1.3121358510989876e-03
3.9178639108864288e-01,-9.9568682075447101e-01,-5.6501660193248862e+00,1.2993997653783908e-03
3.7812170386870880e-01,-9.9042654410162723e-01,-5.6601660193248939e+00,1.2932555424340782e-03
-3.7457696168061783e-01,-9.8909248274428097e-01,-5.6701660193248991e+00,1.2820966900534208e-03
3.6966439218720570e-01,-9.8726441405890752e-01,-5.6801660193248944e+00,1.2716621770936061e-03
3.6914495839690914e-01,-9.8707253278826734e-01,-5.6901660193249093e+00,1.2592505304281183e-03
-3.6298574919435261e-01,-9.8481785969243218e-01,-5.7001660193248957e+00,1.2495348973629039e-03
-3.5603497998424366e-01,-9.8231898611952984e-01,-5.7101660193248964e+00,1.2401970441158899e-03
3.4947504739794888e-01,-9.8000493701023883e-01,-5.7201660193248935e+00,1.2307014884720628e-03
3.4895851053666954e-01,-9.7982455367132493e-01,-5.7301660193249049e+00,1.2186756130072003e-03
3.4742210753727010e-01,-9.7928959303615870e-01,-5.7401660193248940e+00,1.2071952172636503e-03
-3.4737261104835593e-01,-9.7927239808661570e-01,-5.7501660193249133e+00,1.1952039754500056e-03
-3.4287250833896221e-01,-9.7771931112066535e-01,-5.7601660193248856e+00,1.1851507107131824e-03
3.4208048870788665e-01,-9.7744806301065279e-01,-5.7701660193248978e+00,1.1736765784899235e-03
3.3927317149034397e-01,-9.7649167507989765e-01,-5.7801660193248940e+00,1.1631101541567960e-03
-3.3921634403962619e-01,-9.7647239666514452e-01,-5.7901660193249018e+00,1.1515592147770604e-03
-3.3845596642955250e-01,-9.7621475323922069e-01,-5.8001660193249007e+00,1.1403947865155262e-03
3.2557885666273617e-01,-9.7193932858624676e-01,-5.8101660193248863e+00,1.1338851608332355e-03
3.2526337998916444e-01,-9.7183666581432726e-01,-5.8201660193248959e+00,1.1227180704064530e-03
-3.2157893237015012e-01,-9.7064503750550224e-01,-5.8301660193249027e+00,1.1128721791325781e-03
3.1417105270894885e-01,-9.6829025781346401e-01,-5.8401660193248812e+00,1.1043964667759615e-03
3.0993302105364490e-01,-9.6696777140305901e-01,-5.8501660193249023e+00,1.0948545115254597e-03
-3.0296564158991274e-01,-9.6483262262533320e-01,-5.8601660193249074e+00,1.0862774166816409e-03
-3.0135495506425447e-01,-9.6434593710422889e-01,-5.8701660193248939e+00,1.0759923182626625e-03
3.0031641391352837e-01,-9.6403350686628031e-01,-5.8801660193248937e+00,1.0656188953728468e-03
2.9972672419763080e-01,-9.6385658723246082e-01,-5.8901660193248944e+00,1.0552024797269384e-03
2.9894123406635653e-01,-9.6362146334589760e-01,-5.9001660193248942e+00,1.0449487031438955e-03
2.9841839606643050e-01,-9.6346530218876991e-01,-5.9101660193248859e+00,1.0347128591656567e-03
2.9787888538268703e-01,-9.6330444781175550e-01,-5.9201660193248999e+00,1.0245820894543953e-03
2.8782587798701031e-01,-9.6036040065283612e-01,-5.9301660193249086e+00,1.0173781318302902e-03
2.8609378586288137e-01,-9.5986335978801762e-01,-5.9401660193248942e+00,1.0077558216415217e-03
2.7573708769009225e-01,-9.5695400339724623e-01,-5.9501660193249002e+00,1.0006354580779813e-03
-2.7483154379058727e-01,-9.5670472136449825e-01,-5.9601660193248973e+00,9.9092595816451510e-04
-2.7291792530735481e-01,-9.5618062961037487e-01,-5.9701660193248847e+00,9.8158038354069000e-04
2.6988371995808447e-01,-9.5535714378254633e-01,-5.9801660193249111e+00,9.7261409977462520e-04
2.6956822655128981e-01,-9.5527204701634327e-01,-5.9901660193249064e+00,9.6301837404666349e-04
-2.6788775336552056e-01,-9.5482045683495242e-01,-6.0001660193248911e+00,9.5386684077380175e-04
2.6374146266869236e-01,-9.5371831219865011e-01,-6.0101660193249042e+00,9.4541711953532960e-04
-2.6119754327600975e-01,-9.5305061094005095e-01,-6.0201660193248863e+00,9.3663524581083491e-04
-2.6063634733625562e-01,-9.5290418540973210e-01,-6.0301660193249038e+00,9.2745136201414396e-04
-2.5769615753651426e-01,-9.5214218743788148e-01,-6.0401660193248912e+00,9.1892301753380349e-04
-2.5648632356343737e-01,-9.5183114972088356e-01,-6.0501660193248936e+00,9.1006260051401818e-04
-2.5447833742274389e-01,-9.5131814474206144e-01,-6.0601660193249005e+00,9.0146966616577761e-04
-2.5343783111841356e-01,-9.5105389975434218e-01,-6.0701660193248959e+00,8.9273576290297850e-04
2.5073149017374197e-01,-9.5037167271571210e-01,-6.0801660193248939e+00,8.8445608772050636e-04
2.4457078352029987e-01,-9.4884596670920618e-01,-6.0901660193248954e+00,8.7699261530344778e-04
-2.4217395887077522e-01,-9.4826264581091146e-01,-6.1001660193248943e+00,8.6877301866104849e-04
-2.4140966729858673e-01,-9.4807784636594661e-01,-6.1101660193249021e+00,8.6028754866376595e-04
-2.4136177791851660e-01,-9.4806628655333314e-01,-6.1201660193248895e+00,8.5173739039877253e-04
2.3975982383427677e-01,-9.4768091919586117e-01,-6.1301660193249070e+00,8.4358749021243989e-04
-2.3828673597545069e-01,-9.4732881690425652e-01,-6.1401660193248890e+00,8.3548777981545070e-04
-2.3389542935099705e-01,-9.4629206856898307e-01,-6.1501660193248942e+00,8.2803255402723135e-04
2.2262143688833941e-01,-9.4371868471445386e-01,-6.1601660193248957e+00,8.2190585258208701e-04
-2.2008067691293112e-01,-9.4315628480856650e-01,-6.1701660193249035e+00,8.1418552183048761e-04
2.1574720397240699e-01,-9.4221196064429513e-01,-6.1801660193248864e+00,8.0684580488125403e-04
-2.1503209940904294e-01,-9.4205793452146969e-01,-6.1901660193249004e+00,7.9894060323080574e-04
-2.1226226173272425e-01,-9.4146616651128523e-01,-6.2001660193248940e+00,7.9145923310666613e-04
-2.1180446245922477e-01,-9.4136909779216005e-01,-6.2101660193249044e+00,7.8366014735138797e-04
2.1108070502549608e-01,-9.4121606465036967e-01,-6.2201660193248891e+00,7.7598134037764580e-04
-2.0221639548253256e-01,-9.3938426793431351e-01,-6.2301660193249182e+00,7.6966878326726988e-04
-1.9871349732454416e-01,-9.3868205964281526e-01,-6.2401660193248949e+00,7.6254572888886430e-04
-1.9828118286763385e-01,-9.3859624637303352e-01,-6.2501660193249009e+00,7.5502306033023707e-04
1.9668686762781451e-01,-9.3828139458196014e-01,-6.2601660193249007e+00,7.4774584741731608e-04
1.9641274205759429e-01,-9.3822751525463099e-01,-6.2701660193248960e+00,7.4034554016725739e-04
1.9624717442656359e-01,-9.3819500936854450e-01,-6.2801660193248861e+00,7.3300280547798158e-04
-1.9419771019241766e-01,-9.3779490795532860e-01,-6.2901660193248929e+00,7.2599972111387354e-04
1.9281247972274346e-01,-9.3752685880175612e-01,-6.3001660193249061e+00,7.1896859628763933e-04
1.9278476407302092e-01,-9.3752151526268468e-01,-6.3101660193248987e+00,7.1181854284548852e-04
-1.9201850413458921e-01,-9.3737408559838209e-01,-6.3201660193248861e+00,7.0483973662987056e-04
1.9138815359398853e-01,-9.3725324530139753e-01,-6.3301660193249081e+00,6.9791079472252535e-04
-1.9057377637073364e-01,-9.3709771475344061e-01,-6.3401660193248830e+00,6.9107394103751099e-04
-1.8652390141917982e-01,-9.3633411553365542e-01,-6.3501660193249094e+00,6.8472029274001690e-04
-1.8461462436419368e-01,-9.3597981239790562e-01,-6.3601660193248941e+00,6.7814743919701452e-04
-1.8315781310183721e-01,-9.3571192488346322e-01,-6.3701660193248877e+00,6.7157964314040839e-04
1.7918084226509759e-01,-9.3499141975075439e-01,-6.3801660193248928e+00,6.6537654859271972e-04
-1.7651784337846180e-01,-9.3451780714883104e-01,-6.3901660193248988e+00,6.5906801032428641e-04
-1.7345463123427873e-01,-9.3398178718164926e-01,-6.4001660193248995e+00,6.5286002628855099e-04
-1.7207806008742257e-01,-9.3374396201506482e-01,-6.4101660193248904e+00,6.4651770038592416e-04
1.5973536413473499e-01,-9.3169622591096768e-01,-6.4201660193248964e+00,6.4139680934398053e-04
1.5768070353174424e-01,-9.3137013476647235e-01,-6.4301660193248935e+00,6.3522191092857188e-04
1.5746653706871758e-01,-9.3133638778154637e-01,-6.4401660193249013e+00,6.2892257119106295e-04
1.5535482675893786e-01,-9.3100609373198928e-01,-6.4501660193249020e+00,6.2287038345809230e-04
-1.5313743484024817e-01,-9.3066406960806514e-01,-6.4601660193249000e+00,6.1688367261008615e-04
-1.5187412326958222e-01,-9.3047140729279154e-01,-6.4701660193248838e+00,6.1086325650299789e-04
-1.5136351259723119e-01,-9.3039398910622551e-01,-6.4801660193249280e+00,6.0483188871973735e-04
1.5018114382790618e-01,-9.3021572061406854e-01,-6.4901660193248931e+00,5.9892047000612480e-04
1.5005738047022754e-01,-9.3019714135013276e-01,-6.5001660193248920e+00,5.9297212864187936e-04
1.4878082420049812e-01,-9.3000639945822927e-01,-6.5101660193248971e+00,5.8718394727585727e-04
-1.4727197373756218e-01,-9.2978304975761805e-01,-6.5201660193249014e+00,5.8147122630265659e-04
1.4610350448662440e-01,-9.2961164964497600e-01,-6.5301660193248852e+00,5.7578417194559803e-04
-1.4564398094799422e-01,-9.2954461722652937e-01,-6.5401660193249009e+00,5.7009323715777544e-04
-1.4353781990659711e-01,-9.2924008550510884e-01,-6.5501660193249043e+00,5.6459262485614647e-04
-1.4318060558497175e-01,-9.2918887554117913e-01,-6.5601660193248890e+00,5.5900346018890594e-04
-1.4304716818049429e-01,-9.2916977879556872e-01,-6.5701660193248967e+00,5.5345185185353698e-04
-1.4132559153089330e-01,-9.2892499404411788e-01,-6.5801660193249019e+00,5.4807905889297495e-04
-1.4110338694913016e-01,-9.2889361553759742e-01,-6.5901660193248821e+00,5.4264260818587707e-04
-1.4074216523331085e-01,-9.2884271117061978e-01,-6.6001660193249112e+00,5.3727057274193749e-04
1.4061718999561329e-01,-9.2882512969447062e-01,-6.6101660193249039e+00,5.3193399332408353e-04
-1.3965344973173680e-01,-9.2869007564432682e-01,-6.6201660193248770e+00,5.2671229148098576e-04
1.3892278760455884e-01,-9.2858830309125018e-01,-6.6301660193249310e+00,5.2152449079249192e-04
1.3621322752921827e-01,-9.2821555431030278e-01,-6.6401660193248597e+00,5.1652773460951333e-04
-1.3579972112067662e-01,-9.2815931476156621e-01,-6.6501660193249164e+00,5.1141695882717315e-04
-1.3567834040142693e-01,-9.2814283866038216e-01,-6.6601660193248859e+00,5.0633661744798036e-04
-1.3322446540620630e-01,-9.2781291172472424e-01,-6.6701660193249168e+00,5.0146390308474257e-04
1.3114292650878095e-01,-9.2753776621998318e-01,-6.6801660193248669e+00,4.9661087533398539e-04
1.3002261006851829e-01,-9.2739147219785445e-01,-6.6901660193249173e+00,4.9174144813485753e-04
1.2969252337453868e-01,-9.2734860794296714e-01,-6.7001660193248824e+00,4.8686940782063427e-04
-1.2946010828305388e-01,-9.2731849245166953e-01,-6.7101660193249124e+00,4.8203949290792544e-04
-1.2909128476900761e-01,-9.2727081253499599e-01,-6.7201660193248767e+00,4.7726587526871248e-04
1.2773627123587827e-01,-9.2709681012796241e-01,-6.7301660193249155e+00,4.7259922671294153e-04
-1.2719592672443158e-01,-9.2702793452098298e-01,-6.7401660193248771e+00,4.6792901362212086e-04
-1.2632541397427297e-01,-9.2691758774122524e-01,-6.7501660193249133e+00,4.6332416565193080e-04
1.2589239290412826e-01,-9.2686297992890321e-01,-6.7601660193248811e+00,4.5873906322837978e-04
1.2420025527270662e-01,-9.2665138433824223e-01,-6.7701660193249182e+00,4.5427064478014860e-04
-1.2239868872012209e-01,-9.2642925213354210e-01,-6.7801660193248727e+00,4.4985049152560126e-04
1.2156094531565165e-01,-9.2632706434635692e-01,-6.7901660193249160e+00,4.4541991849718831e-04
-1.2098736035164703e-01,-9.2625750331576906e-01,-6.8001660193248785e+00,4.4101859289759457e-04
-1.2068996871385035e-01,-9.2622156690741453e-01,-6.8101660193249165e+00,4.3664607578828044e-04
1.2033558634824551e-01,-9.2617885930422750e-01,-6.8201660193248683e+00,4.3231983769125563e-04
1.1567575184875653e-01,-9.2562897241622699e-01,-6.8301660193249196e+00,4.2825360974255633e-04
-1.1440841412172101e-01,-9.2548317524426305e-01,-6.8401660193248786e+00,4.2405423652975947e-04
-1.1227777082987075e-01,-9.2524168154460196e-01,-6.8501660193249103e+00,4.1993622608557652e-04
-1.1156100914029504e-01,-9.2516146201353999e-01,-6.8601660193249190e+00,4.1579114405406175e-04
1.0971652715504368e-01,-9.2495739079882122e-01,-6.8701660193248753e+00,4.1173796833962026e-04
1.0841130968562229e-01,-9.2481503866721537e-01,-6.8801660193249150e+00,4.0769913981381344e-04
1.0653470177333280e-01,-9.2461335397430600e-01,-6.8901660193248739e+00,4.0372388230905626e-04
1.0643560455857085e-01,-9.2460280159221375e-01,-6.9001660193249190e+00,3.9971098044136927e-04
-1.0585565319216918e-01,-9.2454124228970991e-01,-6.9101660193248833e+00,3.9575815157962360e-04
-1.0492017294460088e-01,-9.2444265397870196e-01,-6.9201660193249088e+00,3.9185892298134009e-04
-1.0464600648703276e-01,-9.2441392597018157e-01,-6.9301660193248731e+00,3.8797100702511880e-04
-1.0443962233155236e-01,-9.2439234998971809e-01,-6.9401660193249235e+00,3.8411891865757403e-04
-1.0411082899171717e-01,-9.2435806499001072e-01,-6.9501660193248753e+00,3.8030991025850454e-04
-1.0140281038624330e-01,-9.2407979761045367e-01,-6.9601660193249106e+00,3.7663055284116578e-04
1.0104718668132728e-01,-9.2404379960144500e-01,-6.9701660193248811e+00,3.7289643951304629e-04
-1.0071642170764836e-01,-9.2401043143413586e-01,-6.9801660193249200e+00,3.6919837721321818e-04
9.9457802782085547e-02,-9.2388445990045953e-01,-6.9901660193248638e+00,3.6557084059941897e-04
9.7788643649363780e-02,-9.2371984204673063e-01,-7.0001660193249240e+00,3.6199293555453163e-04
-9.6000471221639488e-02,-9.2354657787072791e-01,-7.0101660193248723e+00,3.5845314737321482e-04
-9.5547353066304352e-02,-9.2350318097232797e-01,-7.0201660193249227e+00,3.5490188027035267e-04
-9.5294242973500295e-02,-9.2347902900528567e-01,-7.0301660193248745e+00,3.5137903395131216e-04
9.1863271407904207e-02,-9.2315796295022057e-01,-7.0401660193249143e+00,3.4799446542231469e-04
9.1643132892894136e-02,-9.2313776453655183e-01,-7.0501660193248732e+00,3.4453882170437184e-04
-9.0738804879634843e-02,-9.2305529798883168e-01,-7.0601660193249218e+00,3.4113873452229618e-04
9.0735677513020890e-02,-9.2305501422021297e-01,-7.0701660193248737e+00,3.3774444324047759e-04
8.9768991855742331e-02,-9.2296776858273766e-01,-7.0801660193249205e+00,3.3441300468299280e-04
-8.9135193955261205e-02,-9.2291107403406047e-01,-7.0901660193248635e+00,3.3110431096733140e-04
8.6913696947605493e-02,-9.2271552799188961e-01,-7.1001660193249299e+00,3.2787387619738516e-04
-8.5216882088808704e-02,-9.2256949112980846e-01,-7.1101660193249048e+00,3.2465888532299040e-04
8.4651132772895488e-02,-9.2252143977320666e-01,-7.1201660193248903e+00,3.2144392088460119e-04
-8.3775393784016258e-02,-9.2244769093517298e-01,-7.1301660193249061e+00,3.1826897153281402e-04
8.3708700838319855e-02,-9.2244210593135911e-01,-7.1401660193248810e+00,3.1510390220517039e-04
8.2702619680929179e-02,-9.2235839428438371e-01,-7.1501660193249181e+00,3.1199468248750760e-04
8.0942890657166283e-02,-9.2221440840730851e-01,-7.1601660193248691e+00,3.0893476256789004e-04
-7.9562899734474363e-02,-9.2210366014041845e-01,-7.1701660193249195e+00,3.0589468575010343e-04
-7.6942053836531299e-02,-9.2189857245763129e-01,-7.1801660193248802e+00,3.0291310014747872e-04
7.6870715498710024e-02,-9.2189308608398124e-01,-7.1901660193249199e+00,2.9990070980428270e-04
7.5784151681732526e-02,-9.2181015145639944e-01,-7.2001660193248691e+00,2.9694127357576507e-04
7.5781988580032045e-02,-9.2180998752991150e-01,-7.2101660193249142e+00,2.9398670672914346e-04
7.5060584378600650e-02,-9.2175557829696797e-01,-7.2201660193248784e+00,2.9107732698491293e-04
7.4688508907114620e-02,-9.2172771931472353e-01,-7.2301660193249093e+00,2.8818908773240088e-04
-7.4460540654360363e-02,-9.2171071869060928e-01,-7.2401660193248807e+00,2.8532640908359417e-04
7.3746181531368735e-02,-9.2165778227856832e-01,-7.2501660193249204e+00,2.8250231814074775e-04
7.2763836934324311e-02,-9.2158582061604188e-01,-7.2601660193248732e+00,2.7971150088942399e-04
7.1969322839954941e-02,-9.2152832434836029e-01,-7.2701660193249209e+00,2.7694424775613776e-04
7.0081549615546412e-02,-9.2139424443159756e-01,-7.2801660193248701e+00,2.7422537209900917e-04
-6.8864448794667452e-02,-9.2130968878723618e-01,-7.2901660193249196e+00,2.7151974161251420e-04
6.8718449559490052e-02,-9.2129964528826958e-01,-7.3001660193248741e+00,2.6882077493071602e-04
6.7487129423593750e-02,-9.2121578895225786e-01,-7.3101660193249165e+00,2.6616828248959259e-04
6.6169502330535299e-02,-9.2112773415267479e-01,-7.3201660193248701e+00,2.6354306903858066e-04
-6.5079104519525088e-02,-9.2105617755587110e-01,-7.3301660193249187e+00,2.6093944295785525e-04
-6.4003394787137347e-02,-9.2098674990547857e-01,-7.3401660193248670e+00,2.5836098889278885e-04
-6.3430459404313869e-02,-9.2095024422346061e-01,-7.3501660193249228e+00,2.5579959206868485e-04
6.1903949925428969e-02,-9.2085458214152449e-01,-7.3601660193249163e+00,2.5327857159730829e-04
6.1566743823220429e-02,-9.2083376460583655e-01,-7.3701660193248806e+00,2.5076362792858813e-04
-6.0966197874454425e-02,-9.2079697127497306e-01,-7.3801660193249123e+00,2.4827762293370498e-04
6.0462713205149926e-02,-9.2076640247740360e-01,-7.3901660193248775e+00,2.4581473345513844e-04
5.9792028383460039e-02,-9.2072607596244371e-01,-7.4001660193249128e+00,2.4337865040524172e-04
5.9723190764539656e-02,-9.2072196239088822e-01,-7.4101660193248815e+00,2.4095798356768301e-04
-5.9452329892579106e-02,-9.2070582239816745e-01,-7.4201660193249213e+00,2.3856426196608828e-04
5.8892974727127845e-02,-9.2067272386944454e-01,-7.4301660193248713e+00,2.3619832558571653e-04
5.8792714519060665e-02,-9.2066682427359936e-01,-7.4401660193249155e+00,2.3384949259138538e-04
5.8584947035834958e-02,-9.2065463064293529e-01,-7.4501660193248709e+00,2.3152547438135085e-04
5.8062627436342558e-02,-9.2062416698574523e-01,-7.4601660193249204e+00,2.2922874045934471e-04
5.7706555034336859e-02,-9.2060355588030496e-01,-7.4701660193248687e+00,2.2695255407713296e-04
5.7414907888599410e-02,-9.2058676845726761e-01,-7.4801660193249200e+00,2.2469811050357803e-04
-5.6898837950696529e-02,-9.2055727151340927e-01,-7.4901660193248718e+00,2.2246888900337867e-04
-5.6852038516012546e-02,-9.2055460977505255e-01,-7.5001660193249187e+00,2.2025587283487148e-04
-5.6444509156359741e-02,-9.2053152394029070e-01,-7.5101660193248811e+00,2.1806932453673330e-04
-5.5548402878305314e-02,-9.2048134516450475e-01,-7.5201660193249156e+00,2.1591033234771872e-04
-5.5391243496015041e-02,-9.2047262756135684e-01,-7.5301660193248807e+00,2.1376385214590189e-04
-5.4634804043480485e-02,-9.2043101353977419e-01,-7.5401660193249151e+00,2.1164567352299673e-04
5.2254407012324894e-02,-9.2030379415944430e-01,-7.5501660193248670e+00,2.0956642309984808e-04
-5.1598151808794082e-02,-9.2026971726838114e-01,-7.5601660193249183e+00,2.0748827278420012e-04
-5.1350372444316172e-02,-9.2025696300842441e-01,-7.5701660193248737e+00,2.0542635001927041e-04
5.1133681573578442e-02,-9.2024585932897351e-01,-7.5801660193249241e+00,2.0338458198893264e-04
-5.1117035770958288e-02,-9.2024500830634415e-01,-7.5901660193248759e+00,2.0136104294802797e-04
-4.8956778982509302e-02,-9.2013691573751055e-01,-7.6001660193249183e+00,1.9937901731966869e-04
4.8251822145460865e-02,-9.2010265180351802e-01,-7.6101660193249154e+00,1.9740192660111860e-04
-4.7766406205267287e-02,-9.2007934741422281e-01,-7.6201660193248788e+00,1.9544229922356464e-04
4.7713316766148539e-02,-9.2007681293175292e-01,-7.6301660193249159e+00,1.9349810627077518e-04
-4.6731789343683820e-02,-9.2003046270097066e-01,-7.6401660193248722e+00,1.9158164759195914e-04
4.6547518517352317e-02,-9.2002186837340105e-01,-7.6501660193249155e+00,1.8967700848714083e-04
4.6513090025135748e-02,-9.2002026640518264e-01,-7.6601660193248744e+00,1.8778999155209830e-04
4.5548210178942367e-02,-9.1997585235859203e-01,-7.6701660193249159e+00,1.8592970762322140e-04
4.5512608354074072e-02,-9.1997423139293510e-01,-7.6801660193248740e+00,1.8407997450848459e-04
4.5278485540770907e-02,-9.1996360325977233e-01,-7.6901660193249164e+00,1.8225028512867464e-04
4.4904535286343659e-02,-9.1994674127798071e-01,-7.7001660193248771e+00,1.8043990704116509e-04
4.4712245207485901e-02,-9.1993812506908668e-01,-7.7101660193249213e+00,1.7864603921277379e-04
4.4466396887013787e-02,-9.1992716285939613e-01,-7.7201660193248687e+00,1.7687042030257148e-04
4.4203115231722594e-02,-9.1991549033143394e-01,-7.7301660193249209e+00,1.7511257421018689e-04
4.4012373460975987e-02,-9.1990707714217368e-01,-7.7401660193248754e+00,1.7337163358642233e-04
-4.3456107574414378e-02,-9.1988274927609903e-01,-7.7501660193249249e+00,1.7165073285429602e-04
4.3337248884534829e-02,-9.1987759120377954e-01,-7.7601660193248740e+00,1.6994365610473511e-04
4.3235495251566489e-02,-9.1987318665816353e-01,-7.7701660193249085e+00,1.6825342955148619e-04
-4.2819563585544743e-02,-9.1985529014616774e-01,-7.7801660193248710e+00,1.6658226116994122e-04
4.2326651803601609e-02,-9.1983430535979116e-01,-7.7901660193249276e+00,1.6492820092360152e-04
4.1995561109548558e-02,-9.1982034620979236e-01,-7.8001660193248776e+00,1.6328941727052919e-04
4.1971448956988081e-02,-9.1981933389711401e-01,-7.8101660193249041e+00,1.6166482407694986e-04
-4.1559083623560374e-02,-9.1980211134915446e-01,-7.8201660193248710e+00,1.6005898880035104e-04
-4.1555278276218799e-02,-9.1980195320964642e-01,-7.8301660193249258e+00,1.5846640031163549e-04
4.0814309618285333e-02,-9.1977143656814808e-01,-7.8401660193248759e+00,1.5689442110111907e-04
-4.0743662806061898e-02,-9.1976855566276650e-01,-7.8501660193249148e+00,1.5533374302850037e-04
-4.0501757952270158e-02,-9.1975872883195164e-01,-7.8601660193249234e+00,1.5378965771852362e-04
-4.0496195132716850e-02,-9.1975850354345301e-01,-7.8701660193248681e+00,1.5225945935887510e-04
-4.0457856384467125e-02,-9.1975695170495253e-01,-7.8801660193249283e+00,1.5074468635621006e-04
3.9756797792063495e-02,-9.1972883411867901e-01,-7.8901660193248713e+00,1.4924894812672250e-04
-3.8887753770351571e-02,-9.1969466132999123e-01,-7.9001660193249208e+00,1.4776894587077455e-04
3.8072605189647543e-02,-9.1966329426630289e-01,-7.9101660193248717e+00,1.4630320932276946e-04
3.7813876554072597e-02,-9.1965347726336277e-01,-7.9201660193249150e+00,1.4484889004197089e-04
3.7805594964821859e-02,-9.1965316413866149e-01,-7.9301660193248669e+00,1.4340766440928677e-04
3.7186818966696983e-02,-9.1962996238577044e-01,-7.9401660193249226e+00,1.4198402854689158e-04
3.7162163557815896e-02,-9.1962904583348837e-01,-7.9501660193248807e+00,1.4057139269886475e-04
3.6957132469170872e-02,-9.1962144745351138e-01,-7.9601660193249080e+00,1.3917374146234920e-04
3.6861037219287969e-02,-9.1961790066578031e-01,-7.9701660193248740e+00,1.3778942830604032e-04
-3.6714416198046419e-02,-9.1961250681172113e-01,-7.9801660193249182e+00,1.3641913640971022e-04
3.6616651376493427e-02,-9.1960892221235324e-01,-7.9901660193248674e+00,1.3506222746575308e-04
-3.6422473072752919e-02,-9.1960183090570713e-01,-8.0001660193249204e+00,1.3371928408933989e-04
3.6298567151540534e-02,-9.1959732562196694e-01,-8.0101660193248758e+00,1.3238935143196348e-04
-3.4872895762630696e-02,-9.1954659206277511e-01,-8.0201660193249342e+00,1.3107870529593341e-04
3.4669904004275762e-02,-9.1953953375517228e-01,-8.0301660193248718e+00,1.2977536637752559e-04
-3.4576339731783701e-02,-9.1953629426796335e-01,-8.0401660193249018e+00,1.2848449613001023e-04
3.4521320780369423e-02,-9.1953439342755006e-01,-8.0501660193248856e+00,1.2720629583150243e-04
-3.4174381829878628e-02,-9.1952247682006660e-01,-8.0601660193249156e+00,1.2594207283312815e-04
-3.3249949673166544e-02,-9.1949131220997349e-01,-8.0701660193248692e+00,1.2469281421285396e-04
-3.3240293397504984e-02,-9.1949099118591560e-01,-8.0801660193249205e+00,1.2345213961224621e-04
3.2786500176560138e-02,-9.1947600993025325e-01,-8.0901660193248794e+00,1.2222560137835516e-04
-3.2089585090724723e-02,-9.1945340336898684e-01,-8.1001660193249148e+00,1.2101217196268601e-04
-3.1847800745032642e-02,-9.1944567383948717e-01,-8.1101660193249181e+00,1.1980900679695599e-04
-3.1379833204806251e-02,-9.1943087959932024e-01,-8.1201660193248699e+00,1.1861864212068384e-04
3.1207385278174259e-02,-9.1942548308128969e-01,-8.1301660193249230e+00,1.1743900067110343e-04
3.1196150139672928e-02,-9.1942513252510794e-01,-8.1401660193248695e+00,1.1627050384943731e-04
-3.0879283724183786e-02,-9.1941529771499875e-01,-8.1501660193249172e+00,1.1511472513195726e-04
3.0834530105079992e-02,-9.1941391675674000e-01,-8.1601660193248744e+00,1.1396947186595499e-04
3.0412169388741937e-02,-9.1940098265680426e-01,-8.1701660193249168e+00,1.1283691610787569e-04
-2.9308032669774400e-02,-9.1936801302282578e-01,-8.1801660193248757e+00,1.1171785326938898e-04
2.9286810876909795e-02,-9.1936739127900946e-01,-8.1901660193249164e+00,1.1060631082493636e-04
2.9218457539173574e-02,-9.1936539176382370e-01,-8.2001660193248807e+00,1.0950597860248926e-04
2.8445093879081989e-02,-9.1934309431623440e-01,-8.2101660193249213e+00,1.0841879334534098e-04
-2.8317401663026105e-02,-9.1933947025181206e-01,-8.2201660193248713e+00,1.0734039733465582e-04
2.8293819918083499e-02,-9.1933880275611790e-01,-8.2301660193249120e+00,1.0627241347209605e-04
-2.7614468567712554e-02,-9.1931981207047808e-01,-8.2401660193248798e+00,1.0521698341385792e-04
-2.7539694852645499e-02,-9.1931775002962790e-01,-8.2501660193249204e+00,1.0417027173960909e-04
2.7308547267208511e-02,-9.1931141101026215e-01,-8.2601660193248634e+00,1.0313441398638679e-04
2.7059499987234094e-02,-9.1930464090311903e-01,-8.2701660193249236e+00,1.0210890070689201e-04
-2.6693187861393859e-02,-9.1929479577244133e-01,-8.2801660193248807e+00,1.0109389544688524e-04
-2.6580395526941508e-02,-9.1929179134652383e-01,-8.2901660193249125e+00,1.0008829508765735e-04
2.6464493479950287e-02,-9.1928871734091466e-01,-8.3001660193248803e+00,9.9092704522837265e-05
-2.6381586536105395e-02,-9.1928652668742050e-01,-8.3101660193249103e+00,9.8106930556642443e-05
-2.6087844603900134e-02,-9.1927882045137810e-01,-8.3201660193248763e+00,9.7131498802621104e-05
2.5423215707433139e-02,-9.1926170258179285e-01,-8.3301660193249134e+00,9.6166670395771936e-05
-2.5356147284996335e-02,-9.1925999973590866e-01,-8.3401660193248848e+00,9.5209958165295102e-05
-2.4775240239514142e-02,-9.1924543889780230e-01,-8.3501660193249077e+00,9.4263975805311718e-05
-2.4655141150252437e-02,-9.1924247062590891e-01,-8.3601660193249305e+00,9.3326310592035835e-05
2.4571782832896197e-02,-9.1924041888913299e-01,-8.3701660193248717e+00,9.2397887862023719e-05
2.4511684182695337e-02,-9.1923894396407557e-01,-8.3801660193249141e+00,9.1478648440618387e-05
-2.4474707199471091e-02,-9.1923803827958939e-01,-8.3901660193248748e+00,9.0568502706687019e-05
-2.4374232402380114e-02,-9.1923558423594209e-01,-8.4001660193249243e+00,8.9667551095476267e-05
-2.4073717728849111e-02,-9.1922830457598359e-01,-8.4101660193248691e+00,8.8775990311445806e-05
2.3799708565689928e-02,-9.1922174569724535e-01,-8.4201660193249168e+00,8.7893230927913639e-05
2.3560981908238243e-02,-9.1921609256757963e-01,-8.4301660193248740e+00,8.7019170597126176e-05
2.3454548288046457e-02,-9.1921359055103757e-01,-8.4401660193249217e+00,8.6153530939960942e-05
-2.3437083926140717e-02,-9.1921318108481997e-01,-8.4501660193248753e+00,8.5296323909972199e-05
-2.3298263908059186e-02,-9.1920993718390420e-01,-8.4601660193249177e+00,8.4447885246607477e-05
2.3263953908066362e-02,-9.1920913840905782e-01,-8.4701660193248607e+00,8.3607681532563689e-05
-2.3229043056906845e-02,-9.1920832685400933e-01,-8.4801660193249297e+00,8.2775838378584512e-05
-2.3197255300255095e-02,-9.1920758896007204e-01,-8.4901660193248638e+00,8.1952265497228617e-05
2.2963293641852889e-02,-9.1920218906078044e-01,-8.5001660193249293e+00,8.1137264962770263e-05
2.2838381447611893e-02,-9.1919932846691277e-01,-8.5101660193248705e+00,8.0330165478907620e-05
2.2722853248667546e-02,-9.1919669666321968e-01,-8.5201660193249147e+00,7.9531076287337078e-05
2.2528881136392634e-02,-9.1919230787596828e-01,-8.5301660193248825e+00,7.8740074428849404e-05
2.2178583856557976e-02,-9.1918447742428067e-01,-8.5401660193249089e+00,7.7957208035438661e-05
-2.1932582684985047e-02,-9.1917905172495629e-01,-8.5501660193248750e+00,7.7181939619899579e-05
-2.1902125744847525e-02,-9.1917838418941100e-01,-8.5601660193249245e+00,7.6414017498171915e-05
-2.1891792042802782e-02,-9.1917815791276214e-01,-8.5701660193248728e+00,7.5653702438839370e-05
-2.1574069303682539e-02,-9.1917125286649948e-01,-8.5801660193249223e+00,7.4901452718288781e-05
-2.1424679569025010e-02,-9.1916804108065719e-01,-8.5901660193248723e+00,7.4156408985438655e-05
2.1045754399279373e-02,-9.1915999452245689e-01,-8.6001660193249059e+00,7.3419131156401545e-05
-2.0611339873479656e-02,-9.1915094629902949e-01,-8.6101660193249216e+00,7.2689256301058686e-05
2.0127227298321743e-02,-9.1914108527269867e-01,-8.6201660193249285e+00,7.1966695778196378e-05
2.0051530511679960e-02,-9.1913956457126988e-01,-8.6301660193248182e+00,7.1250723541682904e-05
1.9606668926185119e-02,-9.1913074336653000e-01,-8.6401660193249246e+00,7.0542389263057500e-05
-1.9551153470816485e-02,-9.1912965643435918e-01,-8.6501660193249190e+00,6.9840556674066187e-05
1.9486245371175197e-02,-9.1912838951267228e-01,-8.6601660193249117e+00,6.9145719126264751e-05
-1.9378222499472596e-02,-9.1912629038695903e-01,-8.6701660193248262e+00,6.8457851426916260e-05
-1.9371536434088992e-02,-9.1912616084524812e-01,-8.6801660193249361e+00,6.7776693203944451e-05
1.9141111875351190e-02,-9.1912172371525180e-01,-8.6901660193249093e+00,6.7102601580941158e-05
-1.9035135912902769e-02,-9.1911970083295080e-01,-8.7001660193249268e+00,6.6435053929505105e-05
1.8825903562059709e-02,-9.1911573995580342e-01,-8.7101660193248218e+00,6.5774274621335774e-05
-1.8654402211893767e-02,-9.1911252599428106e-01,-8.7201660193249158e+00,6.5120018946718353e-05
1.8562759542310299e-02,-9.1911082065425231e-01,-8.7301660193249244e+00,6.4472173878825755e-05
1.8126420324338140e-02,-9.1910281619022671e-01,-8.7401660193249224e+00,6.3831175962485813e-05
-1.7963836155926807e-02,-9.1909988233805795e-01,-8.7501660193248281e+00,6.3196230557805062e-05
-1.7495627434000509e-02,-9.1909158112299416e-01,-8.7601660193249113e+00,6.2567936945068621e-05
1.7483958166728680e-02,-9.1909137702992738e-01,-8.7701660193249147e+00,6.1945388213116443e-05
-1.7363568563358564e-02,-9.1908927938996665e-01,-8.7801660193249216e+00,6.1329149948263924e-05
1.7118687391033616e-02,-9.1908505736233548e-01,-8.7901660193248361e+00,6.0719171067738472e-05
1.6731196528888242e-02,-9.1907849910198358e-01,-8.8001660193249105e+00,6.0115399472145429e-05
1.6720322666910259e-02,-9.1907831722838229e-01,-8.8101660193249192e+00,5.9517252077777840e-05
-1.6287222329482681e-02,-9.1907116943894451e-01,-8.8201660193249243e+00,5.8925466710134267e-05
-1.6169830297388301e-02,-9.1906926433926261e-01,-8.8301660193248264e+00,5.8339259661965518e-05
1.5899417947478883e-02,-9.1906492837887377e-01,-8.8401660193249132e+00,5.7759024769674051e-05
-1.5727336911215493e-02,-9.1906220719649889e-01,-8.8501660193249236e+00,5.7184468479885276e-05
1.5645512373023668e-02,-9.1906092366204672e-01,-8.8601660193249199e+00,5.6615546179502585e-05
-1.5563575411346108e-02,-9.1905964507313176e-01,-8.8701660193249179e+00,5.6052283750417820e-05
1.5125873060053174e-02,-9.1905292865125388e-01,-8.8801660193248253e+00,5.5494926934457143e-05
-1.5108938790934074e-02,-9.1905267264903356e-01,-8.8901660193249210e+00,5.4942757250842310e-05
-1.4920721521559306e-02,-9.1904984659870148e-01,-8.9001660193249155e+00,5.4396221408160007e-05
-1.4843695856740807e-02,-9.1904870028668317e-01,-8.9101660193249224e+00,5.3855031696366044e-05
-1.4690673166551121e-02,-9.1904644057238272e-01,-8.9201660193248227e+00,5.3319285663764943e-05
1.4232347965830864e-02,-9.1903981249764977e-01,-8.9301660193249202e+00,5.2789099795968702e-05
-1.3599805049793582e-02,-9.1903100998203568e-01,-8.9401660193249217e+00,5.2264299532054846e-05
-1.3560751456496149e-02,-9.1903047962337192e-01,-8.9501660193249108e+00,5.1744288505752611e-05
1.3299741737432794e-02,-9.1902697419848067e-01,-8.9601660193248343e+00,5.1229603813806884e-05
1.2829446815727385e-02,-9.1902082998613821e-01,-8.9701660193249229e+00,5.0720172373442487e-05
1.2561849534284032e-02,-9.1901743266520042e-01,-8.9801660193249120e+00,5.0215668824509772e-05
1.2540954905715520e-02,-9.1901717040831310e-01,-8.9901660193249135e+00,4.9716027609678002e-05
-1.2511716788814560e-02,-9.1901680416184117e-01,-9.0001660193248298e+00,4.9221362896782051e-05
1.2473693237751510e-02,-9.1901632914483422e-01,-9.0101660193249202e+00,4.8731625301207431e-05
-1.2222808151326772e-02,-9.1901323115289157e-01,-9.0201660193249253e+00,4.8246886996022582e-05
-1.2108430721685326e-02,-9.1901183968061040e-01,-9.0301660193249251e+00,4.7766888915582719e-05
1.1924460689153475e-02,-9.1900962901470307e-01,-9.0401660193248290e+00,4.7291704975636568e-05
1.1904733364469400e-02,-9.1900939397157899e-01,-9.0501660193249069e+00,4.6821155653829376e-05
1.1835554858411949e-02,-9.1900857281274273e-01,-9.0601660193249227e+00,4.6355315436078244e-05
-1.1544240587418049e-02,-9.1900516737870952e-01,-9.0701660193249172e+00,4.5894228630381721e-05
-1.1199182227074833e-02,-9.1900124347461709e-01,-9.0801660193248264e+00,4.5437751718590050e-05
-1.1190921249058450e-02,-9.1900115099254076e-01,-9.0901660193249256e+00,4.4985642695286995e-05
1.1148809469728195e-02,-9.1900068060963558e-01,-9.1001660193249148e+00,4.4538049021500847e-05
1.1140907677353047e-02,-9.1900059254527711e-01,-9.1101660193249199e+00,4.4094891912437144e-05
-1.1092136610069568e-02,-9.1900005038062771e-01,-9.1201660193249197e+00,4.3656164075918403e-05
-1.1065822174926927e-02,-9.1899975884354301e-01,-9.1301660193248377e+00,4.3221790586245997e-05
1.0832436049343284e-02,-9.1899720346872105e-01,-9.1401660193249104e+00,4.2791835933291443e-05
-1.0704473657384094e-02,-9.1899582551148029e-01,-9.1501660193249137e+00,4.2366108430222416e-05
-1.0673167808921358e-02,-9.1899549088887822e-01,-9.1601660193249241e+00,4.1944572643540168e-05
-1.0456461013564476e-02,-9.1899320142180352e-01,-9.1701660193248227e+00,4.1527312247726309e-05
-1.0268596987675500e-02,-9.1899125467538711e-01,-9.1801660193249273e+00,4.1114188625728426e-05
-1.0256895862599924e-02,-9.1899113458970760e-01,-9.1901660193249111e+00,4.0705100501734333e-05
1.0179027937954610e-02,-9.1899033893822024e-01,-9.2001660193249304e+00,4.0300110049314236e-05
1.0138695483861978e-02,-9.1898992920639666e-01,-9.2101660193248271e+00,3.9899133602342275e-05
-1.0020190003129793e-02,-9.1898873473718889e-01,-9.2201660193249193e+00,3.9502177773837998e-05
9.9264154182044113e-03,-9.1898779949486686e-01,-9.2301660193249120e+00,3.9109161114244248e-05
9.9240498529592752e-03,-9.1898777601608150e-01,-9.2401660193249135e+00,3.8720019368325894e-05
-9.8731427535295874e-03,-9.1898727210725528e-01,-9.2501660193248334e+00,3.8334768055601780e-05
-9.6342066998204908e-03,-9.1898494160270694e-01,-9.2601660193249202e+00,3.7953419190771153e-05
-9.4286144460436552e-03,-9.1898298201852557e-01,-9.2701660193249200e+00,3.7575849993004596e-05
-9.2522420405098289e-03,-9.1898133462472753e-01,-9.2801660193249234e+00,3.7202025324893015e-05
-9.2138627656075250e-03,-9.1898098026687114e-01,-9.2901660193248219e+00,3.6831872039707331e-05
-9.0129911395776686e-03,-9.1897914963798055e-01,-9.3001660193249194e+00,3.6465455544234663e-05
8.7469797117183112e-03,-9.1897678746037803e-01,-9.3101660193249209e+00,3.6102703480053962e-05
8.7413522793320306e-03,-9.1897673825317516e-01,-9.3201660193249243e+00,3.5743477337159342e-05
8.6412927138170073e-03,-9.1897586860322245e-01,-9.3301660193248210e+00,3.5387854570308064e-05
8.4368336319178179e-03,-9.1897412271420575e-01,-9.3401660193249239e+00,3.5035800702635894e-05
-8.4011966060358930e-03,-9.1897382268554606e-01,-9.3501660193249112e+00,3.4687199068066374e-05
-8.0056331102543229e-03,-9.1897057771408752e-01,-9.3601660193249216e+00,3.4342167109734312e-05
7.9895370486005209e-03,-9.1897044898446489e-01,-9.3701660193249214e+00,3.4000461214444870e-05
-7.9409097176795680e-03,-9.1897006165691164e-01,-9.3801660193248235e+00,3.3662164011040565e-05
7.8840054831884887e-03,-9.1896961140456890e-01,-9.3901660193249157e+00,3.3327234888427117e-05
7.8693685456829379e-03,-9.1896949611399337e-01,-9.4001660193249190e+00,3.2995627164691245e-05
-7.8189264033204746e-03,-9.1896910043838975e-01,-9.4101660193249153e+00,3.2667328114514458e-05
7.7832557599288241e-03,-9.1896882216845166e-01,-9.4201660193248333e+00,3.2342291768693451e-05
-7.6904744094623070e-03,-9.1896810433166076e-01,-9.4301660193249237e+00,3.2020503574146421e-05
-7.5789487841446184e-03,-9.1896725286567582e-01,-9.4401660193249128e+00,3.1701921233244772e-05
-7.4296509961540858e-03,-9.1896613249030179e-01,-9.4501660193249091e+00,3.1386517011164330e-05
-7.3197657366842195e-03,-9.1896532211855941e-01,-9.4601660193248378e+00,3.1074241130547639e-05
7.1754844267086114e-03,-9.1896427642171841e-01,-9.4701660193249246e+00,3.0765079436107141e-05
-7.1727574211751192e-03,-9.1896425685785099e-01,-9.4801660193249191e+00,3.0458962376893073e-05
7.1466171765589941e-03,-9.1896406970187361e-01,-9.4901660193249171e+00,3.0155896281270940e-05
-7.1056953647615009e-03,-9.1896377808664786e-01,-9.5001660193248281e+00,2.9855848806250941e-05
6.9207669283421515e-03,-9.1896248114077772e-01,-9.5101660193249202e+00,2.9558816483226411e-05
6.8752539343797442e-03,-9.1896216719167056e-01,-9.5201660193249129e+00,2.9264710532668980e-05
6.8737676851340140e-03,-9.1896215697443406e-01,-9.5301660193249216e+00,2.8973522093615535e-05
-6.7293758587026187e-03,-9.1896117488306328e-01,-9.5401660193248290e+00,2.8685258903445944e-05
6.6604867388382477e-03,-9.1896071367513854e-01,-9.5501660193249105e+00,2.8399848906638554e-05
-6.6367130617950403e-03,-9.1896055561347179e-01,-9.5601660193249280e+00,2.8117270132780733e-05
-6.5728965017684011e-03,-9.1896013411755095e-01,-9.5701660193249172e+00,2.7837510353834905e-05
6.4347345453619458e-03,-9.1895923553767411e-01,-9.5801660193248193e+00,2.7560547263149738e-05
6.3685503657245675e-03,-9.1895881185021988e-01,-9.5901660193249221e+00,2.7286326796786537e-05
6.3488397362435525e-03,-9.1895868651633772e-01,-9.6001660193249201e+00,2.7014826694656970e-05
6.3397800716358654e-03,-9.1895862903901782e-01,-9.6101660193249252e+00,2.6746026215097416e-05
-6.3395865316301751e-03,-9.1895862781203552e-01,-9.6201660193249161e+00,2.6479898840198714e-05
-6.2663634365648603e-03,-9.1895816628869897e-01,-9.6301660193248182e+00,2.6216431543928265e-05
-6.1739993341883015e-03,-9.1895759176722880e-01,-9.6401660193249246e+00,2.5955588603598463e-05
6.0678644195193473e-03,-9.1895694212264634e-01,-9.6501660193249208e+00,2.5697342875988745e-05
-6.0487180485737290e-03,-9.1895682612835505e-01,-9.6601660193249206e+00,2.5441652993254371e-05
5.8307854199431963e-03,-9.1895553166264621e-01,-9.6701660193248262e+00,2.5188536921954068e-05
-5.7274098808294434e-03,-9.1895493424531094e-01,-9.6801660193249184e+00,2.4937921690305378e-05
5.6808860564438986e-03,-9.1895466886653265e-01,-9.6901660193249217e+00,2.4689791775682443e-05
5.6711268300170745e-03,-9.1895461347310059e-01,-9.7001660193249073e+00,2.4444125596860303e-05
-5.5982990348004517e-03,-9.1895420310938103e-01,-9.7101660193248343e+00,2.4200912414491500e-05
5.5287743018868083e-03,-9.1895381630598005e-01,-9.7201660193249193e+00,2.3960118580397032e-05
5.5013490786142843e-03,-9.1895366505418186e-01,-9.7301660193249244e+00,2.3721715005084059e-05
-5.4162547418900968e-03,-9.1895320054105400e-01,-9.7401660193249100e+00,2.3485690906438177e-05
-5.3620538009461483e-03,-9.1895290844382160e-01,-9.7501660193248352e+00,2.3252011169252308e-05
-5.3403948959577837e-03,-9.1895279254216189e-01,-9.7601660193249096e+00,2.3020652460582012e-05
-5.2905286730325699e-03,-9.1895252748015954e-01,-9.7701660193249271e+00,2.2791599182582317e-05
5.2017708512058225e-03,-9.1895206184333367e-01,-9.7801660193249109e+00,2.2564829488606819e-05
4.9905899579795118e-03,-9.1895098562740385e-01,-9.7901660193248308e+00,2.2340329726781065e-05
4.8712905253872401e-03,-9.1895039736903084e-01,-9.8001660193249229e+00,2.2118052743025060e-05
4.8382442783146146e-03,-9.1895023693718780e-01,-9.8101660193249209e+00,2.1897977954219993e-05
-4.7913041888395149e-03,-9.1895001093125450e-01,-9.8201660193249207e+00,2.1680094332847868e-05
-4.6597625254406905e-03,-9.1894938932673620e-01,-9.8301660193248281e+00,2.1464387132260192e-05
-4.6505061227582606e-03,-9.1894934623693836e-01,-9.8401660193249114e+00,2.1250813827513441e-05
-4.6230389841917605e-03,-9.1894921887806413e-01,-9.8501660193249254e+00,2.1039367376513908e-05
-4.6222112882142443e-03,-9.1894921505193594e-01,-9.8601660193249128e+00,2.0830022253003838e-05
-4.6114380200862337e-03,-9.1894916531364601e-01,-9.8701660193249161e+00,2.0622761094318696e-05
4.6066578285285801e-03,-9.1894914328151400e-01,-9.8801660193248235e+00,2.0417561642723348e-05
4.4628441338964847e-03,-9.1894849112222121e-01,-9.8901660193249263e+00,2.0214416692954975e-05
-4.4133875983723659e-03,-9.1894827162838622e-01,-9.9001660193249155e+00,2.0013284278988726e-05
-4.3244513419021984e-03,-9.1894788307304376e-01,-9.9101660193249259e+00,1.9814156472082280e-05
4.3098553189848520e-03,-9.1894782005977471e-01,-9.9201660193248209e+00,1.9617003557198612e-05
-4.2647982951471292e-03,-9.1894762688558862e-01,-9.9301660193249290e+00,1.9421814862252140e-05
-4.2284636927288188e-03,-9.1894747258593978e-01,-9.9401660193249146e+00,1.9228567542441116e-05
-4.1102216153953933e-03,-9.1894697959420335e-01,-9.9501660193249215e+00,1.9037249483832709e-05
-4.1002179049162363e-03,-9.1894693852677334e-01,-9.9601660193248200e+00,1.8847826460543706e-05
4.0715224333775033e-03,-9.1894682128080218e-01,-9.9701660193249140e+00,1.8660289641636366e-05
-4.0267559632949229e-03,-9.1894664001513349e-01,-9.9801660193249155e+00,1.8474620006227399e-05
-4.0083872605837087e-03,-9.1894656621755488e-01,-9.9901660193249349e+00,1.8290795815560548e-05
-3.9703990544122736e-03,-9.1894641466766513e-01,-1.0000166019324832e+01,1.8108802100724310e-05
-3.9641697624120658e-03,-9.1894638995429212e-01,-1.0010166019324906e+01,1.7928616952293942e-05
3.9397380002776650e-03,-9.1894629340109490e-01,-1.0020166019324913e+01,1.7750225946811999e-05
-3.8997179106848739e-03,-9.1894613653323087e-01,-1.0030166019324934e+01,1.7573611004385629e-05
3.8811452831557952e-03,-9.1894606427769399e-01,-1.0040166019324820e+01,1.7398751910422636e-05
-3.8353059378645766e-03,-9.1894588741915795e-01,-1.0050166019324921e+01,1.7225634482855451e-05
-3.8295441911978326e-03,-9.1894586533769562e-01,-1.0060166019324909e+01,1.7054236932557669e-05
-3.8034153395706469e-03,-9.1894576561746211e-01,-1.0070166019324937e+01,1.6884546123527971e-05
3.7676662849358772e-03,-9.1894563028795684e-01,-1.0080166019324814e+01,1.6716544344772583e-05
-3.6130843929788404e-03,-9.1894505982275487e-01,-1.0090166019324927e+01,1.6550221390723512e-05
-3.5985570770154167e-03,-9.1894500743985774e-01,-1.0100166019324906e+01,1.6385544794720390e-05
-3.4476036766168598e-03,-9.1894447561889503e-01,-1.0110166019324932e+01,1.6222514527373034e-05
-3.4348175726269317e-03,-9.1894443161921813e-01,-1.0120166019324918e+01,1.6061098517502496e-05
3.3284078152552654e-03,-9.1894407178263182e-01,-1.0130166019324829e+01,1.5901293638949977e-05
-3.3244649103704796e-03,-9.1894405866680962e-01,-1.0140166019324921e+01,1.5743073330121013e-05
3.2558148484577217e-03,-9.1894383279850322e-01,-1.0150166019324912e+01,1.5586430653667718e-05
-3.2518144053623813e-03,-9.1894381978180295e-01,-1.0160166019324924e+01,1.5431343278271621e-05
3.2098942191154667e-03,-9.1894368434378837e-01,-1.0170166019324821e+01,1.5277800916375646e-05
3.1856768194843564e-03,-9.1894360690173860e-01,-1.0180166019324924e+01,1.5125785428680816e-05
-3.1225375581584950e-03,-9.1894340775374050e-01,-1.0190166019324915e+01,1.4975284331288758e-05
-3.1175145878776355e-03,-9.1894339208194231e-01,-1.0200166019324918e+01,1.4826277994893340e-05
-3.0915649611723984e-03,-9.1894331152029407e-01,-1.0210166019324834e+01,1.4678755246508994e-05
3.0621902018197755e-03,-9.1894322113775551e-01,-1.0220166019324910e+01,1.4532700504952160e-05
-3.0520485643788162e-03,-9.1894319013355918e-01,-1.0230166019324926e+01,1.4388098164945526e-05
3.0370518863315284e-03,-9.1894314447541958e-01,-1.0240166019324919e+01,1.4244934846568353e-05
-2.9926203726201367e-03,-9.1894301052168681e-01,-1.0250166019324823e+01,1.4103197265789860e-05
2.9835629843035670e-03,-9.1894298345738012e-01,-1.0260166019324917e+01,1.3962868486221005e-05
2.9817160268203755e-03,-9.1894297794857172e-01,-1.0270166019324925e+01,1.3823935699597910e-05
-2.9347845440587730e-03,-9.1894283911349950e-01,-1.0280166019324911e+01,1.3686387141296703e-05
2.8937891017704904e-03,-9.1894271964102225e-01,-1.0290166019324831e+01,1.3550206932745344e-05
-2.8848695590412542e-03,-9.1894269386952576e-01,-1.0300166019324918e+01,1.3415380466764594e-05
2.8576232950284831e-03,-9.1894261563878765e-01,-1.0310166019324917e+01,1.3281896239854646e-05
-2.8172241824928530e-03,-9.1894250100938668e-01,-1.0320166019324926e+01,1.3149740671488491e-05
2.8057812335229009e-03,-9.1894246883750463e-01,-1.0330166019324832e+01,1.3018898984495547e-05
-2.7731943710002146e-03,-9.1894237793684919e-01,-1.0340166019324913e+01,1.2889359946847198e-05
-2.7590181361125954e-03,-9.1894233872387721e-01,-1.0350166019324915e+01,1.2761109172910247e-05
-2.7355709244617334e-03,-9.1894227430748088e-01,-1.0360166019324931e+01,1.2634134828939976e-05
-2.6296984742830965e-03,-9.1894199029037227e-01,-1.0370166019324907e+01,1.2508426639563550e-05
2.5801075959425660e-03,-9.1894186111094278e-01,-1.0380166019324827e+01,1.2383967314718283e-05
-2.5747267022574630e-03,-9.1894184724213512e-01,-1.0390166019324919e+01,1.2260744951132759e-05
2.5742511210588483e-03,-9.1894184601775664e-01,-1.0400166019324926e+01,1.2138748515372261e-05
-2.5420892897246449e-03,-9.1894176374231795e-01,-1.0410166019324912e+01,1.2017966938350915e-05
2.5133314193858305e-03,-9.1894169105075130e-01,-1.0420166019324832e+01,1.1898387034230637e-05
2.4820020139344570e-03,-9.1894161280033804e-01,-1.0430166019324925e+01,1.1779997026911781e-05
2.4598887482132820e-03,-9.1894155815966627e-01,-1.0440166019324909e+01,1.1662784735322275e-05
2.4578431296970443e-03,-9.1894155312976455e-01,-1.0450166019324922e+01,1.1546738146336971e-05
2.4417207116288198e-03,-9.1894151363335630e-01,-1.0460166019324834e+01,1.1431846633643962e-05
2.3791948947810460e-03,-9.1894136291751316e-01,-1.0470166019324921e+01,1.1318099564901001e-05
2.3638877270610323e-03,-9.1894132661593253e-01,-1.0480166019324907e+01,1.1205482999363663e-05
-2.3626770484342888e-03,-9.1894132375475701e-01,-1.0490166019324928e+01,1.1093986612340740e-05
-2.3406523103786880e-03,-9.1894127195995856e-01,-1.0500166019324826e+01,1.0983600170057894e-05
2.3313664401315715e-03,-9.1894125026807860e-01,-1.0510166019324917e+01,1.0874311758216437e-05
2.3279190362087915e-03,-9.1894124223685902e-01,-1.0520166019324920e+01,1.0766110634823775e-05
-2.3276045123495140e-03,-9.1894124150472245e-01,-1.0530166019324913e+01,1.0658986051936334e-05
2.1589632219288597e-03,-9.1894086319443624e-01,-1.0540166019324840e+01,1.0552931360936768e-05
2.1563990039691477e-03,-9.1894085766167166e-01,-1.0550166019324916e+01,1.0447927997266949e-05
2.0687833594662001e-03,-9.1894067256563372e-01,-1.0560166019324909e+01,1.0343971291345424e-05
2.0216085691258934e-03,-9.1894057608394286e-01,-1.0570166019324919e+01,1.0241048045376192e-05
1.9374947469468270e-03,-9.1894040957628664e-01,-1.0580166019324839e+01,1.0139149602988645e-05
-1.9330563483291180e-03,-9.1894040098676233e-01,-1.0590166019324910e+01,1.0038263465020042e-05
1.9260740927639925e-03,-9.1894038751404483e-01,-1.0600166019324927e+01,9.9383812085702734e-06
1.9119214307577563e-03,-9.1894036035511817e-01,-1.0610166019324909e+01,9.8394929305111030e-06
1.8970304035142052e-03,-9.1894033199551539e-01,-1.0620166019324923e+01,9.7415886162960738e-06
1.8958216256951960e-03,-9.1894032970315764e-01,-1.0630166019324825e+01,9.6446582121266566e-06
1.8762710843662940e-03,-9.1894029282993051e-01,-1.0640166019324919e+01,9.5486926115737599e-06
-1.8644149061922207e-03,-9.1894027065481065e-01,-1.0650166019324928e+01,9.4536817422469404e-06
-1.8421059069193505e-03,-9.1894022931042563e-01,-1.0660166019324910e+01,9.3596164241968814e-06
-1.8272526317203615e-03,-9.1894020205942950e-01,-1.0670166019324833e+01,9.2664869372538114e-06
1.8209512009500009e-03,-9.1894019056497755e-01,-1.0680166019324911e+01,9.1742839571196202e-06
-1.7673313401159341e-03,-9.1894009436337232e-01,-1.0690166019324916e+01,9.0829991803129652e-06
1.6998723487290264e-03,-9.1893997741634048e-01,-1.0700166019324927e+01,8.9926228800730779e-06
-1.6888116430359684e-03,-9.1893995867572231e-01,-1.0710166019324834e+01,8.9031449542365760e-06
-1.6767022349617644e-03,-9.1893993829853182e-01,-1.0720166019324918e+01,8.8145573614018393e-06
-1.6558691494627405e-03,-9.1893990358465949e-01,-1.0730166019324907e+01,8.7268513531712924e-06
-1.5788485768263975e-03,-9.1893977901475377e-01,-1.0740166019324917e+01,8.6400188076471175e-06
1.5661722279624499e-03,-9.1893975908106329e-01,-1.0750166019324839e+01,8.5540493546151516e-06
-1.5569022408783544e-03,-9.1893974460563332e-01,-1.0760166019324920e+01,8.4689352640096887e-06
-1.5189286205940749e-03,-9.1893968620541666e-01,-1.0770166019324915e+01,8.3846684398317549e-06
1.4905765656200824e-03,-9.1893964354258850e-01,-1.0780166019324922e+01,8.3012399490516328e-06
-1.4889860494806837e-03,-9.1893964117306726e-01,-1.0790166019324817e+01,8.2186412509456317e-06
-1.4860991965016674e-03,-9.1893963687875035e-01,-1.0800166019324926e+01,8.1368644390841496e-06
1.4758577928258125e-03,-9.1893962171145183e-01,-1.0810166019324919e+01,8.0559014073411001e-06
1.4626635663522736e-03,-9.1893960232569361e-01,-1.0820166019324914e+01,7.9757440036536369e-06
1.4490113262338906e-03,-9.1893958245025120e-01,-1.0830166019324826e+01,7.8963841817880181e-06
-1.4413014990536687e-03,-9.1893957130834503e-01,-1.0840166019324926e+01,7.8178139335033667e-06
-1.4400472272480997e-03,-9.1893956950134781e-01,-1.0850166019324922e+01,7.7400253991331704e-06
-1.4205549338194836e-03,-9.1893954162149949e-01,-1.0860166019324911e+01,7.6630110732697961e-06
-1.3977501093843242e-03,-9.1893950948602365e-01,-1.0870166019324923e+01,7.5867630829129461e-06
1.3961655982896747e-03,-9.1893950727252838e-01,-1.0880166019324829e+01,7.5112735455591642e-06
-1.3905444100795294e-03,-9.1893949944021769e-01,-1.0890166019324914e+01,7.4365351832699970e-06
-1.3874257603293388e-03,-9.1893949510845963e-01,-1.0900166019324921e+01,7.3625404537589927e-06
1.3755055105866020e-03,-9.1893947864104431e-01,-1.0910166019324921e+01,7.2892820722512418e-06
-1.3708690696877790e-03,-9.1893947227434258e-01,-1.0920166019324830e+01,7.2167525497307063e-06
-1.3680119251047989e-03,-9.1893946836165308e-01,-1.0930166019324911e+01,7.1449446900251333e-06
1.3430824250888315e-03,-9.1893943456853977e-01,-1.0940166019324918e+01,7.0738515415538041e-06
-1.3366859990534160e-03,-9.1893942599806955e-01,-1.0950166019324925e+01,7.0034656027045869e-06
1.3337323489669697e-03,-9.1893942205432877e-01,-1.0960166019324824e+01,6.9337799829714189e-06
-1.3184734831866241e-03,-9.1893940181950240e-01,-1.0970166019324925e+01,6.8647878583012639e-06
1.2585196615265528e-03,-9.1893932456920868e-01,-1.0980166019324916e+01,6.7964826028647896e-06
-1.2457369511671770e-03,-9.1893930856361516e-01,-1.0990166019324912e+01,6.7288565787447638e-06
-1.2448184743360134e-03,-9.1893930741985652e-01,-1.1000166019324835e+01,6.6619033447283704e-06
1.2298598717764933e-03,-9.1893928891099153e-01,-1.1010166019324924e+01,6.5956164209781416e-06
-1.2271953618884373e-03,-9.1893928563756755e-01,-1.1020166019324909e+01,6.5299889624382105e-06
1.2198584635072752e-03,-9.1893927666067499e-01,-1.1030166019324918e+01,6.4650145446815339e-06
-1.2176486789047790e-03,-9.1893927396749209e-01,-1.1040166019324836e+01,6.4006865923866486e-06
-1.2010302055349264e-03,-9.1893925387011677e-01,-1.1050166019324916e+01,6.3369988240294730e-06
1.1833527042058403e-03,-9.1893923279515077e-01,-1.1060166019324919e+01,6.2739447644222022e-06
1.1813800414407875e-03,-9.1893923046274062e-01,-1.1070166019324917e+01,6.2115179854554827e-06
1.1780477680026708e-03,-9.1893922653161131e-01,-1.1080166019324830e+01,6.1497123730060178e-06
1.1778001574567734e-03,-9.1893922623994495e-01,-1.1090166019324920e+01,6.0885217142750816e-06
1.1720600164874338e-03,-9.1893921949568058e-01,-1.1100166019324915e+01,6.0279399516502944e-06
-1.1535278613277675e-03,-9.1893919794660295e-01,-1.1110166019324931e+01,5.9679610755853004e-06
-1.1430536863148875e-03,-9.1893918591920432e-01,-1.1120166019324916e+01,5.9085789417696576e-06
1.1314860147708364e-03,-9.1893917276364023e-01,-1.1130166019324824e+01,5.8497876759506799e-06
1.1269779232146761e-03,-9.1893916767295913e-01,-1.1140166019324923e+01,5.7915813455254147e-06
-1.1217442980759015e-03,-9.1893916178847457e-01,-1.1150166019324914e+01,5.7339541820236438e-06
1.1215974410863593e-03,-9.1893916162374945e-01,-1.1160166019324912e+01,5.6769003855729947e-06
1.1185324769215780e-03,-9.1893915819079042e-01,-1.1170166019324832e+01,5.6204143022422328e-06
-1.1104261032704396e-03,-9.1893914915640484e-01,-1.1180166019324929e+01,5.5644902958075780e-06
1.1093455594822226e-03,-9.1893914795712461e-01,-1.1190166019324913e+01,5.5091226988702250e-06
1.1036635175947704e-03,-9.1893914166991952e-01,-1.1200166019324914e+01,5.4543060464125581e-06
1.0993383522302650e-03,-9.1893913690574580e-01,-1.1210166019324838e+01,5.4000348201949595e-06
-1.0748031410304825e-03,-9.1893911023423547e-01,-1.1220166019324919e+01,5.3463037185672903e-06
1.0279597044550667e-03,-9.1893906098391642e-01,-1.1230166019324917e+01,5.2931073684273373e-06
-1.0272707205454972e-03,-9.1893906027590611e-01,-1.1240166019324921e+01,5.2404400738382465e-06
-1.0188745805469075e-03,-9.1893905168604495e-01,-1.1250166019324830e+01,5.1882968684432549e-06
-1.0150291624458716e-03,-9.1893904777543978e-01,-1.1260166019324902e+01,5.1366724721306984e-06
-1.0117516165654510e-03,-9.1893904445400632e-01,-1.1270166019324925e+01,5.0855617439481669e-06
-9.7744032245562686e-04,-9.1893901032813141e-01,-1.1280166019324914e+01,5.0349597309394717e-06
9.7132102004378990e-04,-9.1893900436560150e-01,-1.1290166019324838e+01,4.9848610742731456e-06
-9.6412101925177083e-04,-9.1893899739800933e-01,-1.1300166019324918e+01,4.9352609122333132e-06
-9.6257486815975915e-04,-9.1893899590852790e-01,-1.1310166019324919e+01,4.8861542529431919e-06
-9.5519191581064063e-04,-9.1893898882913749e-01,-1.1320166019324907e+01,4.8375362400460617e-06
-9.4016132612116362e-04,-9.1893897458499907e-01,-1.1330166019324832e+01,4.7894020184344497e-06
-9.3742978712574169e-04,-9.1893897202064234e-01,-1.1340166019324920e+01,4.7417466842680633e-06
9.3618913947413084e-04,-9.1893897085839193e-01,-1.1350166019324927e+01,4.6945655218964943e-06
-9.3499513058271184e-04,-9.1893896974128653e-01,-1.1360166019324913e+01,4.6478538196704065e-06
8.9859203794566932e-04,-9.1893893636716484e-01,-1.1370166019324921e+01,4.6016070550296792e-06
8.9260331975813930e-04,-9.1893893100368274e-01,-1.1380166019324825e+01,4.5558203242466315e-06
8.9040912670883612e-04,-9.1893892904754593e-01,-1.1390166019324928e+01,4.5104891634341273e-06
8.9031864818028719e-04,-9.1893892896698715e-01,-1.1400166019324908e+01,4.4656090467452095e-06
8.8268438949885212e-04,-9.1893892219920514e-01,-1.1410166019324913e+01,4.4211755242404090e-06
-8.7089826277681782e-04,-9.1893891186523147e-01,-1.1420166019324826e+01,4.3771841379841953e-06
8.5714961665916956e-04,-9.1893889998607214e-01,-1.1430166019324929e+01,4.3336304795801875e-06
8.5087225994173873e-04,-9.1893889462514089e-01,-1.1440166019324918e+01,4.2905101588398684e-06
-8.5053566753878871e-04,-9.1893889433880038e-01,-1.1450166019324923e+01,4.2478188706748263e-06
-8.2763880557100780e-04,-9.1893887512633576e-01,-1.1460166019324815e+01,4.2055524475076734e-06
-8.1921369168945100e-04,-9.1893886818887582e-01,-1.1470166019324935e+01,4.1637065303634256e-06
-8.0477566178099522e-04,-9.1893885646527240e-01,-1.1480166019324903e+01,4.1222770064947089e-06
-8.0081480219550008e-04,-9.1893885328551317e-01,-1.1490166019324933e+01,4.0812596779254101e-06
-7.9420320919312371e-04,-9.1893884801270820e-01,-1.1500166019324825e+01,4.0406504869232340e-06
-7.9350903315553688e-04,-9.1893884746163235e-01,-1.1510166019324924e+01,4.0004453450209932e-06
7.8592232480061250e-04,-9.1893884147028981e-01,-1.1520166019324906e+01,3.9606402724902917e-06
-7.7251293642566460e-04,-9.1893883102145790e-01,-1.1530166019324925e+01,3.9212312842914804e-06
7.5833933518210626e-04,-9.1893882017261308e-01,-1.1540166019324827e+01,3.8822144232227402e-06
7.5821067542072038e-04,-9.1893882007505368e-01,-1.1550166019324914e+01,3.8435857446649402e-06
-7.5035560035489782e-04,-9.1893881415010292e-01,-1.1560166019324919e+01,3.8053414500526393e-06
-7.3452546088400477e-04,-9.1893880239716585e-01,-1.1570166019324919e+01,3.7674777142623602e-06
7.3437542229707589e-04,-9.1893880228696989e-01,-1.1580166019324828e+01,3.7299906850705153e-06
7.2499843329217224e-04,-9.1893879544470358e-01,-1.1590166019324917e+01,3.6928766829073308e-06
7.2323867848374972e-04,-9.1893879417043245e-01,-1.1600166019324924e+01,3.6561319506274546e-06
7.1985467072314773e-04,-9.1893879172871296e-01,-1.1610166019324916e+01,3.6197528387221814e-06
-7.1773449964812391e-04,-9.1893879020474545e-01,-1.1620166019324918e+01,3.5837357016514695e-06
7.1607396697012031e-04,-9.1893878901430259e-01,-1.1630166019324824e+01,3.5480769398451083e-06
-7.1596330755556003e-04,-9.1893878893506831e-01,-1.1640166019324917e+01,3.5127729847009091e-06
7.1453543570255019e-04,-9.1893878791378392e-01,-1.1650166019324921e+01,3.4778203130535357e-06
-6.9473969441419129e-04,-9.1893877396496093e-01,-1.1660166019324921e+01,3.4432154707769409e-06
6.8634134452861368e-04,-9.1893876816556008e-01,-1.1670166019324830e+01,3.4089549241754767e-06
-6.8357545841082217e-04,-9.1893876627104309e-01,-1.1680166019324918e+01,3.3750352623320993e-06
-6.6454203607286958e-04,-9.1893875344139830e-01,-1.1690166019324923e+01,3.3414531432391145e-06
-6.5536235846383462e-04,-9.1893874738324988e-01,-1.1700166019324916e+01,3.3082051489861462e-06
-6.5325472414421337e-04,-9.1893874600420677e-01,-1.1710166019324824e+01,3.2752879622789406e-06
6.5160631037368367e-04,-9.1893874492873129e-01,-1.1720166019324919e+01,3.2426983060220498e-06
6.5145736232980129e-04,-9.1893874483168692e-01,-1.1730166019324912e+01,3.2104329190874162e-06
6.4785377435142954e-04,-9.1893874249059593e-01,-1.1740166019324928e+01,3.1784885852464334e-06
6.4595463382466703e-04,-9.1893874126203390e-01,-1.1750166019324828e+01,3.1468620992632889e-06
-6.4410734041763418e-04,-9.1893874007047249e-01,-1.1760166019324918e+01,3.1155503019192627e-06
-6.3883971000325973e-04,-9.1893873669142700e-01,-1.1770166019324913e+01,3.0845500688751911e-06
6.2516077336600246e-04,-9.1893872804633570e-01,-1.1780166019324925e+01,3.0538583092817159e-06
-6.0749354767121498e-04,-9.1893871715754472e-01,-1.1790166019324820e+01,3.0234719443201478e-06
5.9565741820427631e-04,-9.1893871003721939e-01,-1.1800166019324919e+01,2.9933879171330355e-06
5.9406165645515911e-04,-9.1893870908796527e-01,-1.1810166019324919e+01,2.9636032125175406e-06
-5.7526337465796265e-04,-9.1893869809731454e-01,-1.1820166019324926e+01,2.9341149000993064e-06
5.7421384765824726e-04,-9.1893869749411083e-01,-1.1830166019324830e+01,2.9049199707968104e-06
-5.6810358212151227e-04,-9.1893869400417949e-01,-1.1840166019324917e+01,2.8760155441788689e-06
-5.6088082934828973e-04,-9.1893868992699179e-01,-1.1850166019324911e+01,2.8473987229837092e-06
5.4723419726321223e-04,-9.1893868236597276e-01,-1.1860166019324920e+01,2.8190666536226051e-06
5.4229420571558630e-04,-9.1893867967484222e-01,-1.1870166019324916e+01,2.7910164792578849e-06
5.3642994282038139e-04,-9.1893867651188121e-01,-1.1880166019324841e+01,2.7632454100206979e-06
5.3411201169028914e-04,-9.1893867527116002e-01,-1.1890166019324910e+01,2.7357506621932587e-06
-5.3101195791870515e-04,-9.1893867362018922e-01,-1.1900166019324924e+01,2.7085294927552775e-06
-5.2645938462706854e-04,-9.1893867121308126e-01,-1.1910166019324915e+01,2.6815791804619592e-06
-5.2395018555292743e-04,-9.1893866989523798e-01,-1.1920166019324835e+01,2.6548970253005403e-06
-5.1006846161439604e-04,-9.1893866271825719e-01,-1.1930166019324909e+01,2.6284803773843185e-06
5.0943605054791746e-04,-9.1893866239588429e-01,-1.1940166019324927e+01,2.6023265614811695e-06
-5.0691975765900670e-04,-9.1893866111715983e-01,-1.1950166019324907e+01,2.5764329828500755e-06
-5.0270597356080358e-04,-9.1893865898998739e-01,-1.1960166019324832e+01,2.5507970517627682e-06
-4.9941745351976042e-04,-9.1893865734223590e-01,-1.1970166019324923e+01,2.5254162011866240e-06
4.9892051751010717e-04,-9.1893865709418088e-01,-1.1980166019324914e+01,2.5002878907525061e-06
4.9849710715683417e-04,-9.1893865688302234e-01,-1.1990166019324908e+01,2.4754096110872959e-06
-4.9601083855371981e-04,-9.1893865564671540e-01,-1.2000166019324832e+01,2.4507788769481728e-06
-4.9270355578188768e-04,-9.1893865401173636e-01,-1.2010166019324933e+01,2.4263932236453665e-06
4.8580507540003362e-04,-9.1893865063662505e-01,-1.2020166019324913e+01,2.4022502157881135e-06
4.8538775685118149e-04,-9.1893865043397671e-01,-1.2030166019324918e+01,2.3783474272468770e-06
-4.8496623016595756e-04,-9.1893865022946164e-01,-1.2040166019324822e+01,2.3546824754253276e-06
4.8346561176950531e-04,-9.1893864950283832e-01,-1.2050166019324918e+01,2.3312529950206467e-06
4.8338350631743903e-04,-9.1893864946314652e-01,-1.2060166019324924e+01,2.3080566402390342e-06
4.7905977547813873e-04,-9.1893864738247366e-01,-1.2070166019324917e+01,2.2850910977068644e-06
4.7463275588660375e-04,-9.1893864527146596e-01,-1.2080166019324830e+01,2.2623540661624306e-06
4.7278936767656242e-04,-9.1893864439823258e-01,-1.2090166019324926e+01,2.2398432690415574e-06
4.6725943164917900e-04,-9.1893864179902773e-01,-1.2100166019324918e+01,2.2175564619026899e-06
-4.6720756116703930e-04,-9.1893864177479212e-01,-1.2110166019324915e+01,2.1954914064893669e-06
4.6566354095520723e-04,-9.1893864105460621e-01,-1.2120166019324907e+01,2.1736459035579715e-06
4.6342745214229472e-04,-9.1893864001584113e-01,-1.2130166019324840e+01,2.1520177676827133e-06
4.5179644002558424e-04,-9.1893863469335113e-01,-1.2140166019324914e+01,2.1306048444594927e-06
4.5094549085269043e-04,-9.1893863430925737e-01,-1.2150166019324926e+01,2.1094049728524742e-06
-4.4523263531627197e-04,-9.1893863174938928e-01,-1.2160166019324903e+01,2.0884160480283798e-06
4.3674140139279393e-04,-9.1893862800486537e-01,-1.2170166019324839e+01,2.0676359688920387e-06
4.3142535464978039e-04,-9.1893862569725782e-01,-1.2180166019324918e+01,2.0470626519790151e-06
4.2203886599618428e-04,-9.1893862169174167e-01,-1.2190166019324915e+01,2.0266940463839179e-06
4.1669465999728345e-04,-9.1893861945055932e-01,-1.2200166019324913e+01,2.0065281081798277e-06
4.1142606790173008e-04,-9.1893861726904413e-01,-1.2210166019324841e+01,1.9865628242503300e-06
4.0736975234566264e-04,-9.1893861560839707e-01,-1.2220166019324921e+01,1.9667961971473139e-06
-4.0512701386241406e-04,-9.1893861469728810e-01,-1.2230166019324912e+01,1.9472262497783479e-06
-3.9675206101030022e-04,-9.1893861133943844e-01,-1.2240166019324922e+01,1.9278510313384821e-06
-3.8625631807141878e-04,-9.1893860723031107e-01,-1.2250166019324828e+01,1.9086686009129686e-06
-3.7773588313123570e-04,-9.1893860397553817e-01,-1.2260166019324920e+01,1.8896770371664364e-06
3.7647546710250807e-04,-9.1893860350022816e-01,-1.2270166019324909e+01,1.8708744373755173e-06
3.6999005939028853e-04,-9.1893860107966152e-01,-1.2280166019324920e+01,1.8522589301726964e-06
-3.6173792134136897e-04,-9.1893859806050138e-01,-1.2290166019324831e+01,1.8338286514146753e-06
-3.6141297910883728e-04,-9.1893859794301025e-01,-1.2300166019324918e+01,1.8155817516707188e-06
3.5863733263828999e-04,-9.1893859694370761e-01,-1.2310166019324921e+01,1.7975164131958741e-06
-3.5831421322043500e-04,-9.1893859682787715e-01,-1.2320166019324917e+01,1.7796308262521190e-06
3.5296735726645322e-04,-9.1893859492631713e-01,-1.2330166019324830e+01,1.7619232070163611e-06
3.5292420214729902e-04,-9.1893859491108565e-01,-1.2340166019324917e+01,1.7443917782117657e-06
-3.4108801537788237e-04,-9.1893859080385654e-01,-1.2350166019324922e+01,1.7270347971052947e-06
3.3693985561061070e-04,-9.1893858939757267e-01,-1.2360166019324923e+01,1.7098505161576565e-06
3.3233504252939207e-04,-9.1893858785662974e-01,-1.2370166019324918e+01,1.6928372218663927e-06
3.2579793974833569e-04,-9.1893858570548825e-01,-1.2380166019324825e+01,1.6759932136786792e-06
3.2572795521936589e-04,-9.1893858568268982e-01,-1.2390166019324919e+01,1.6593168026049830e-06
-3.2182557819917059e-04,-9.1893858441919085e-01,-1.2400166019324923e+01,1.6428063266319442e-06
3.2146374949142901e-04,-9.1893858430281061e-01,-1.2410166019324906e+01,1.6264601307533513e-06
-3.2047046541748623e-04,-9.1893858398399908e-01,-1.2420166019324832e+01,1.6102765825655008e-06
-3.1721083557948847e-04,-9.1893858294469655e-01,-1.2430166019324915e+01,1.5942540645159341e-06
-3.1508297308613939e-04,-9.1893858227197944e-01,-1.2440166019324931e+01,1.5783909725897216e-06
3.0738151572560601e-04,-9.1893857987503758e-01,-1.2450166019324913e+01,1.5626857237493356e-06
3.0357392395182300e-04,-9.1893857871190310e-01,-1.2460166019324825e+01,1.5471367427998897e-06
-3.0180990039482738e-04,-9.1893857817794744e-01,-1.2470166019324926e+01,1.5317424758139899e-06
2.9299131595000741e-04,-9.1893857555529512e-01,-1.2480166019324912e+01,1.5165013875034576e-06
-2.8987642730690834e-04,-9.1893857464751105e-01,-1.2490166019324914e+01,1.5014119479411364e-06
-2.8902622547641657e-04,-9.1893857440141902e-01,-1.2500166019324830e+01,1.4864726498140686e-06
-2.8396190735644627e-04,-9.1893857295052184e-01,-1.2510166019324931e+01,1.4716820019562160e-06
-2.8089966249329881e-04,-9.1893857208564966e-01,-1.2520166019324915e+01,1.4570385226285706e-06
-2.7927711248975799e-04,-9.1893857163119219e-01,-1.2530166019324918e+01,1.4425407477501163e-06
-2.7845887903996119e-04,-9.1893857140301316e-01,-1.2540166019324827e+01,1.4281872278124169e-06
2.7167100321617371e-04,-9.1893856953590647e-01,-1.2550166019324916e+01,1.4139765300982869e-06
-2.7004233342149654e-04,-9.1893856909477034e-01,-1.2560166019324921e+01,1.3999072291665779e-06
2.6934558975517714e-04,-9.1893856890686287e-01,-1.2570166019324910e+01,1.3859779197610784e-06
-2.6933175974635083e-04,-9.1893856890313785e-01,-1.2580166019324832e+01,1.3721872090446925e-06
-2.6071604295207785e-04,-9.1893856661976703e-01,-1.2590166019324927e+01,1.3585337212893401e-06
-2.5846316640791990e-04,-9.1893856603494362e-01,-1.2600166019324918e+01,1.3450160856917581e-06
-2.5777087413948328e-04,-9.1893856585625122e-01,-1.2610166019324918e+01,1.3316329522670352e-06
2.5699662805188025e-04,-9.1893856565697285e-01,-1.2620166019324911e+01,1.3183829832696275e-06
-2.5630194867006623e-04,-9.1893856547868391e-01,-1.2630166019324916e+01,1.3052648536365350e-06
-2.5496693066364616e-04,-9.1893856513740735e-01,-1.2640166019324916e+01,1.2922772517825065e-06
-2.5187771419657543e-04,-9.1893856435453092e-01,-1.2650166019324741e+01,1.2794188792869516e-06
-2.5139256805481897e-04,-9.1893856423245113e-01,-1.2660166019324919e+01,1.2666884488880062e-06
-2.5115279750772635e-04,-9.1893856417220332e-01,-1.2670166019324922e+01,1.2540846883091149e-06
2.4872081346326568e-04,-9.1893856356436099e-01,-1.2680166019324925e+01,1.2416063379225134e-06
-2.4800163304185637e-04,-9.1893856338574442e-01,-1.2690166019324916e+01,1.2292521486616734e-06
2.4476039413730684e-04,-9.1893856258716478e-01,-1.2700166019324916e+01,1.2170208863901850e-06
-2.4353058215145152e-04,-9.1893856228691173e-01,-1.2710166019324921e+01,1.2049113266016410e-06
2.4072673042695777e-04,-9.1893856160801879e-01,-1.2720166019324909e+01,1.1929222593943243e-06
-2.3296086802857111e-04,-9.1893855976872252e-01,-1.2730166019324743e+01,1.1810524867615341e-06
2.2643261491009739e-04,-9.1893855826920401e-01,-1.2740166019324914e+01,1.1693008199204875e-06
-2.2241247189967568e-04,-9.1893855736699326e-01,-1.2750166019324929e+01,1.1576660834094863e-06
-2.1949230665327304e-04,-9.1893855672177582e-01,-1.2760166019324917e+01,1.1461471141561407e-06
2.1911603359090761e-04,-9.1893855663925761e-01,-1.2770166019324918e+01,1.1347427599160097e-06
-2.1398770492025185e-04,-9.1893855552870840e-01,-1.2780166019324913e+01,1.1234518820505730e-06
2.1224207308106319e-04,-9.1893855515668821e-01,-1.2790166019324912e+01,1.1122733494631488e-06
-2.1131705181800113e-04,-9.1893855496078769e-01,-1.2800166019324932e+01,1.1012060449353258e-06
2.0841935503736956e-04,-9.1893855435265326e-01,-1.2810166019324729e+01,1.0902488623750367e-06
2.0414685856725255e-04,-9.1893855347130937e-01,-1.2820166019324930e+01,1.0794007058907323e-06
-2.0350652504865912e-04,-9.1893855334079233e-01,-1.2830166019324908e+01,1.0686604895553546e-06
-2.0181464190823341e-04,-9.1893855299791427e-01,-1.2840166019324926e+01,1.0580271403813387e-06
-1.9599671391116314e-04,-9.1893855184069539e-01,-1.2850166019324920e+01,1.0474995956488455e-06
-1.9117453174777495e-04,-9.1893855090719023e-01,-1.2860166019324923e+01,1.0370768014925721e-06
-1.9029889008675469e-04,-9.1893855074017328e-01,-1.2870166019324920e+01,1.0267577150743313e-06
1.9010254999965605e-04,-9.1893855070282926e-01,-1.2880166019324902e+01,1.0165413051479959e-06
1.8965225600414530e-04,-9.1893855061732854e-01,-1.2890166019324923e+01,1.0064265502469651e-06
1.8873964694392231e-04,-9.1893855044466666e-01,-1.2900166019324743e+01,9.9641243892497810e-07
-1.8852002511421268e-04,-9.1893855040323935e-01,-1.2910166019324922e+01,9.8649796954396788e-07
-1.8699607026925118e-04,-9.1893855011710457e-01,-1.2920166019324915e+01,9.7668215102036802e-07
1.8510240799257324e-04,-9.1893854976479017e-01,-1.2930166019324918e+01,9.6696400158416663e-07
1.8347582013843061e-04,-9.1893854946502773e-01,-1.2940166019324920e+01,9.5734254929680945e-07
1.8256935073199742e-04,-9.1893854929912333e-01,-1.2950166019324909e+01,9.4781683192956849e-07
-1.8234802722209872e-04,-9.1893854925874097e-01,-1.2960166019324920e+01,9.3838589691441639e-07
-1.8220445494350728e-04,-9.1893854923257112e-01,-1.2970166019324925e+01,9.2904880125698971e-07
1.8036359314137462e-04,-9.1893854889885229e-01,-1.2980166019324731e+01,9.1980461153648098e-07
-1.7820459746378160e-04,-9.1893854851177870e-01,-1.2990166019324924e+01,9.1065240308572434e-07
-1.7750765120445693e-04,-9.1893854838782263e-01,-1.3000166019324919e+01,9.0159126039006442e-07
1.7273832882404471e-04,-9.1893854755260462e-01,-1.3010166019324913e+01,8.9262027820442368e-07
1.7204923266139933e-04,-9.1893854743380865e-01,-1.3020166019324918e+01,8.8373855814240562e-07
-1.6977629096489162e-04,-9.1893854704533395e-01,-1.3030166019324922e+01,8.7494521290650957e-07
-1.6975066353754271e-04,-9.1893854704098332e-01,-1.3040166019324923e+01,8.6623936258148729e-07
-1.6687955149647618e-04,-9.1893854655773177e-01,-1.3050166019324914e+01,8.5762013732524175e-07
1.6534959711083112e-04,-9.1893854630358407e-01,-1.3060166019324743e+01,8.4908667459473200e-07
1.6408465030668204e-04,-9.1893854609522574e-01,-1.3070166019324910e+01,8.4063812119616314e-07
-1.6256930740848817e-04,-9.1893854584772927e-01,-1.3080166019324921e+01,8.3227363233945027e-07
1.6007613129396785e-04,-9.1893854544552334e-01,-1.3090166019324931e+01,8.2399237166289374e-07
1.5945440971904321e-04,-9.1893854534619390e-01,-1.3100166019324909e+01,8.1579351065648129e-07
-1.5836291281742690e-04,-9.1893854517274554e-01,-1.3110166019324923e+01,8.0767622973917862e-07
-1.5255959550573091e-04,-9.1893854427055455e-01,-1.3120166019324909e+01,7.9963971769786739e-07
-1.5059098546931843e-04,-9.1893854397216190e-01,-1.3130166019324918e+01,7.9168316980223064e-07
1.4915679232370161e-04,-9.1893854375721384e-01,-1.3140166019324919e+01,7.8380579081318917e-07
1.4792928614092564e-04,-9.1893854357487637e-01,-1.3150166019324745e+01,7.7600679302786372e-07
-1.4708556573343569e-04,-9.1893854345042125e-01,-1.3160166019324924e+01,7.6828539652094081e-07
-1.4552898350852871e-04,-9.1893854322268198e-01,-1.3170166019324922e+01,7.6064082927070067e-07
-1.4543979227958962e-04,-9.1893854320970603e-01,-1.3180166019324909e+01,7.5307232657206819e-07
1.4525350452116101e-04,-9.1893854318262980e-01,-1.3190166019324922e+01,7.4557913174395286e-07
1.4326810835121103e-04,-9.1893854289621490e-01,-1.3200166019324922e+01,7.3816049564137095e-07
-1.4304125067491046e-04,-9.1893854286373922e-01,-1.3210166019324912e+01,7.3081567601368293e-07
1.4101749590327608e-04,-9.1893854257630658e-01,-1.3220166019324923e+01,7.2354393874659493e-07
1.4073278501293906e-04,-9.1893854253619789e-01,-1.3230166019324736e+01,7.1634455629514977e-07
1.4009027277179137e-04,-9.1893854244598172e-01,-1.3240166019324921e+01,7.0921680893098631e-07
-1.3946501761691026e-04,-9.1893854235858508e-01,-1.3250166019324915e+01,7.0215998383560883e-07
-1.3866534332442643e-04,-9.1893854224737814e-01,-1.3260166019324927e+01,6.9517337533906275e-07
-1.3748277084767724e-04,-9.1893854208409564e-01,-1.3270166019324918e+01,6.8825628479367375e-07
-1.3738786884281485e-04,-9.1893854207105274e-01,-1.3280166019324904e+01,6.8140802034569472e-07
-1.3710567628285372e-04,-9.1893854203232272e-01,-1.3290166019324918e+01,6.7462789728472361e-07
1.3709906982595002e-04,-9.1893854203141689e-01,-1.3300166019324930e+01,6.6791523754988828e-07
1.3630933227031314e-04,-9.1893854192345648e-01,-1.3310166019324738e+01,6.6126936996632058e-07
-1.3362000006679118e-04,-9.1893854156049171e-01,-1.3320166019324915e+01,6.5468963003608596e-07
-1.3085678019132425e-04,-9.1893854119508789e-01,-1.3330166019324921e+01,6.4817535961137353e-07
1.2375748097617003e-04,-9.1893854029129651e-01,-1.3340166019324910e+01,6.4172590760354061e-07
1.2092207224398421e-04,-9.1893853994441321e-01,-1.3350166019324929e+01,6.3534062835579616e-07
-1.1976201734816373e-04,-9.1893853980480988e-01,-1.3360166019324907e+01,6.2901888356557494e-07
1.1937047115194517e-04,-9.1893853975799411e-01,-1.3370166019324918e+01,6.2276004112833332e-07
-1.1884325790936766e-04,-9.1893853969519945e-01,-1.3380166019324925e+01,6.1656347522344392e-07
1.1849917828583062e-04,-9.1893853965436711e-01,-1.3390166019324912e+01,6.1042856616571329e-07
-1.1670502688897823e-04,-9.1893853944337112e-01,-1.3400166019324752e+01,6.0435470057572044e-07
-1.1319605050743209e-04,-9.1893853904001244e-01,-1.3410166019324905e+01,5.9834127107177434e-07
-1.1291441323995862e-04,-9.1893853900817180e-01,-1.3420166019324924e+01,5.9238767596872703e-07
1.1220499366183983e-04,-9.1893853892831978e-01,-1.3430166019324915e+01,5.8649332015473252e-07
1.1212491789615359e-04,-9.1893853891933808e-01,-1.3440166019324923e+01,5.8065761411940050e-07
-1.1189791394629973e-04,-9.1893853889391108e-01,-1.3450166019324927e+01,5.7487997433871649e-07
1.1083981380474283e-04,-9.1893853877607168e-01,-1.3460166019324916e+01,5.6915982308684824e-07
1.1059166851663982e-04,-9.1893853874859799e-01,-1.3470166019324919e+01,5.6349658823931910e-07
1.1056418894633526e-04,-9.1893853874555942e-01,-1.3480166019324729e+01,5.5788970350636308e-07
1.0923680287102702e-04,-9.1893853859967900e-01,-1.3490166019324928e+01,5.5233860828731269e-07
1.0520238653009698e-04,-9.1893853816711057e-01,-1.3500166019324915e+01,5.4684274754465516e-07
1.0377459894128594e-04,-9.1893853801792313e-01,-1.3510166019324920e+01,5.4140157137429168e-07
-1.0303480189945641e-04,-9.1893853794142466e-01,-1.3520166019324925e+01,5.3601453577165658e-07
-1.0273798597062555e-04,-9.1893853791088631e-01,-1.3530166019324909e+01,5.3068110204408119e-07
1.0248332401845443e-04,-9.1893853788475532e-01,-1.3540166019324916e+01,5.2540073686629310e-07
1.0048564258376976e-04,-9.1893853768202161e-01,-1.3550166019324925e+01,5.2017291229161598e-07
-1.0016615060698785e-04,-9.1893853764996836e-01,-1.3560166019324743e+01,5.1499710535173628e-07
-9.8387026688458753e-05,-9.1893853747334298e-01,-1.3570166019324901e+01,5.0987279862476513e-07
-9.7548898379943823e-05,-9.1893853739123321e-01,-1.3580166019324936e+01,5.0479947955310313e-07
9.7048081254647023e-05,-9.1893853734250452e-01,-1.3590166019324911e+01,4.9977664083258154e-07
9.2101807977559104e-05,-9.1893853687471094e-01,-1.3600166019324927e+01,4.9480378039947382e-07
9.1028889782853906e-05,-9.1893853677646886e-01,-1.3610166019324902e+01,4.8988040057109779e-07
9.0866832721703055e-05,-9.1893853676173010e-01,-1.3620166019324929e+01,4.8500600914952662e-07
-9.0399115918104149e-05,-9.1893853671933956e-01,-1.3630166019324919e+01,4.8018011874619596e-07
-8.6992704025369439e-05,-9.1893853641720480e-01,-1.3640166019324914e+01,4.7540224687796551e-07
8.6990402649962477e-05,-9.1893853641700451e-01,-1.3650166019324736e+01,4.7067191548568888e-07
8.6715593713844485e-05,-9.1893853639313661e-01,-1.3660166019324926e+01,4.6598865168804209e-07
-8.6378812824790743e-05,-9.1893853636398914e-01,-1.3670166019324917e+01,4.6135198714619682e-07
-8.5465012678082470e-05,-9.1893853628547362e-01,-1.3680166019324920e+01,4.5676145820980161e-07
-8.4239321402813033e-05,-9.1893853618147114e-01,-1.3690166019324918e+01,4.5221660581067403e-07
8.3528677920109660e-05,-9.1893853612185949e-01,-1.3700166019324916e+01,4.4771697542816142e-07
-8.0434679683509910e-05,-9.1893853586820828e-01,-1.3710166019324921e+01,4.4326211720176252e-07
-7.9665652995353133e-05,-9.1893853580664764e-01,-1.3720166019324910e+01,4.3885158546993035e-07
-7.8784209006795415e-05,-9.1893853573681528e-01,-1.3730166019324745e+01,4.3448493926547625e-07
7.8704228452105673e-05,-9.1893853573051720e-01,-1.3740166019324914e+01,4.3016174188893921e-07
7.7512650276616475e-05,-9.1893853563744499e-01,-1.3750166019324926e+01,4.2588156108202931e-07
7.7459116640418127e-05,-9.1893853563329686e-01,-1.3760166019324920e+01,4.2164396874785053e-07
7.7332432235465353e-05,-9.1893853562349204e-01,-1.3770166019324913e+01,4.1744854116424517e-07
7.6617063886584677e-05,-9.1893853556842675e-01,-1.3780166019324914e+01,4.1329485880125046e-07
-7.6134893018607846e-05,-9.1893853553160043e-01,-1.3790166019324918e+01,4.0918250626063172e-07
7.6094420718110951e-05,-9.1893853552851990e-01,-1.3800166019324918e+01,4.0511107229765424e-07
-7.6036318754140516e-05,-9.1893853552410032e-01,-1.3810166019324740e+01,4.0108014978008373e-07
7.6005999974636259e-05,-9.1893853552179550e-01,-1.3820166019324924e+01,3.9708933561070561e-07
7.3858901509240085e-05,-9.1893853536090808e-01,-1.3830166019324921e+01,3.9313823076819877e-07
7.3332249527531838e-05,-9.1893853532214886e-01,-1.3840166019324919e+01,3.8922644002758448e-07
-7.2848011188819542e-05,-9.1893853528675584e-01,-1.3850166019324917e+01,3.8535357225372981e-07
-7.1510621860959019e-05,-9.1893853519022395e-01,-1.3860166019324911e+01,3.8151924018128436e-07
-7.0885180007595198e-05,-9.1893853514569379e-01,-1.3870166019324918e+01,3.7772306033040675e-07
7.0600784254135600e-05,-9.1893853512557488e-01,-1.3880166019324918e+01,3.7396465309087010e-07
7.0173537863356047e-05,-9.1893853509550216e-01,-1.3890166019324917e+01,3.7024364263181526e-07
-6.6664610932186687e-05,-9.1893853485542465e-01,-1.3900166019324743e+01,3.6655965692238197e-07
6.6653994539459739e-05,-9.1893853485471699e-01,-1.3910166019324919e+01,3.6291232739534917e-07
-6.5121259101390370e-05,-9.1893853475372866e-01,-1.3920166019324922e+01,3.5930128943957353e-07
6.4853300098534236e-05,-9.1893853473631470e-01,-1.3930166019324913e+01,3.5572618188170919e-07
-6.3984309112998642e-05,-9.1893853468033537e-01,-1.3940166019324923e+01,3.5218664725192363e-07
6.3812655505910082e-05,-9.1893853466936692e-01,-1.3950166019324920e+01,3.4868233156426991e-07
6.3629577629957263e-05,-9.1893853465770103e-01,-1.3960166019324918e+01,3.4521288440050607e-07
6.3516924108845781e-05,-9.1893853465053932e-01,-1.3970166019324919e+01,3.4177795881123854e-07
6.3033165655831992e-05,-9.1893853461992947e-01,-1.3980166019324733e+01,3.3837721131061771e-07
6.2785486915240145e-05,-9.1893853460434816e-01,-1.3990166019324926e+01,3.3501030180773900e-07
-6.2173905218928911e-05,-9.1893853456613672e-01,-1.4000166019324912e+01,3.3167689362168975e-07
-6.1822728614561079e-05,-9.1893853454436436e-01,-1.4010166019324926e+01,3.2837665339573894e-07
-6.0553723894414926e-05,-9.1893853446671625e-01,-1.4020166019324920e+01,3.2510925112680540e-07
-5.9565342543699463e-05,-9.1893853440735451e-01,-1.4030166019324911e+01,3.2187436004752034e-07
-5.9531869737175065e-05,-9.1893853440536122e-01,-1.4040166019324918e+01,3.1867165665380033e-07
-5.9388157313242329e-05,-9.1893853439681605e-01,-1.4050166019324914e+01,3.1550082069336444e-07
5.8907885644756558e-05,-9.1893853436840900e-01,-1.4060166019324750e+01,3.1236153508411554e-07
5.8600436229560105e-05,-9.1893853435034500e-01,-1.4070166019324919e+01,3.0925348588519822e-07
-5.8241206142586291e-05,-9.1893853432935846e-01,-1.4080166019324917e+01,3.0617636229341718e-07
5.7300670122537251e-05,-9.1893853427502281e-01,-1.4090166019324920e+01,3.0312985660299232e-07
5.7196036626647976e-05,-9.1893853426903271e-01,-1.4100166019324924e+01,3.0011366413599835e-07
-5.6368602535912711e-05,-9.1893853422204919e-01,-1.4110166019324916e+01,2.9712748329766140e-07
5.5169327710342098e-05,-9.1893853415516680e-01,-1.4120166019324907e+01,2.9417101546083571e-07
-5.4374025579021125e-05,-9.1893853411160675e-01,-1.4130166019324923e+01,2.9124396496350626e-07
5.4161965925632812e-05,-9.1893853410009874e-01,-1.4140166019324921e+01,2.8834603909588708e-07
-7.0441125347872163e-06,-9.1893853265814918e-01,-inf,0.0000000000000000e+00
-4.6211438218162273e-05,-9.1893853370108802e-01,-inf,0.0000000000000000e+00
2.1925901985125124e-05,-9.1893853287371208e-01,-inf,0.0000000000000000e+00
2.1631833566422501e-05,-9.1893853286730753e-01,-inf,0.0000000000000000e+00
-4.1523404843100953e-06,-9.1893853264196046e-01,-inf,0.0000000000000000e+00
-4.9249840775409759e-05,-9.1893853384611290e-01,-inf,0.0000000000000000e+00
-2.6511784883381169e-06,-9.1893853263685388e-01,-inf,0.0000000000000000e+00
-7.2423500987287087e-06,-9.1893853265956527e-01,-inf,0.0000000000000000e+00
2.5151044551191136e-05,-9.1893853294962702e-01,-inf,0.0000000000000000e+00
-4.6490444790725001e-05,-9.1893853371402023e-01,-inf,0.0000000000000000e+00
-1.9410373910964669e-05,-9.1893853282172078e-01,-inf,0.0000000000000000e+00
-3.5878414776994514e-05,-9.1893853327696984e-01,-inf,0.0000000000000000e+00
-1.2325932317635584e-05,-9.1893853270930381e-01,-inf,0.0000000000000000e+00
-3.8122478925732526e-05,-9.1893853336000120e-01,-inf,0.0000000000000000e+00
1.5068952681374136e-05,-9.1893853274687609e-01,-inf,0.0000000000000000e+00
2.9955534415166729e-06,-9.1893853263782610e-01,-inf,0.0000000000000000e+00
-3.7744326293799851e-05,-9.1893853334565656e-01,-inf,0.0000000000000000e+00
1.3484676612944277e-05,-9.1893853272425774e-01,-inf,0.0000000000000000e+00
3.6934600496342954e-05,-9.1893853331542186e-01,-inf,0.0000000000000000e+00
2.8949788680751685e-06,-9.1893853263752989e-01,-inf,0.0000000000000000e+00
7.1973831393969644e-06,-9.1893853265924064e-01,-inf,0.0000000000000000e+00
-1.4657890234478425e-07,-9.1893853263335024e-01,-inf,0.0000000000000000e+00
1.0463841367703374e-05,-9.1893853268808545e-01,-inf,0.0000000000000000e+00
2.5425277864921754e-05,-9.1893853295656180e-01,-inf,0.0000000000000000e+00
-3.3267250525972978e-05,-9.1893853318669450e-01,-inf,0.0000000000000000e+00
-3.9517795776234440e-05,-9.1893853341416754e-01,-inf,0.0000000000000000e+00
-3.9855163116545435e-05,-9.1893853342755649e-01,-inf,0.0000000000000000e+00
-3.9634958217601322e-05,-9.1893853341880438e-01,-inf,0.0000000000000000e+00
3.7103996514361155e-05,-9.1893853332169273e-01,-inf,0.0000000000000000e+00
3.0039979533308735e-05,-9.1893853308453965e-01,-inf,0.0000000000000000e+00
-2.1241686737773326e-05,-9.1893853285894411e-01,-inf,0.0000000000000000e+00
-3.5802164830678241e-05,-9.1893853327423702e-01,-inf,0.0000000000000000e+00
-5.1845256690564518e-05,-9.1893853397730474e-01,-inf,0.0000000000000000e+00
3.2773665781595510e-05,-9.1893853317039609e-01,-inf,0.0000000000000000e+00
2.0022687684505436e-05,-9.1893853283379345e-01,-inf,0.0000000000000000e+00
-1.5894021497038823e-06,-9.1893853263460257e-01,-inf,0.0000000000000000e+00
-4.8035031251870054e-06,-9.1893853264487624e-01,-inf,0.0000000000000000e+00
-1.2120493425510804e-05,-9.1893853270679260e-01,-inf,0.0000000000000000e+00
-2.8147430570278894e-05,-9.1893853302947837e-01,-inf,0.0000000000000000e+00
2.4303032669832159e-05,-9.1893853292865812e-01,-inf,0.0000000000000000e+00
3.9574933512101547e-05,-9.1893853341642717e-01,-inf,0.0000000000000000e+00
-3.5362223549364612e-05,-9.1893853325858288e-01,-inf,0.0000000000000000e+00
-3.0746819575523977e-05,-9.1893853310602291e-01,-inf,0.0000000000000000e+00
2.8017596500152074e-05,-9.1893853302583228e-01,-inf,0.0000000000000000e+00
-2.0752007069008269e-05,-9.1893853284866234e-01,-inf,0.0000000000000000e+00
4.6959988422532308e-05,-9.1893853373595968e-01,-inf,0.0000000000000000e+00
-3.7132092381667823e-05,-9.1893853332273556e-01,-inf,0.0000000000000000e+00
5.3144389927877060e-05,-9.1893853404550252e-01,-inf,0.0000000000000000e+00
4.3676230250198695e-05,-9.1893853358714606e-01,-inf,0.0000000000000000e+00
-1.3178819871943883e-05,-9.1893853272018011e-01,-inf,0.0000000000000000e+00
5.3944443639845262e-05,-9.1893853408834092e-01,-inf,0.0000000000000000e+00
-4.3800201679972494e-05,-9.1893853359256827e-01,-inf,0.0000000000000000e+00
-5.0912020953140444e-06,-9.1893853264629966e-01,-inf,0.0000000000000000e+00
2.8962641167659877e-05,-9.1893853305275675e-01,-inf,0.0000000000000000e+00
1.7837154438877335e-05,-9.1893853279242155e-01,-inf,0.0000000000000000e+00
-1.8657523505878398e-05,-9.1893853280739102e-01,-inf,0.0000000000000000e+00
2.4513898556641339e-05,-9.1893853293380512e-01,-inf,0.0000000000000000e+00
-4.0231743006991451e-05,-9.1893853344263599e-01,-inf,0.0000000000000000e+00
3.2413886742608083e-05,-9.1893853315866947e-01,-inf,0.0000000000000000e+00
4.6565848230883250e-05,-9.1893853371752854e-01,-inf,0.0000000000000000e+00
3.0678728322429635e-05,-9.1893853310393170e-01,-inf,0.0000000000000000e+00
-1.9553698593360576e-05,-9.1893853282451299e-01,-inf,0.0000000000000000e+00
3.5815014218444654e-05,-9.1893853327469710e-01,-inf,0.0000000000000000e+00
6.5515952660467940e-06,-9.1893853265480119e-01,-inf,0.0000000000000000e+00
-7.6835088158040254e-06,-9.1893853266285763e-01,-inf,0.0000000000000000e+00
4.8075753104073139e-05,-9.1893853378897850e-01,-inf,0.0000000000000000e+00
5.9193768967964368e-06,-9.1893853265085901e-01,-inf,0.0000000000000000e+00
2.3247091629747921e-05,-9.1893853290355310e-01,-inf,0.0000000000000000e+00
3.3038415738960918e-06,-9.1893853263879710e-01,-inf,0.0000000000000000e+00
6.0724393556882230e-06,-9.1893853265177672e-01,-inf,0.0000000000000000e+00
4.7248033106869120e-05,-9.1893853374952783e-01,-inf,0.0000000000000000e+00
-1.4462720596736298e-05,-9.1893853273792458e-01,-inf,0.0000000000000000e+00
4.7621842262213327e-05,-9.1893853376725942e-01,-inf,0.0000000000000000e+00
3.5780776859985398e-05,-9.1893853327347141e-01,-inf,0.0000000000000000e+00
7.3117635635461348e-06,-9.1893853266007042e-01,-inf,0.0000000000000000e+00
1.1962222927111185e-05,-9.1893853270488690e-01,-inf,0.0000000000000000e+00
-4.7567260856988354e-05,-9.1893853376466161e-01,-inf,0.0000000000000000e+00
4.4342749579139227e-05,-9.1893853361647915e-01,-inf,0.0000000000000000e+00
9.5110851016542910e-06,-9.1893853267856984e-01,-inf,0.0000000000000000e+00
4.9177426630772709e-05,-9.1893853384254909e-01,-inf,0.0000000000000000e+00
-3.3085799389257167e-05,-9.1893853318067453e-01,-inf,0.0000000000000000e+00
-2.8064814351595009e-05,-9.1893853302715633e-01,-inf,0.0000000000000000e+00
-8.5053834952012532e-06,-9.1893853266951020e-01,-inf,0.0000000000000000e+00
3.8023211983119167e-05,-9.1893853335622178e-01,-inf,0.0000000000000000e+00
1.0829278691271138e-06,-9.1893853263392589e-01,-inf,0.0000000000000000e+00
-2.4140171979505509e-05,-9.1893853292471339e-01,-inf,0.0000000000000000e+00
-4.0936764735598376e-05,-9.1893853347124888e-01,-inf,0.0000000000000000e+00
-1.8130165699925807e-05,-9.1893853279769089e-01,-inf,0.0000000000000000e+00
2.7125398262792532e-05,-9.1893853300123307e-01,-inf,0.0000000000000000e+00
4.8317946249622689e-05,-9.1893853380065138e-01,-inf,0.0000000000000000e+00
3.6457886479372920e-05,-9.1893853329792818e-01,-inf,0.0000000000000000e+00
3.6247793370504554e-05,-9.1893853329029074e-01,-inf,0.0000000000000000e+00
-9.0947203081369668e-06,-9.1893853267469638e-01,-inf,0.0000000000000000e+00
-1.8132605586938298e-05,-9.1893853279773519e-01,-inf,0.0000000000000000e+00
-1.0866719563412965e-05,-9.1893853269238224e-01,-inf,0.0000000000000000e+00
3.1156259510946977e-05,-9.1893853311869567e-01,-inf,0.0000000000000000e+00
1.6643079881763276e-05,-9.1893853277183557e-01,-inf,0.0000000000000000e+00
-3.9204486643167318e-05,-9.1893853340183540e-01,-inf,0.0000000000000000e+00
-3.2243621547761606e-05,-9.1893853315316498e-01,-inf,0.0000000000000000e+00
-1.1224102888046481e-05,-9.1893853269632975e-01,-inf,0.0000000000000000e+00
