cmpt_0,logl,logv,weight
-2.4143721011220678e+00,-3.8335348539716336e+00,-4.6101660193249021e+00,2.1525205378751614e-04
2.3900620647091926e+00,-3.7751368692143239e+00,-4.6201660193248868e+00,2.2592603556057235e-04
-2.1639186380663782e+00,-3.2602104687188640e+00,-4.6301660193248999e+00,3.7432861820427927e-04
-1.9814779528119137e+00,-2.8820659713731858e+00,-4.6401660193248961e+00,5.4092388039064462e-04
1.9397327535354356e+00,-2.8002201102024209e+00,-4.6501660193249013e+00,5.8121714375860818e-04
1.8694637476883607e+00,-2.6663858845938448e+00,-4.6601660193248975e+00,6.5783796950293484e-04
1.8560458816675800e+00,-2.6413916900609316e+00,-4.6701660193249008e+00,6.6777604047962673e-04
1.8191997354608442e+00,-2.5736823713837422e+00,-4.6801660193248891e+00,7.0744661246420937e-04
1.8108358966103626e+00,-2.5585018548596672e+00,-4.6901660193248995e+00,7.1112106088252363e-04
-1.6315995144741442e+00,-2.2499970204494710e+00,-4.7001660193248913e+00,9.5847887077537804e-04
1.4715583628761315e+00,-2.0016805403086799e+00,-4.7101660193249000e+00,1.2164158650338922e-03
1.4441172138680018e+00,-1.9616757963282796e+00,-4.7201660193248962e+00,1.2534671897068441e-03
1.4406822337078724e+00,-1.9567211818940917e+00,-4.7301660193248987e+00,1.2471588917204301e-03
1.4375155780413407e+00,-1.9521640511891043e+00,-4.7401660193249038e+00,1.2403892088447555e-03
-1.4250853320760011e+00,-1.9343726344824226e+00,-4.7501660193248929e+00,1.2500913456632140e-03
1.4195816937631227e+00,-1.9265446252670275e+00,-4.7601660193248980e+00,1.2473791053272802e-03
-1.3518597467823434e+00,-1.8327009201185502e+00,-4.7701660193248987e+00,1.3564735300894864e-03
-1.3404442267716916e+00,-1.8173338951761187e+00,-4.7801660193248923e+00,1.3637733289379567e-03
1.3222435892363229e+00,-1.7931025872716164e+00,-4.7901660193248956e+00,1.3833203671494941e-03
1.2723052698705077e+00,-1.7283188825034723e+00,-4.8001660193248954e+00,1.4612180623186715e-03
-1.2494160335611455e+00,-1.6994587450931722e+00,-4.8101660193248987e+00,1.4890383584178783e-03
-1.2362603622273032e+00,-1.6831083742405308e+00,-4.8201660193249003e+00,1.4985243922452480e-03
-1.2245246235989808e+00,-1.6686688095334523e+00,-4.8301660193249010e+00,1.5051919778873461e-03
1.1776197724846766e+00,-1.6123326969067704e+00,-4.8401660193248999e+00,1.5765778222921612e-03
1.1707419789018243e+00,-1.6042569232148192e+00,-4.8501660193248908e+00,1.5735470466541007e-03
-1.1450533267346463e+00,-1.5745120931663799e+00,-4.8601660193248915e+00,1.6049252246456717e-03
-1.1428499976629403e+00,-1.5719915912124307e+00,-4.8701660193248957e+00,1.5929659699279051e-03
-1.1409079677910898e+00,-1.5697740281179366e+00,-4.8801660193249008e+00,1.5806169279223854e-03
-1.0917715132918346e+00,-1.5149210512511107e+00,-4.8901660193249050e+00,1.6531262767776904e-03
1.0665357385013301e+00,-1.4876877733836282e+00,-4.9001660193248906e+00,1.6818619550489696e-03
1.0513340666621367e+00,-1.4715901924955124e+00,-4.9101660193248922e+00,1.6921485742370285e-03
1.0497240287448013e+00,-1.4698988008954477e+00,-4.9201660193249026e+00,1.6781474199781250e-03
-1.0461992011150816e+00,-1.4662049168402569e+00,-4.9301660193248953e+00,1.6675981252725943e-03
1.0295220265565896e+00,-1.4488963342159331e+00,-4.9401660193248880e+00,1.6798305503500951e-03
1.0286321122401354e+00,-1.4479805437991407e+00,-4.9501660193249064e+00,1.6646397203737872e-03
-1.0159258005142906e+00,-1.4349911487086406e+00,-4.9601660193248920e+00,1.6696234316108966e-03
1.0117151402198152e+00,-1.4307222951083398e+00,-4.9701660193249033e+00,1.6600819432419658e-03
9.9151571146272599e-01,-1.4104902356720572e+00,-4.9801660193248907e+00,1.6771551986797058e-03
-9.8670913103339375e-01,-1.4057359872656769e+00,-4.9901660193248940e+00,1.6683802947289120e-03
9.7559746522698021e-01,-1.3948337397119939e+00,-5.0001660193249080e+00,1.6698862660457277e-03
-9.6681597013579257e-01,-1.3863050926881464e+00,-5.0101660193248980e+00,1.6674310805835128e-03
9.4857797196726668e-01,-1.3688386170841058e+00,-5.0201660193248872e+00,1.6799275081494541e-03
-9.3828954957134514e-01,-1.3591321720507383e+00,-5.0301660193248994e+00,1.6794344294622241e-03
9.2449226200775225e-01,-1.3462815038894447e+00,-5.0401660193249072e+00,1.6842287700095436e-03
-9.0965547731260521e-01,-1.3326750763357513e+00,-5.0501660193248954e+00,1.6903137850400826e-03
-9.0925879169720014e-01,-1.3323143077726658e+00,-5.0601660193248881e+00,1.6740987351258215e-03
9.0484704297586238e-01,-1.3283126182244205e+00,-5.0701660193248976e+00,1.6640870278679634e-03
8.9781226304083539e-01,-1.3219719624665927e+00,-5.0801660193248974e+00,1.6580086887345333e-03
8.8216660263540903e-01,-1.3080474900359893e+00,-5.0901660193249070e+00,1.6645282827390051e-03
-8.8051705631910526e-01,-1.3065936758677705e+00,-5.1001660193248899e+00,1.6503635282374457e-03
8.6582924570918796e-01,-1.2937686739960101e+00,-5.1101660193248888e+00,1.6550323999744540e-03
-8.6417246899668831e-01,-1.2923355607192555e+00,-5.1201660193249117e+00,1.6409144845163171e-03
-8.2578516979070649e-01,-1.2598991059564724e+00,-5.1301660193248875e+00,1.6781469080408558e-03
7.9690401696668034e-01,-1.2364665387621550e+00,-5.1401660193248944e+00,1.7008408065755714e-03
-7.9514799308329809e-01,-1.2350686980855379e+00,-5.1501660193248933e+00,1.6862726516021426e-03
-7.7633455076417301e-01,-1.2202861999884447e+00,-5.1601660193249019e+00,1.6943565625859222e-03
7.7143904720024403e-01,-1.2164976344059497e+00,-5.1701660193248982e+00,1.6838647961099353e-03
7.6650316215034864e-01,-1.2127020814265812e+00,-5.1801660193248997e+00,1.6734496895917785e-03
-7.6544996273023558e-01,-1.2118953553551990e+00,-5.1901660193249066e+00,1.6581357088560889e-03
-7.5839058814382865e-01,-1.2065166747259106e+00,-5.2001660193248975e+00,1.6504906130063643e-03
7.4848780280271554e-01,-1.1990555281055579e+00,-5.2101660193248884e+00,1.6463055741834365e-03
7.4479167037786698e-01,-1.1962958487654660e+00,-5.2201660193248891e+00,1.6344288414824291e-03
7.3128652852334008e-01,-1.1863285260331984e+00,-5.2301660193248987e+00,1.6343754336861868e-03
7.2658472810887076e-01,-1.1829012161938603e+00,-5.2401660193248967e+00,1.6236684158552111e-03
7.2227369698554433e-01,-1.1797781793119224e+00,-5.2501660193248982e+00,1.6125408139517723e-03
7.1681550958361950e-01,-1.1758507700231515e+00,-5.2601660193248856e+00,1.6027781858068354e-03
-7.0397472671032568e-01,-1.1667287405567783e+00,-5.2701660193249014e+00,1.6013716113435503e-03
6.9757485910679851e-01,-1.1622438746622743e+00,-5.2801660193248923e+00,1.5925641416669749e-03
6.9325712323236521e-01,-1.1592412520895468e+00,-5.2901660193249151e+00,1.5814592671007631e-03
6.7143872723002285e-01,-1.1443535148454760e+00,-5.3001660193248936e+00,1.5892079457869831e-03
6.6826539776203298e-01,-1.1422278535563635e+00,-5.3101660193248952e+00,1.5767431246585099e-03
6.6097894426632986e-01,-1.1373851150150553e+00,-5.3201660193249030e+00,1.5686323807020568e-03
6.6061549312301593e-01,-1.1371449475104223e+00,-5.3301660193248930e+00,1.5533972584741952e-03
-6.5207830287823842e-01,-1.1315415891756213e+00,-5.3401660193248937e+00,1.5465825193256846e-03
-6.4980650691839437e-01,-1.1300627808500820e+00,-5.3501660193248943e+00,1.5334597833167184e-03
6.4749778481154185e-01,-1.1285652233012664e+00,-5.3601660193249012e+00,1.5204769010750121e-03
6.4204849062472391e-01,-1.1250516647900826e+00,-5.3701660193248957e+00,1.5106463337883746e-03
-6.3461433890894625e-01,-1.1203062122077589e+00,-5.3801660193248910e+00,1.5027293891922817e-03
-6.3042938637305490e-01,-1.1176591382346928e+00,-5.3901660193249050e+00,1.4917204546957951e-03
-6.2799989585130755e-01,-1.1161304672279659e+00,-5.4001660193248888e+00,1.4791369746106392e-03
6.2063681852578523e-01,-1.1115335628882437e+00,-5.4101660193248966e+00,1.4711666077596192e-03
6.1289982847563884e-01,-1.1067616325060732e+00,-5.4201660193249124e+00,1.4634953168094662e-03
6.0793845086117948e-01,-1.1037331126510848e+00,-5.4301660193248917e+00,1.4533280698249000e-03
-6.0320320315221487e-01,-1.1008655847798856e+00,-5.4401660193249004e+00,1.4429991271088097e-03
-6.0164776748264992e-01,-1.0999285506917680e+00,-5.4501660193248966e+00,1.4299803586468192e-03
-5.9763800053513261e-01,-1.0975241224751551e+00,-5.4601660193248893e+00,1.4191599856650840e-03
-5.9562870355812070e-01,-1.0963253088845033e+00,-5.4701660193248998e+00,1.4067244978814650e-03
5.9525359810598366e-01,-1.0961019556623994e+00,-5.4801660193248960e+00,1.3930384601425858e-03
-5.8947030917836862e-01,-1.0926761553347601e+00,-5.4901660193248976e+00,1.3839103849252181e-03
5.6868274385282802e-01,-1.0806385642113301e+00,-5.5001660193248920e+00,1.3867331032374518e-03
-5.6479270441910090e-01,-1.0784339321158605e+00,-5.5101660193248962e+00,1.3759650335738790e-03
5.6299792071618926e-01,-1.0774218619987157e+00,-5.5201660193248889e+00,1.3636533674078661e-03
-5.5855321217113607e-01,-1.0749293780466864e+00,-5.5301660193248949e+00,1.3534540515370832e-03
5.5687163625998370e-01,-1.0739915422687754e+00,-5.5401660193249169e+00,1.3412442358908209e-03
5.4910333803955014e-01,-1.0696957705564276e+00,-5.5501660193248945e+00,1.3336152519988114e-03
5.4342321170157248e-01,-1.0665929261413656e+00,-5.5601660193249005e+00,1.3244487478560414e-03
5.4322783763326510e-01,-1.0664867744231961e+00,-5.5701660193248888e+00,1.3114094636036259e-03
-5.4223627345841807e-01,-1.0659486207603757e+00,-5.5801660193249027e+00,1.2990596270381733e-03
-5.3712389095986535e-01,-1.0631895697532721e+00,-5.5901660193248945e+00,1.2896871762100731e-03
5.3180368858328786e-01,-1.0603461142287347e+00,-5.6001660193248943e+00,1.2804904203221825e-03
-5.3126705807676455e-01,-1.0600608761321095e+00,-5.6101660193248959e+00,1.2681109897400599e-03
5.2988207307827473e-01,-1.0593260383182046e+00,-5.6201660193248966e+00,1.2564159974116998e-03
-5.1792408069328966e-01,-1.0530612093143341e+00,-5.6301660193248981e+00,1.2517318223624226e-03
-5.1655505741437002e-01,-1.0523530963035210e+00,-5.6401660193248970e+00,1.2401547414880093e-03
5.0252160922562727e-01,-1.0452025165026966e+00,-5.6501660193248862e+00,1.2366260492684784e-03
5.0096365721106273e-01,-1.0444208255564811e+00,-5.6601660193248939e+00,1.2252788296057144e-03
4.9868201078033531e-01,-1.0432804065712986e+00,-5.6701660193248991e+00,1.2144713182522747e-03
4.9453462598385201e-01,-1.0412207807818337e+00,-5.6801660193248944e+00,1.2048661463139238e-03
-4.9346010864534318e-01,-1.0406899720454765e+00,-5.6901660193249093e+00,1.1935108857423500e-03
4.8935362961776185e-01,-1.0386720200433783e+00,-5.7001660193248957e+00,1.1840221447391133e-03
4.8877616476858549e-01,-1.0383896022562831e+00,-5.7101660193248964e+00,1.1725720359962509e-03
4.8812760664927801e-01,-1.0380728128199157e+00,-5.7201660193248935e+00,1.1612725699159875e-03
4.8368290081342152e-01,-1.0359131069029826e+00,-5.7301660193249049e+00,1.1522034501967493e-03
-4.8355914196537442e-01,-1.0358532545224841e+00,-5.7401660193248940e+00,1.1408071122905614e-03
-4.7718333498604926e-01,-1.0327905002275435e+00,-5.7501660193249133e+00,1.1329204405693264e-03
-4.7554470200100496e-01,-1.0320099144339518e+00,-5.7601660193248856e+00,1.1225235778988042e-03
4.6531172685156513e-01,-1.0271960342061321e+00,-5.7701660193248978e+00,1.1167171057209508e-03
-4.5952659806435531e-01,-1.0245208797976393e+00,-5.7801660193248940e+00,1.1085672101545361e-03
4.4970221826649687e-01,-1.0200545751902435e+00,-5.7901660193249018e+00,1.1024496787796969e-03
4.4703422722215841e-01,-1.0188583327873957e+00,-5.8001660193249007e+00,1.0927865772587778e-03
-4.4597944861596878e-01,-1.0183873669272412e+00,-5.8101660193248863e+00,1.0824228333124991e-03
-4.4395346403593794e-01,-1.0174858717480939e+00,-5.8201660193248959e+00,1.0726190713648692e-03
-4.4319323963889756e-01,-1.0171486564641501e+00,-5.8301660193249027e+00,1.0623044982012273e-03
4.3759233390279884e-01,-1.0146820579785887e+00,-5.8401660193248812e+00,1.0543318003583102e-03
-4.3743671346918012e-01,-1.0146139717786982e+00,-5.8501660193249023e+00,1.0439120972493127e-03
4.3617934994182672e-01,-1.0140647452911766e+00,-5.8601660193249074e+00,1.0340927935448337e-03
-4.3201832299789178e-01,-1.0122584483362949e+00,-5.8701660193248939e+00,1.0256543624832847e-03
-4.3150502789190792e-01,-1.0120368271813376e+00,-5.8801660193248937e+00,1.0156740009647912e-03
-4.3128115453712984e-01,-1.0119402497627794e+00,-5.8901660193248944e+00,1.0056649956378893e-03
4.1493052522851903e-01,-1.0050222030165468e+00,-5.9001660193248942e+00,1.0025703543517942e-03
3.9972434603374191e-01,-9.9882830903939079e-01,-5.9101660193248859e+00,9.9876171792260366e-04
3.8984468639544090e-01,-9.9492797238871933e-01,-5.9201660193248999e+00,9.9268814986832698e-04
3.8652065337674912e-01,-9.9363764037673397e-01,-5.9301660193249086e+00,9.8407970841920818e-04
3.7614565525583660e-01,-9.8968130961726075e-01,-5.9401660193248942e+00,9.7815019222096864e-04
3.7591817001986749e-01,-9.8959576790888248e-01,-5.9501660193249002e+00,9.6850027881515235e-04
3.7064961128560864e-01,-9.8762909980642588e-01,-5.9601660193248973e+00,9.6075116192022173e-04
3.6813359893479408e-01,-9.8669970596568135e-01,-5.9701660193248847e+00,9.5207597061509723e-04
3.6681618912243774e-01,-9.8621559093449351e-01,-5.9801660193249111e+00,9.4305909501391850e-04
-3.6658116114968842e-01,-9.8612940648826641e-01,-5.9901660193249064e+00,9.3375597200777709e-04
-3.6304833203628895e-01,-9.8484057833050520e-01,-6.0001660193248911e+00,9.2565718943455266e-04
3.5856590903779439e-01,-9.8322328819538940e-01,-6.0101660193249042e+00,9.1793010597886941e-04
3.5131174266425941e-01,-9.8064850290023886e-01,-6.0201660193248863e+00,9.1113951983719753e-04
3.4998451686043053e-01,-9.8018311365435395e-01,-6.0301660193249038e+00,9.0249344316094596e-04
-3.4562454106990015e-01,-9.7866669432822906e-01,-6.0401660193248912e+00,8.9486945232447200e-04
3.4454656691163810e-01,-9.7829470101863747e-01,-6.0501660193248936e+00,8.8629498699182197e-04
-3.4182562725418036e-01,-9.7736091235719635e-01,-6.0601660193249005e+00,8.7829596453617344e-04
3.3943843041108668e-01,-9.7654775665331051e-01,-6.0701660193248959e+00,8.7026414628503111e-04
-3.3850494739005543e-01,-9.7623133233711157e-01,-6.0801660193248939e+00,8.6187754921860380e-04
3.2519388646496361e-01,-9.7181406453043329e-01,-6.0901660193248954e+00,8.5707932374393689e-04
3.2275608527430788e-01,-9.7102427792413759e-01,-6.1001660193248943e+00,8.4922168110527867e-04
-3.1828467175519559e-01,-9.6959109877049576e-01,-6.1101660193249021e+00,8.4197762467486082e-04
-3.1369618796211907e-01,-9.6814118180432207e-01,-6.1201660193248895e+00,8.3480933447859504e-04
3.1330202850152711e-01,-9.6801761316492529e-01,-6.1301660193249070e+00,8.2660497895479786e-04
-3.0857735217709248e-01,-9.6654852377165212e-01,-6.1401660193248890e+00,8.1958327910361536e-04
3.0264281170909491e-01,-9.6473486837293276e-01,-6.1501660193248942e+00,8.1290127585886731e-04
-2.9275962152236090e-01,-9.6179263063029752e-01,-6.1601660193248957e+00,8.0718421049075727e-04
-2.8859338406170409e-01,-9.6058160329543263e-01,-6.1701660193249035e+00,8.0012097528677406e-04
2.8242216602274967e-01,-9.5881967256383027e-01,-6.1801660193248864e+00,7.9355659928604511e-04
2.7306746673861404e-01,-9.5622145332886155e-01,-6.1901660193249004e+00,7.8770455181734298e-04
2.7257362390027440e-01,-9.5608672285640361e-01,-6.2001660193248940e+00,7.7997183946583979e-04
-2.7128044890244840e-01,-9.5573507361169641e-01,-6.2101660193249044e+00,7.7248258515388336e-04
2.7083649095821977e-01,-9.5561473505062045e-01,-6.2201660193248891e+00,7.6488829502445585e-04
-2.6643131978432849e-01,-9.5443135671434898e-01,-6.2301660193249182e+00,7.5817420559737010e-04
2.6378802698990372e-01,-9.5373059422495254e-01,-6.2401660193248949e+00,7.5115644407287852e-04
2.6244655973817210e-01,-9.5337763099254047e-01,-6.2501660193249009e+00,7.4394485141745300e-04
2.6101333533986559e-01,-9.5300251324596008e-01,-6.2601660193249007e+00,7.3681881844558136e-04
-2.5689400527378181e-01,-9.5193579760614244e-01,-6.2701660193248960e+00,7.3026591945219202e-04
-2.5198040047420261e-01,-9.5068559374490924e-01,-6.2801660193248861e+00,7.2390411436638999e-04
2.5175961119296530e-01,-9.5062998354735595e-01,-6.2901660193248929e+00,7.1674100507942724e-04
2.4762314893973925e-01,-9.4959714457875566e-01,-6.3001660193249061e+00,7.1034260369140956e-04
-2.4734041646499436e-01,-9.4952717344187787e-01,-6.3101660193248987e+00,7.0332378733294727e-04
2.4426296811946557e-01,-9.4877073143060497e-01,-6.3201660193248861e+00,6.9685252792779423e-04
2.4403685115013363e-01,-9.4871552499297573e-01,-6.3301660193249081e+00,6.8995681842925973e-04
2.3986072308943962e-01,-9.4770511587383388e-01,-6.3401660193248830e+00,6.8378218420626273e-04
-2.3836305211289782e-01,-9.4734700493962753e-01,-6.3501660193249094e+00,6.7722091458903588e-04
-2.3364629830593897e-01,-9.4623382898937336e-01,-6.3601660193248941e+00,6.7122923441503368e-04
-2.3052852785055011e-01,-9.4551023370981035e-01,-6.3701660193248877e+00,6.6503143148481246e-04
2.2810042764519900e-01,-9.4495343517930075e-01,-6.3801660193248928e+00,6.5878096435218250e-04
2.2359727952544081e-01,-9.4393640433892856e-01,-6.3901660193248988e+00,6.5288965560476918e-04
-2.2291509213812330e-01,-9.4378410178481342e-01,-6.4001660193248995e+00,6.4649174983511437e-04
2.2118553375742731e-01,-9.4340005280511852e-01,-6.4101660193248904e+00,6.4030491067770888e-04
2.2014637314113883e-01,-9.4317074543693824e-01,-6.4201660193248964e+00,6.3407915271770639e-04
2.1927432119075074e-01,-9.4297914660017168e-01,-6.4301660193248935e+00,6.2789025124951163e-04
2.1875595332147840e-01,-9.4286561619013387e-01,-6.4401660193249013e+00,6.2171321821235972e-04
-2.1527887065994789e-01,-9.4211102870965080e-01,-6.4501660193249020e+00,6.1599171263580798e-04
2.1486908230320778e-01,-9.4202289389825078e-01,-6.4601660193249000e+00,6.0991624517041832e-04
2.1427639657943734e-01,-9.4189571969887365e-01,-6.4701660193248838e+00,6.0392427583465301e-04
-2.1401553260364828e-01,-9.4183985673115111e-01,-6.4801660193249280e+00,5.9794853113367009e-04
-2.1280939039424507e-01,-9.4158245095332460e-01,-6.4901660193248931e+00,5.9215124737627448e-04
2.0971718898553598e-01,-9.4092918231133693e-01,-6.5001660193248920e+00,5.8664235392265525e-04
-2.0681280941695240e-01,-9.4032430170280579e-01,-6.5101660193248971e+00,5.8115658902705217e-04
-1.9908532792280731e-01,-9.3875601653040530e-01,-6.5201660193249014e+00,5.7627704277818457e-04
1.9724201708146202e-01,-9.3839073928452132e-01,-6.5301660193248852e+00,5.7075143483589080e-04
-1.9505371611714750e-01,-9.3796150871889383e-01,-6.5401660193249009e+00,5.6531496156302617e-04
-1.9184407619844845e-01,-9.3734060741955749e-01,-6.5501660193249043e+00,5.6003760385723417e-04
1.8930431245244123e-01,-9.3685659398988519e-01,-6.5601660193248890e+00,5.5473357012201716e-04
-1.8654883695953012e-01,-9.3633876691881612e-01,-6.5701660193248967e+00,5.4949835033582441e-04
1.8566334289460890e-01,-9.3617397108074007e-01,-6.5801660193249019e+00,5.4412041178658198e-04
-1.8524898875718168e-01,-9.3609712655111865e-01,-6.5901660193248821e+00,5.3874772145345081e-04
1.8336873693289807e-01,-9.3575057947552265e-01,-6.6001660193249112e+00,5.3357196782685852e-04
-1.8299347612456235e-01,-9.3568183878541489e-01,-6.6101660193249039e+00,5.2829915244037063e-04
-1.8177559305139923e-01,-9.3545971574793341e-01,-6.6201660193248770e+00,5.2315868073366434e-04
1.8078569709713427e-01,-9.3528026677078790e-01,-6.6301660193249310e+00,5.1804611939046440e-04
-1.7945922773999012e-01,-9.3504133984385629e-01,-6.6401660193248597e+00,5.1301403260143696e-04
-1.7775255302779563e-01,-9.3473651768728916e-01,-6.6501660193249164e+00,5.0806430334324160e-04
-1.7662780370274345e-01,-9.3453722315376686e-01,-6.6601660193248859e+00,5.0310923598871475e-04
1.7515254124499963e-01,-9.3427773898563016e-01,-6.6701660193249168e+00,4.9823248211739151e-04
-1.7463260290291471e-01,-9.3418680563166301e-01,-6.6801660193248669e+00,4.9331984327717279e-04
1.7217336491076979e-01,-9.3376036642568805e-01,-6.6901660193249173e+00,4.8861955093351477e-04
-1.7050643093848639e-01,-9.3347475412902992e-01,-6.7001660193248824e+00,4.8389589205053275e-04
-1.7048524517444066e-01,-9.3347114204443404e-01,-6.7101660193249124e+00,4.7908277796091805e-04
-1.6794888142140527e-01,-9.3304194601869006e-01,-6.7201660193248767e+00,4.7451944283213697e-04
-1.6645375090849943e-01,-9.3279195822909389e-01,-6.7301660193249155e+00,4.6991535390510986e-04
1.6527738142493265e-01,-9.3259683903868085e-01,-6.7401660193248771e+00,4.6533040404432861e-04
-1.6450462012510558e-01,-9.3246941765459213e-01,-6.7501660193249133e+00,4.6075899597117106e-04
1.6436292116986911e-01,-9.3244611756108575e-01,-6.7601660193248811e+00,4.5618499638894899e-04
1.6237400374549588e-01,-9.3212119117951064e-01,-6.7701660193249182e+00,4.5179265533954030e-04
-1.6188328199810981e-01,-9.3204163112857918e-01,-6.7801660193248727e+00,4.4733283171517546e-04
1.5686415613995858e-01,-9.3124171437409009e-01,-6.7901660193249160e+00,4.4323620596921966e-04
1.5665183594783583e-01,-9.3120843148625332e-01,-6.8001660193248785e+00,4.3884053766878771e-04
1.5607787849889332e-01,-9.3111868471169712e-01,-6.8101660193249165e+00,4.3451299575139748e-04
1.5385505159544030e-01,-9.3077422108405727e-01,-6.8201660193248683e+00,4.3033772937294326e-04
1.5371047105608415e-01,-9.3075198708948115e-01,-6.8301660193249196e+00,4.2606527044925532e-04
1.5271022408640397e-01,-9.3059873890359934e-01,-6.8401660193248786e+00,4.2189049917443856e-04
1.5104623481983809e-01,-9.3034601515996429e-01,-6.8501660193249103e+00,4.1779819275023590e-04
1.4987974990649855e-01,-9.3017050234935672e-01,-6.8601660193249190e+00,4.1371363694447813e-04
1.4548547845807408e-01,-9.2952154485442684e-01,-6.8701660193248753e+00,4.0986301486466977e-04
1.4281581929055837e-01,-9.2913671175315615e-01,-6.8801660193249150e+00,4.0594099920497151e-04
-1.4131247331316865e-01,-9.2892314019028199e-01,-6.8901660193248739e+00,4.0198766274101639e-04
-1.3791132933140887e-01,-9.2844830001231760e-01,-6.9001660193249190e+00,3.9817684414747987e-04
1.3789087112495002e-01,-9.2844547880313821e-01,-6.9101660193248833e+00,3.9421603051530992e-04
1.3764135701544741e-01,-9.2841110421386641e-01,-6.9201660193249088e+00,3.9030693188280995e-04
1.3559279026480558e-01,-9.2813123501923722e-01,-6.9301660193248731e+00,3.8653147613819508e-04
-1.3551640273137128e-01,-9.2812088033796503e-01,-6.9401660193249235e+00,3.8268938629552689e-04
-1.3325263865477058e-01,-9.2781666548756891e-01,-6.9501660193248753e+00,3.7899684221145914e-04
-1.3306003043193618e-01,-9.2779101848261336e-01,-6.9601660193249106e+00,3.7523538416325060e-04
1.3305954961208652e-01,-9.2779095450482507e-01,-6.9701660193248811e+00,3.7150175347550225e-04
-1.3299367065193801e-01,-9.2778219085007751e-01,-6.9801660193249200e+00,3.6780847259827411e-04
-1.3259832037843344e-01,-9.2772968991693028e-01,-6.9901660193248638e+00,3.6416783579680100e-04
1.3152169700962144e-01,-9.2758751102548476e-01,-7.0001660193249240e+00,3.6059557072138298e-04
1.2963879806796244e-01,-9.2734164161559240e-01,-7.0101660193248723e+00,3.5709537287937655e-04
1.2950632581470836e-01,-9.2732447684635222e-01,-7.0201660193249227e+00,3.5354828307441799e-04
-1.2893801179788003e-01,-9.2725103807653464e-01,-7.0301660193248745e+00,3.5005612562743376e-04
-1.2853605328043816e-01,-9.2719929112979527e-01,-7.0401660193249143e+00,3.4659094353936722e-04
1.2605629119536299e-01,-9.2688362690830450e-01,-7.0501660193248732e+00,3.4325064087684337e-04
1.2597792465375496e-01,-9.2687375138337302e-01,-7.0601660193249218e+00,3.3983859600235383e-04
-1.2591218800027043e-01,-9.2686547217684723e-01,-7.0701660193248737e+00,3.3645993108342303e-04
1.2531614287132037e-01,-9.2679060046541206e-01,-7.0801660193249205e+00,3.3313704043902166e-04
-1.2431578328346971e-01,-9.2666573962003074e-01,-7.0901660193248635e+00,3.2986345596111740e-04
-1.2396482521755270e-01,-9.2662217157894866e-01,-7.1001660193249299e+00,3.2659548854990772e-04
-1.2381118516736245e-01,-9.2660313741961298e-01,-7.1101660193249048e+00,3.2335196381629900e-04
1.2305432264137717e-01,-9.2650971579370356e-01,-7.1201660193248903e+00,3.2016446690676488e-04
1.2251427718238903e-01,-9.2644340669010106e-01,-7.1301660193249061e+00,3.1699979650888466e-04
-1.2207073731187187e-01,-9.2638916508727143e-01,-7.1401660193248810e+00,3.1386261978200755e-04
1.2151166273600375e-01,-9.2632107472377367e-01,-7.1501660193249181e+00,3.1076079363026880e-04
-1.2146811434144039e-01,-9.2631578403417203e-01,-7.1601660193248691e+00,3.0767029985317274e-04
1.2052532704418840e-01,-9.2620170986289374e-01,-7.1701660193249195e+00,3.0464367921234018e-04
1.2040591155705296e-01,-9.2618732440228191e-01,-7.1801660193248802e+00,3.0161676282177704e-04
-1.1763457200669358e-01,-9.2585747889893844e-01,-7.1901660193249199e+00,2.9871413915526392e-04
-1.1761087264962472e-01,-9.2585469131604259e-01,-7.2001660193248691e+00,2.9574270821537593e-04
1.1683480568618537e-01,-9.2576371854320383e-01,-7.2101660193249142e+00,2.9282665714242337e-04
-1.1376643160964715e-01,-9.2540993311393571e-01,-7.2201660193248784e+00,2.9001556835590316e-04
-1.1291184509344837e-01,-9.2531307501454285e-01,-7.2301660193249093e+00,2.8715767743534628e-04
1.1183618514994528e-01,-9.2519219878778591e-01,-7.2401660193248807e+00,2.8433477804264238e-04
1.1098225861859007e-01,-9.2509706349738130e-01,-7.2501660193249204e+00,2.8153238212114964e-04
1.1094352711133115e-01,-9.2509276573729082e-01,-7.2601660193248732e+00,2.7873228603598517e-04
-1.1019734910075737e-01,-9.2501026050775659e-01,-7.2701660193249209e+00,2.7598162243825265e-04
-1.0971863943230883e-01,-9.2495762255277791e-01,-7.2801660193248701e+00,2.7324994235244753e-04
-1.0796286439547592e-01,-9.2476652267757742e-01,-7.2901660193249196e+00,2.7058276338989904e-04
-1.0741323998611443e-01,-9.2470733469549682e-01,-7.3001660193248741e+00,2.6790627627219386e-04
-1.0703268794216036e-01,-9.2466653077740135e-01,-7.3101660193249165e+00,2.6525138735870391e-04
-1.0679316937244486e-01,-9.2464092314564528e-01,-7.3201660193248701e+00,2.6261881691608382e-04
1.0652363377984719e-01,-9.2461217491017100e-01,-7.3301660193249187e+00,2.6001319084015132e-04
-1.0593052874024914e-01,-9.2454917109293389e-01,-7.3401660193248670e+00,2.5744223569651751e-04
-1.0533240896556711e-01,-9.2448599082258420e-01,-7.3501660193249228e+00,2.5489674658796686e-04
-1.0490166644191290e-01,-9.2444071244448467e-01,-7.3601660193249163e+00,2.5237190831461470e-04
1.0480736578777393e-01,-9.2443082459502557e-01,-7.3701660193248806e+00,2.4986323646770638e-04
-1.0453670768465742e-01,-9.2440249426011323e-01,-7.3801660193249123e+00,2.4738406409898682e-04
-1.0450147890027862e-01,-9.2439881217951214e-01,-7.3901660193248775e+00,2.4492345335963989e-04
1.0353802660613370e-01,-9.2429859411008564e-01,-7.4001660193249128e+00,2.4251072701904513e-04
1.0288383415971335e-01,-9.2423107429904117e-01,-7.4101660193248815e+00,2.4011391686658065e-04
1.0207672298228987e-01,-9.2414836132074107e-01,-7.4201660193249213e+00,2.3774440720937014e-04
-1.0080824920524339e-01,-9.2401968418725267e-01,-7.4301660193248713e+00,2.3540910065186692e-04
-1.0066903177125990e-01,-9.2400565961222092e-01,-7.4401660193249155e+00,2.3307000964832870e-04
1.0054381263018594e-01,-9.2399306176244644e-01,-7.4501660193248709e+00,2.3075383128804577e-04
-1.0023443322424352e-01,-9.2396200343523216e-01,-7.4601660193249204e+00,2.2846488793075833e-04
-1.0012449891958516e-01,-9.2395099027528849e-01,-7.4701660193248687e+00,2.2619411541163547e-04
-9.8880690356261985e-02,-9.2382722809600493e-01,-7.4801660193249200e+00,2.2397116380242616e-04
9.7356477124664637e-02,-9.2367767445240212e-01,-7.4901660193248718e+00,2.2177577838290304e-04
-9.7217851181972958e-02,-9.2366418792755955e-01,-7.5001660193249187e+00,2.1957203376129459e-04
-9.7198156224164167e-02,-9.2366227342002793e-01,-7.5101660193248811e+00,2.1738767171128104e-04
9.5553945262208353e-02,-9.2350381086092603e-01,-7.5201660193249156e+00,2.1525873598456644e-04
-9.4373502259395253e-02,-9.2339171159769151e-01,-7.5301660193248807e+00,2.1314076735843012e-04
-9.4363173403726547e-02,-9.2339073688075035e-01,-7.5401660193249151e+00,2.1102018697322748e-04
-9.3104744558013486e-02,-9.2327277936294594e-01,-7.5501660193248670e+00,2.0894514622780698e-04
9.2070398082670285e-02,-9.2317701173489020e-01,-7.5601660193249183e+00,2.0688591931060526e-04
-9.1196746481158136e-02,-9.2309695591771379e-01,-7.5701660193248737e+00,2.0484376829738480e-04
9.0561344983754871e-02,-9.2303921123597277e-01,-7.5801660193249241e+00,2.0281725002678781e-04
-8.9567314854777230e-02,-9.2294968457848692e-01,-7.5901660193248759e+00,2.0081716235505260e-04
8.9129820408089658e-02,-9.2291059507632867e-01,-7.6001660193249183e+00,1.9882677009114898e-04
8.8689827803530408e-02,-9.2287147541124936e-01,-7.6101660193249154e+00,1.9685611146814897e-04
-8.8072403850189246e-02,-9.2281690679331485e-01,-7.6201660193248788e+00,1.9490799600133511e-04
-8.6607572211621048e-02,-9.2268896841553505e-01,-7.6301660193249159e+00,1.9299331871020431e-04
-8.5737645901893839e-02,-9.2261400459573872e-01,-7.6401660193248722e+00,1.9108732720280678e-04
8.5132650430298190e-02,-9.2256231671798317e-01,-7.6501660193249155e+00,1.8919575540305407e-04
8.5005881804795319e-02,-9.2255153260404488e-01,-7.6601660193248744e+00,1.8731524620091490e-04
8.3550500409658168e-02,-9.2242887569269161e-01,-7.6701660193249159e+00,1.8547417665439061e-04
-8.2694835241974005e-02,-9.2235775052118807e-01,-7.6801660193248740e+00,1.8364173884713003e-04
-8.1904136131952604e-02,-9.2229267639110013e-01,-7.6901660193249164e+00,1.8182630481863835e-04
8.1178881435559749e-02,-9.2223353802890384e-01,-7.7001660193248771e+00,1.8002774908835312e-04
8.1127106177591751e-02,-9.2222933631171455e-01,-7.7101660193249213e+00,1.7823719195585294e-04
8.0154699765449200e-02,-9.2215092058058412e-01,-7.7201660193248687e+00,1.7647754033660529e-04
7.8977106263851501e-02,-9.2205722429024528e-01,-7.7301660193249209e+00,1.7473793099963730e-04
7.7171120140292024e-02,-9.2191622352519320e-01,-7.7401660193248754e+00,1.7302365428361902e-04
-7.6060745917219508e-02,-9.2183115116808134e-01,-7.7501660193249249e+00,1.7131661384639675e-04
7.5653760549062254e-02,-9.2180027837594691e-01,-7.7601660193248740e+00,1.6961722153349405e-04
7.5447383693151959e-02,-9.2178468648641032e-01,-7.7701660193249085e+00,1.6793212033888320e-04
7.3896057938383691e-02,-9.2166884632275592e-01,-7.7801660193248710e+00,1.6628042865912058e-04
7.3391431289001455e-02,-9.2163168372666360e-01,-7.7901660193249276e+00,1.6463202878960130e-04
-7.3141543599504699e-02,-9.2161337533339860e-01,-7.8001660193248776e+00,1.6299689691691308e-04
-7.3122569919014835e-02,-9.2161198774912012e-01,-7.8101660193249041e+00,1.6137527461585445e-04
-7.0542926123062455e-02,-9.2142668484634138e-01,-7.8201660193248710e+00,1.5979917231179327e-04
-7.0154275903735713e-02,-9.2139934384712818e-01,-7.8301660193249258e+00,1.5821346963575174e-04
6.9971594434648093e-02,-9.2138654464720293e-01,-7.8401660193248759e+00,1.5664122417927736e-04
-6.8171969457303042e-02,-9.2126224134318324e-01,-7.8501660193249148e+00,1.5510189643692604e-04
6.7087443719843765e-02,-9.2118889518577107e-01,-7.8601660193249234e+00,1.5356987012835958e-04
-6.6904057042459567e-02,-9.2117660905770982e-01,-7.8701660193248681e+00,1.5204369240627262e-04
6.5676753425059908e-02,-9.2109525060356756e-01,-7.8801660193249283e+00,1.5054307984346501e-04
6.4373551209729332e-02,-9.2101050968101528e-01,-7.8901660193248713e+00,1.4905778192989455e-04
6.3452343900585712e-02,-9.2095163260657853e-01,-7.9001660193249208e+00,1.4758332123709995e-04
6.3192134585979665e-02,-9.2093515557010575e-01,-7.9101660193248717e+00,1.4611725021437450e-04
-6.2493967574385856e-02,-9.2089128062493364e-01,-7.9201660193249150e+00,1.4466970651881889e-04
-6.1954825528736171e-02,-9.2085773283648753e-01,-7.9301660193248669e+00,1.4323502402518721e-04
6.1441771047511209e-02,-9.2082607824806684e-01,-7.9401660193249226e+00,1.4181430072545941e-04
6.1004558995272837e-02,-9.2079931074244337e-01,-7.9501660193248807e+00,1.4040698315091215e-04
-6.0362515217561433e-02,-9.2076034925503458e-01,-7.9601660193249080e+00,1.3901532646415970e-04
-5.9874485377754423e-02,-9.2073100963296495e-01,-7.9701660193248740e+00,1.3763613898749427e-04
5.9691832239210915e-02,-9.2072009005137656e-01,-7.9801660193249182e+00,1.3626812450521952e-04
-5.9681568808117452e-02,-9.2071947746103855e-01,-7.9901660193248674e+00,1.3491231665766677e-04
5.9646872390200452e-02,-9.2071740732630591e-01,-8.0001660193249204e+00,1.3357019318564092e-04
5.8893713255846483e-02,-9.2067276736387038e-01,-8.0101660193248758e+00,1.3224705092891554e-04
5.8592552721879854e-02,-9.2065507625057263e-01,-8.0201660193249342e+00,1.3093348712464879e-04
5.6118878335219204e-02,-9.2051319688614108e-01,-8.0301660193248718e+00,1.2964907038283022e-04
5.6011857832985609e-02,-9.2050719674229076e-01,-8.0401660193249018e+00,1.2835981075326992e-04
5.3205604629961933e-02,-9.2035395081535942e-01,-8.0501660193248856e+00,1.2710208568091029e-04
5.3111870506323849e-02,-9.2034896802767974e-01,-8.0601660193249156e+00,1.2583802582015645e-04
-5.2130194446525877e-02,-9.2029731121985581e-01,-8.0701660193248692e+00,1.2459235241955074e-04
5.2019446572312000e-02,-9.2029154404418423e-01,-8.0801660193249205e+00,1.2335334919777062e-04
-5.1901830263904096e-02,-9.2028543262571105e-01,-8.0901660193248794e+00,1.2212670923080710e-04
-5.1836256571960990e-02,-9.2028203138103659e-01,-8.1001660193249148e+00,1.2091193942067993e-04
-5.1507371702338850e-02,-9.2026503730318088e-01,-8.1101660193249181e+00,1.1971087988045996e-04
-5.1379794846787001e-02,-9.2025847429258845e-01,-8.1201660193248699e+00,1.1852051457246191e-04
-5.1237713299689819e-02,-9.2025118426543007e-01,-8.1301660193249230e+00,1.1734207117209311e-04
5.0292912873269577e-02,-9.2020322117597864e-01,-8.1401660193248695e+00,1.1618007027719176e-04
-4.8967099674452064e-02,-9.2013742105860330e-01,-8.1501660193249172e+00,1.1503162810850797e-04
4.8854286353788669e-02,-9.2013190328090844e-01,-8.1601660193248744e+00,1.1388767268985564e-04
4.8850698963130587e-02,-9.2013172802793264e-01,-8.1701660193249168e+00,1.1275449117322493e-04
4.8218134823330497e-02,-9.2010102689625994e-01,-8.1801660193248757e+00,1.1163599253922306e-04
4.7853577125208435e-02,-9.2008351505517860e-01,-8.1901660193249164e+00,1.1052713137048911e-04
-4.7800966508564871e-02,-9.2008099883291594e-01,-8.2001660193248807e+00,1.0942764338205521e-04
4.7491009800154860e-02,-9.2006623063925863e-01,-8.2101660193249213e+00,1.0834042011845330e-04
-4.7480807040154310e-02,-9.2006574615193160e-01,-8.2201660193248713e+00,1.0726246689388831e-04
4.7002241650965615e-02,-9.2004313799344739e-01,-8.2301660193249120e+00,1.0619758842058506e-04
-4.6722811235748507e-02,-9.2003004317822512e-01,-8.2401660193248798e+00,1.0514228157010095e-04
4.6251021929085284e-02,-9.2000811114808179e-01,-8.2501660193249204e+00,1.0409838145228600e-04
4.5102033652692303e-02,-9.1995562935314379e-01,-8.2601660193248634e+00,1.0306799430180117e-04
-4.5033519543163189e-02,-9.1995254157456174e-01,-8.2701660193249236e+00,1.0204276570833227e-04
-4.3731051210263661e-02,-9.1989473505331687e-01,-8.2801660193248807e+00,1.0103326343753048e-04
4.2280429592950544e-02,-9.1983234999662167e-01,-8.2901660193249125e+00,1.0003420611442244e-04
-4.2150489560532106e-02,-9.1982686451843576e-01,-8.3001660193248803e+00,9.9039392409753629e-05
4.2120995312916722e-02,-9.1982562175641480e-01,-8.3101660193249103e+00,9.8054055847673173e-05
4.1897091970322743e-02,-9.1981621579112427e-01,-8.3201660193248763e+00,9.7079314810794874e-05
4.1230747492239310e-02,-9.1978851990272381e-01,-8.3301660193249134e+00,9.6116021470648053e-05
-4.1097571056572781e-02,-9.1978303780671444e-01,-8.3401660193248848e+00,9.5160172753422641e-05
-3.9876352950525829e-02,-9.1973359439565694e-01,-8.3501660193249077e+00,9.4217971556799634e-05
-3.9353930413803355e-02,-9.1971289855284666e-01,-8.3601660193249305e+00,9.3282417614265955e-05
3.8961104821654116e-02,-9.1969751647780140e-01,-8.3701660193248717e+00,9.2355662661537777e-05
3.8873409622448396e-02,-9.1969410362117676e-01,-8.3801660193249141e+00,9.1437020524754597e-05
3.8695388788053342e-02,-9.1968719919006880e-01,-8.3901660193248748e+00,9.0527832010077854e-05
-3.8441826592948793e-02,-9.1967741964924066e-01,-8.4001660193249243e+00,8.9627941547073544e-05
3.8334712189425260e-02,-9.1967330771266254e-01,-8.4101660193248691e+00,8.8736493506048485e-05
3.8105701245715315e-02,-9.1966455486705334e-01,-8.4201660193249168e+00,8.7854319615073573e-05
-3.7642829895011332e-02,-9.1964702395459186e-01,-8.4301660193248740e+00,8.6981679383894451e-05
3.7615371456403743e-02,-9.1964599071824105e-01,-8.4401660193249217e+00,8.6116286191675407e-05
-3.7447407268544085e-02,-9.1963968678890762e-01,-8.4501660193248753e+00,8.5259952298188051e-05
-3.6828826130609719e-02,-9.1961671385041877e-01,-8.4601660193249177e+00,8.4413540803085399e-05
-3.6658109219042480e-02,-9.1961044111909707e-01,-8.4701660193248607e+00,8.3574136274736121e-05
-3.6366400817176653e-02,-9.1959979018753724e-01,-8.4801660193249297e+00,8.2743441014561150e-05
3.6247477899391249e-02,-9.1959547246037288e-01,-8.4901660193248638e+00,8.1920483729840067e-05
-3.5985225607504487e-02,-9.1958600086435094e-01,-8.5001660193249293e+00,8.1106129498229677e-05
3.5816183167860574e-02,-9.1957993212169631e-01,-8.5101660193248705e+00,8.0299597341878379e-05
3.5710438637774837e-02,-9.1957615034719065e-01,-8.5201660193249147e+00,7.9500903652370442e-05
-3.5633309869585891e-02,-9.1957339901947044e-01,-8.5301660193248825e+00,7.8710073000848324e-05
3.5355824497168731e-02,-9.1956354979627675e-01,-8.5401660193249089e+00,7.7927662212031021e-05
3.4564395904873736e-02,-9.1953588136547393e-01,-8.5501660193248750e+00,7.7154403729233679e-05
-3.4514540455238801e-02,-9.1953415938475758e-01,-8.5601660193249245e+00,7.6386836121685733e-05
3.4355503700510354e-02,-9.1952868295059731e-01,-8.5701660193248728e+00,7.5627188569088742e-05
-3.3856373832306878e-02,-9.1951165965787596e-01,-8.5801660193249223e+00,7.4875960094276803e-05
3.2773673251798377e-02,-9.1947558946254726e-01,-8.5901660193248723e+00,7.4133605808568325e-05
-3.2547938178268024e-02,-9.1946821677316759e-01,-8.6001660193249059e+00,7.3396505233636706e-05
-3.2502735584228698e-02,-9.1946674654356864e-01,-8.6101660193249216e+00,7.2666304640404305e-05
-3.1997126865685351e-02,-9.1945044069716886e-01,-8.6201660193249285e+00,7.1944435933755539e-05
3.1700782365894492e-02,-9.1944100243464433e-01,-8.6301660193248182e+00,7.1229249112580246e-05
-3.1410838201811418e-02,-9.1943185301160968e-01,-8.6401660193249246e+00,7.0521151466876555e-05
3.1302946257406164e-02,-9.1942846985553650e-01,-8.6501660193249190e+00,6.9819690496091813e-05
3.0786503829744571e-02,-9.1941243704236886e-01,-8.6601660193249117e+00,6.9126081244735767e-05
-3.0179879483380460e-02,-9.1939394519615514e-01,-8.6701660193248262e+00,6.8439530805665169e-05
2.9988815655016245e-02,-9.1938819716553477e-01,-8.6801660193249361e+00,6.7758935575329540e-05
2.9857835647994949e-02,-9.1938427780813081e-01,-8.6901660193249093e+00,6.7084985830898058e-05
-2.9827378254949216e-02,-9.1938336888012140e-01,-8.7001660193249268e+00,6.6417539437679270e-05
2.9474471150819824e-02,-9.1937290485814971e-01,-8.7101660193248218e+00,6.5757361961190324e-05
-2.9398031390654750e-02,-9.1937065475816238e-01,-8.7201660193249158e+00,6.5103211766025386e-05
-2.9349298168910718e-02,-9.1936922328484327e-01,-8.7301660193249244e+00,6.4455516251775573e-05
2.8989481254413765e-02,-9.1935872764503945e-01,-8.7401660193249224e+00,6.3814842923377862e-05
-2.8695486392511179e-02,-9.1935024810299082e-01,-8.7501660193248281e+00,6.3180410365700501e-05
-2.8575735847422602e-02,-9.1934681897295034e-01,-8.7601660193249113e+00,6.2551969277229881e-05
-2.8030891647362145e-02,-9.1933139807661257e-01,-8.7701660193249147e+00,6.1930521800397499e-05
-2.7416218001056678e-02,-9.1931435713808018e-01,-8.7801660193249216e+00,6.1315347674650427e-05
-2.7229235517677915e-02,-9.1930924826677807e-01,-8.7901660193248361e+00,6.0705559907665990e-05
-2.6968489212127064e-02,-9.1930218233853178e-01,-8.8001660193249105e+00,6.0101954168825649e-05
2.6762464832187000e-02,-9.1929664739528649e-01,-8.8101660193249192e+00,5.9504259084630836e-05
-2.6613956444851740e-02,-9.1929268397216368e-01,-8.8201660193249243e+00,5.8912415308472279e-05
-2.5693803324357861e-02,-9.1926861839797491e-01,-8.8301660193248264e+00,5.8327630652953165e-05
-2.5545159648351141e-02,-9.1926481022406936e-01,-8.8401660193249132e+00,5.7747480942965474e-05
-2.5283649233433979e-02,-9.1925816409261918e-01,-8.8501660193249236e+00,5.7173263886780120e-05
-2.5260921069262872e-02,-9.1925758969997318e-01,-8.8601660193249199e+00,5.6604412919153428e-05
-2.5244548477051730e-02,-9.1925717624724457e-01,-8.8701660193249179e+00,5.6041212770464734e-05
2.5083863619669133e-02,-9.1925313274038456e-01,-8.8801660193248253e+00,5.5483817735249507e-05
2.4684937058255918e-02,-9.1924320569212448e-01,-8.8901660193249210e+00,5.4932289837333267e-05
-2.4504774350521681e-02,-9.1923877461632442e-01,-8.9001660193249155e+00,5.4385945408625838e-05
-2.4499524699282703e-02,-9.1923864598858485e-01,-8.9101660193249224e+00,5.3844803136035841e-05
-2.4452128231311633e-02,-9.1923748592085974e-01,-8.9201660193248227e+00,5.3309100235225069e-05
-2.4182983106630668e-02,-9.1923094096930724e-01,-8.9301660193249202e+00,5.2779011260138462e-05
2.3901799788948505e-02,-9.1922418064991496e-01,-8.9401660193249217e+00,5.2254204577463949e-05
2.3458404457221915e-02,-9.1921368100317880e-01,-8.9501660193249108e+00,5.1734809748988398e-05
-2.3283975140378919e-02,-9.1920960438250832e-01,-8.9601660193248343e+00,5.1220248596133243e-05
-2.2983263107961279e-02,-9.1920264782488437e-01,-8.9701660193249229e+00,5.0710951379616730e-05
-2.2978241111150485e-02,-9.1920253241562055e-01,-8.9801660193249120e+00,5.0206374776932592e-05
2.2890574553973114e-02,-9.1920052183504497e-01,-8.9901660193249135e+00,4.9706912940703674e-05
2.2874582004320215e-02,-9.1920015588427562e-01,-9.0001660193248298e+00,4.9212338902422106e-05
-2.2725480302512369e-02,-9.1919675636082943e-01,-9.0101660193249202e+00,4.8722833582879933e-05
-2.2480953130022373e-02,-9.1919122926015662e-01,-9.0201660193249253e+00,4.8238299905721440e-05
2.1709438353400161e-02,-9.1917418249014948e-01,-9.0301660193249251e+00,4.7759134934051855e-05
-2.1589094143240006e-02,-9.1917157712630226e-01,-9.0401660193248290e+00,4.7284046793452214e-05
2.1537611050184993e-02,-9.1917046697821403e-01,-9.0501660193249069e+00,4.6813614636857585e-05
-2.1522732243830243e-02,-9.1917014663495922e-01,-9.0601660193249227e+00,4.6347826235628840e-05
2.1433475568939375e-02,-9.1916822957082167e-01,-9.0701660193249172e+00,4.5886745626970032e-05
2.1167750506918673e-02,-9.1916256946410102e-01,-9.0801660193248264e+00,4.5430422019585460e-05
2.0399078511349526e-02,-9.1914659383539554e-01,-9.0901660193249256e+00,4.4979100331307245e-05
-1.9807640894415036e-02,-9.1913470395224051e-01,-9.1001660193249148e+00,4.4532080283281928e-05
-1.9764107779300818e-02,-9.1913384261149533e-01,-9.1101660193249199e+00,4.4089016656617726e-05
1.9674802438807950e-02,-9.1913208155884252e-01,-9.1201660193249197e+00,4.3650400481634580e-05
1.9488319025011795e-02,-9.1912842992254984e-01,-9.1301660193248377e+00,4.3216229549594591e-05
-1.8568516781704750e-02,-9.1911092754107571e-01,-9.1401660193249104e+00,4.2786969748152087e-05
-1.8421394278978761e-02,-9.1910820651693026e-01,-9.1501660193249137e+00,4.2361347551881145e-05
1.8296862724956391e-02,-9.1910592022612747e-01,-9.1601660193249241e+00,4.1939940987921961e-05
-1.8072256501969683e-02,-9.1910183586087590e-01,-9.1701660193248227e+00,4.1522801196486346e-05
1.7879037755233935e-02,-9.1909836262886602e-01,-9.1801660193249273e+00,4.1109785204950683e-05
-1.7573264041731360e-02,-9.1909294243787965e-01,-9.1901660193249111e+00,4.0700956613986375e-05
1.7449712104810118e-02,-9.1909077885960988e-01,-9.2001660193249304e+00,4.0296062512699419e-05
-1.7253277774046002e-02,-9.1908737043031363e-01,-9.2101660193248271e+00,3.9895245971341700e-05
-1.6646725127047013e-02,-9.1907708936206722e-01,-9.2201660193249193e+00,3.9498687727922015e-05
1.6622281616261468e-02,-9.1907668275640464e-01,-9.2301660193249120e+00,3.9105685118929571e-05
-1.6507017811278828e-02,-9.1907477345185040e-01,-9.2401660193249135e+00,3.8716650972450945e-05
-1.6327368219764542e-02,-9.1907182410983135e-01,-9.2501660193248334e+00,3.8331526911218937e-05
-1.6322251090200190e-02,-9.1907174057366525e-01,-9.2601660193249202e+00,3.7950125016008600e-05
1.6255477922328645e-02,-9.1907065291458112e-01,-9.2701660193249200e+00,3.7572555828968923e-05
-1.5877083509553969e-02,-9.1906457352372417e-01,-9.2801660193249234e+00,3.7198928798142115e-05
-1.5851650100306227e-02,-9.1906417003879071e-01,-9.2901660193248219e+00,3.6828808132117649e-05
1.5850801426832532e-02,-9.1906415658627594e-01,-9.3001660193249194e+00,3.6462355858889933e-05
1.5848742398303584e-02,-9.1906412395114334e-01,-9.3101660193249209e+00,3.6099550534310503e-05
1.5590495365326987e-02,-9.1906006440620758e-01,-9.3201660193249243e+00,3.5740499094781257e-05
1.5560990233057140e-02,-9.1905960484185611e-01,-9.3301660193248210e+00,3.5384891448535126e-05
-1.5290225987553974e-02,-9.1905542813871466e-01,-9.3401660193249239e+00,3.5032952217786974e-05
1.4905469848142103e-02,-9.1904961914903638e-01,-9.3501660193249112e+00,3.4684570000686857e-05
-1.4806695530791216e-02,-9.1904815174961030e-01,-9.3601660193249216e+00,3.4339503152571315e-05
1.4785725160128519e-02,-9.1904784146759488e-01,-9.3701660193249214e+00,3.3997829936145822e-05
-1.4762292232463042e-02,-9.1904749526931784e-01,-9.3801660193248235e+00,3.3659557528995767e-05
-1.4706917584038227e-02,-9.1904667934575135e-01,-9.3901660193249157e+00,3.3324666526019430e-05
1.4632206827615901e-02,-9.1904558337166253e-01,-9.4001660193249190e+00,3.2993116713413091e-05
-1.4626048303544007e-02,-9.1904549327782825e-01,-9.4101660193249153e+00,3.2664832659881546e-05
-1.4568879198509181e-02,-9.1904465875388985e-01,-9.4201660193248333e+00,3.2339839132721415e-05
1.4514026806898263e-02,-9.1904386112041514e-01,-9.4301660193249237e+00,3.2018077895503359e-05
-1.4512733722603734e-02,-9.1904384235339109e-01,-9.4401660193249128e+00,3.1699493292316482e-05
-1.4167167143102517e-02,-9.1903888694576974e-01,-9.4501660193249091e+00,3.1384233585275908e-05
-1.4135797920192608e-02,-9.1903844302475968e-01,-9.4601660193248378e+00,3.1071969036946444e-05
-1.4101137973396485e-02,-9.1903795367941188e-01,-9.4701660193249246e+00,3.0762812832921130e-05
1.3888331087948548e-02,-9.1903497550354374e-01,-9.4801660193249191e+00,3.0456808436487331e-05
1.3773290034111270e-02,-9.1903338439252136e-01,-9.4901660193249171e+00,3.0153806107089700e-05
1.3666573818346437e-02,-9.1903192025330560e-01,-9.5001660193248281e+00,2.9853814433339952e-05
1.3665813161809124e-02,-9.1903190985802619e-01,-9.5101660193249202e+00,2.9556764323754830e-05
1.3631032562889831e-02,-9.1903143515770480e-01,-9.5201660193249129e+00,2.9262683495898997e-05
1.3531572588068978e-02,-9.1903008436169253e-01,-9.5301660193249216e+00,2.8971554064802333e-05
1.3165586947929880e-02,-9.1902519897318125e-01,-9.5401660193248290e+00,2.8683422414635283e-05
1.3141823434253082e-02,-9.1902488639492796e-01,-9.5501660193249105e+00,2.8398026469568624e-05
1.3107935759371565e-02,-9.1902444162327535e-01,-9.5601660193249280e+00,2.8115473889963394e-05
-1.2818806053234667e-02,-9.1902069352765470e-01,-9.5701660193249172e+00,2.7835824581674324e-05
1.2584971236907296e-02,-9.1901772338385634e-01,-9.5801660193248193e+00,2.7558935353239743e-05
1.2050893770431167e-02,-9.1901114465367262e-01,-9.5901660193249221e+00,2.7284898864173524e-05
1.1918727688568109e-02,-9.1900956066819661e-01,-9.6001660193249201e+00,2.7013452373220247e-05
1.1911977547226595e-02,-9.1900948023788231e-01,-9.6101660193249252e+00,2.6744666182179472e-05
-1.1862573418441210e-02,-9.1900889295739341e-01,-9.6201660193249161e+00,2.6478567857685742e-05
1.1807914456775061e-02,-9.1900824605524878e-01,-9.6301660193248182e+00,2.6215118664031393e-05
1.1740507276764164e-02,-9.1900745238889736e-01,-9.6401660193249246e+00,2.5954294474078276e-05
-1.1353202785320815e-02,-9.1900298024008176e-01,-9.6501660193249208e+00,2.5696159845932083e-05
-1.1111953209647665e-02,-9.1900027038540621e-01,-9.6601660193249206e+00,2.5440547723550882e-05
1.0987134365542266e-02,-9.1899889119412270e-01,-9.6701660193248262e+00,2.5187444782472054e-05
1.0860644769584239e-02,-9.1899750943574499e-01,-9.6801660193249184e+00,2.4936859976141917e-05
1.0856319316672094e-02,-9.1899746246789227e-01,-9.6901660193249217e+00,2.4688735233182338e-05
1.0847252244015476e-02,-9.1899736407396215e-01,-9.7001660193249073e+00,2.4443080618140384e-05
1.0770635171859772e-02,-9.1899653592434216e-01,-9.7101660193248343e+00,2.4199887943428874e-05
1.0555325420428245e-02,-9.1899424008070507e-01,-9.7201660193249193e+00,2.3959150041537265e-05
1.0542584320111792e-02,-9.1899410567541284e-01,-9.7301660193249244e+00,2.3720755703590108e-05
1.0495694221122537e-02,-9.1899361243193112e-01,-9.7401660193249100e+00,2.3484741824437321e-05
1.0297152452674537e-02,-9.1899154830765628e-01,-9.7501660193248352e+00,2.3251112732064702e-05
-1.0275450824048224e-02,-9.1899132507815817e-01,-9.7601660193249096e+00,2.3019765433552239e-05
-1.0226704611017181e-02,-9.1899082537693999e-01,-9.7701660193249271e+00,2.2790726328983724e-05
1.0049349626951379e-02,-9.1898902734730181e-01,-9.7801660193249109e+00,2.2563995383729468e-05
9.9912476260458835e-03,-9.1898844514790190e-01,-9.7901660193248308e+00,2.2339492884415710e-05
9.9508870056581600e-03,-9.1898804270943912e-01,-9.8001660193249229e+00,2.2117220117072737e-05
-9.7738024409895936e-03,-9.1898629624041717e-01,-9.8101660193249209e+00,2.1897188342629352e-05
-9.6523955999635400e-03,-9.1898511700374852e-01,-9.8201660193249207e+00,2.1679333243244065e-05
-9.6497804424558065e-03,-9.1898509176463328e-01,-9.8301660193248281e+00,2.1463620814991389e-05
9.5196704805343892e-03,-9.1898384469636840e-01,-9.8401660193249114e+00,2.1250080719820383e-05
9.4329322074800451e-03,-9.1898302273835497e-01,-9.8501660193249254e+00,2.1038656176699230e-05
-9.2857725049150935e-03,-9.1898164541884597e-01,-9.8601660193249128e+00,2.0829346738693093e-05
-9.1743430835237068e-03,-9.1898061691884658e-01,-9.8701660193249161e+00,2.0622112485578584e-05
9.1095474623422122e-03,-9.1898002456082384e-01,-9.8801660193248235e+00,2.0416931132034973e-05
-9.0031046281139945e-03,-9.1897906057981182e-01,-9.8901660193249263e+00,2.0213798758646158e-05
8.7735715950310912e-03,-9.1897702041260598e-01,-9.9001660193249155e+00,2.0012708929667778e-05
-8.7328821937219941e-03,-9.1897666424904423e-01,-9.9101660193249259e+00,1.9813586205564062e-05
8.7115158855842929e-03,-9.1897647788785186e-01,-9.9201660193248209e+00,1.9616441384538616e-05
-8.6158272772182982e-03,-9.1897564887317484e-01,-9.9301660193249290e+00,1.9421270632022390e-05
8.5479750480895733e-03,-9.1897506657205086e-01,-9.9401660193249146e+00,1.9228036956935928e-05
8.5427785429836867e-03,-9.1897502216595672e-01,-9.9501660193249215e+00,1.9036715637883326e-05
-8.4235735948812035e-03,-9.1897401092939368e-01,-9.9601660193248200e+00,1.8847316211504115e-05
-8.2950266682064490e-03,-9.1897293636705257e-01,-9.9701660193249140e+00,1.8659802332925974e-05
8.2885879702984892e-03,-9.1897288297861013e-01,-9.9801660193249155e+00,1.8474135183810973e-05
-8.1904487439357441e-03,-9.1897207435865302e-01,-9.9901660193249349e+00,1.8290329257310631e-05
8.0771280622714686e-03,-9.1897115263220663e-01,-1.0000166019324832e+01,1.8108354131361012e-05
8.0270659219464097e-03,-9.1897074952699709e-01,-1.0010166019324906e+01,1.7928180224165088e-05
-8.0215215920301144e-03,-9.1897070503766520e-01,-1.0020166019324913e+01,1.7749792640036034e-05
7.9906153202702196e-03,-9.1897045759993778e-01,-1.0030166019324934e+01,1.7573183600617585e-05
-7.6451105877584418e-03,-9.1896775649128903e-01,-1.0040166019324820e+01,1.7398374497073386e-05
7.6119420277733314e-03,-9.1896750346405653e-01,-1.0050166019324921e+01,1.7225262136791395e-05
7.5455166874640670e-03,-9.1896700004437981e-01,-1.0060166019324909e+01,1.7053876500071220e-05
7.4441879479951222e-03,-9.1896624060044196e-01,-1.0070166019324937e+01,1.6884200416272651e-05
-7.4008387544476553e-03,-9.1896591884047418e-01,-1.0080166019324814e+01,1.6716205193725208e-05
-7.3594128165938959e-03,-9.1896561311184199e-01,-1.0090166019324927e+01,1.6549881232734513e-05
-7.3174329571354998e-03,-9.1896530504588059e-01,-1.0100166019324906e+01,1.6385212210763020e-05
7.2532734027199383e-03,-9.1896483762086678e-01,-1.0110166019324932e+01,1.6222184207863252e-05
-7.1274953707318456e-03,-9.1896393322846937e-01,-1.0120166019324918e+01,1.6060785303289152e-05
-7.0280464896702345e-03,-9.1896322935206998e-01,-1.0130166019324829e+01,1.5900989011730894e-05
-6.9150473483398419e-03,-9.1896244157325435e-01,-1.0140166019324921e+01,1.5742783929336846e-05
-6.8078832719455978e-03,-9.1896170627066165e-01,-1.0150166019324912e+01,1.5586152072522997e-05
-6.7979685391781064e-03,-9.1896163882146931e-01,-1.0160166019324924e+01,1.5431068309003495e-05
-6.7013515146096252e-03,-9.1896098668940063e-01,-1.0170166019324821e+01,1.5277536576870836e-05
6.5226643493365242e-03,-9.1895980520844656e-01,-1.0180166019324924e+01,1.5125540418553617e-05
-6.4402048323782251e-03,-9.1895927075248096e-01,-1.0190166019324915e+01,1.4975046780256416e-05
6.3925430412591702e-03,-9.1895896493660667e-01,-1.0200166019324918e+01,1.4826047109218690e-05
6.3487922573986673e-03,-9.1895868621490329e-01,-1.0210166019324834e+01,1.4678529566864722e-05
6.2971564921451301e-03,-9.1895835972328277e-01,-1.0220166019324910e+01,1.4532480502087904e-05
6.1275115118376612e-03,-9.1895730583200330e-01,-1.0230166019324926e+01,1.4387895068324064e-05
5.9242521149106449e-03,-9.1895608101490001e-01,-1.0240166019324919e+01,1.4244750567598280e-05
-5.8830415865919090e-03,-9.1895583772249423e-01,-1.0250166019324823e+01,1.4103016362406750e-05
-5.8134577391712513e-03,-9.1895543077878206e-01,-1.0260166019324917e+01,1.3962694686990945e-05
5.8006155558057741e-03,-9.1895535620375257e-01,-1.0270166019324925e+01,1.3823764584453262e-05
-5.7768282749450783e-03,-9.1895521850579853e-01,-1.0280166019324911e+01,1.3686217713189838e-05
5.7533446635372135e-03,-9.1895508312074814e-01,-1.0290166019324831e+01,1.3550039406072253e-05
5.7335436420651569e-03,-9.1895496939468724e-01,-1.0300166019324918e+01,1.3415215786934912e-05
-5.6547872808473372e-03,-9.1895452094293528e-01,-1.0310166019324917e+01,1.3281738115781499e-05
-5.5928288023599886e-03,-9.1895417250034572e-01,-1.0320166019324926e+01,1.3149587195304774e-05
5.5767259402387127e-03,-9.1895408256944577e-01,-1.0330166019324832e+01,1.3018747787370562e-05
-5.5643875801362590e-03,-9.1895401383791042e-01,-1.0340166019324913e+01,1.2889209968402692e-05
-5.5165380300417361e-03,-9.1895374872925795e-01,-1.0350166019324915e+01,1.2760963569416580e-05
-5.4715319577191401e-03,-9.1895350146432164e-01,-1.0360166019324931e+01,1.2633992984322974e-05
5.3852408692064008e-03,-9.1895303304294917e-01,-1.0370166019324907e+01,1.2508288512865691e-05
5.3842524097562679e-03,-9.1895302772034548e-01,-1.0380166019324827e+01,1.2383829028564522e-05
-5.3483983139772148e-03,-9.1895283531560190e-01,-1.0390166019324919e+01,1.2260610229906627e-05
-5.3406040785821699e-03,-9.1895279365930160e-01,-1.0400166019324926e+01,1.2138615625432144e-05
5.2250906733755376e-03,-9.1895218341961193e-01,-1.0410166019324912e+01,1.2017841715666065e-05
5.1408584285925945e-03,-9.1895174684603087e-01,-1.0420166019324832e+01,1.1898267387088044e-05
-5.1406700513349710e-03,-9.1895174587762785e-01,-1.0430166019324925e+01,1.1779877659896219e-05
5.0720858535996411e-03,-9.1895139566079265e-01,-1.0440166019324909e+01,1.1662670003228641e-05
-5.0630015920322038e-03,-9.1895134962589997e-01,-1.0450166019324922e+01,1.1546625029315423e-05
5.0563124774994361e-03,-9.1895131578127454e-01,-1.0460166019324834e+01,1.1431734577541476e-05
5.0492855944267142e-03,-9.1895128027584649e-01,-1.0470166019324921e+01,1.1317987319808548e-05
-4.9668455948348378e-03,-9.1895086741092091e-01,-1.0480166019324907e+01,1.1205376090657625e-05
-4.9536003744247324e-03,-9.1895080171167420e-01,-1.0490166019324928e+01,1.1093881464511884e-05
-4.8087460846248081e-03,-9.1895009465279265e-01,-1.0500166019324826e+01,1.0983503265554862e-05
-4.7571863390541346e-03,-9.1894984804427171e-01,-1.0510166019324917e+01,1.0874218263719616e-05
4.7265290483247445e-03,-9.1894970267176179e-01,-1.0520166019324920e+01,1.0766019549230895e-05
-4.5910301622910984e-03,-9.1894907141231497e-01,-1.0530166019324913e+01,1.0658902593387245e-05
4.5758658150138413e-03,-9.1894900190731799e-01,-1.0540166019324840e+01,1.0552845474007860e-05
-4.4962551176793378e-03,-9.1894864078838112e-01,-1.0550166019324916e+01,1.0447846680035957e-05
4.4651580991578125e-03,-9.1894850145176465e-01,-1.0560166019324909e+01,1.0343890309889054e-05
-4.4606193021749776e-03,-9.1894848119561889e-01,-1.0570166019324919e+01,1.0240967089067695e-05
-4.4546293990860419e-03,-9.1894845449488105e-01,-1.0580166019324839e+01,1.0139068034683578e-05
-4.1733090417825913e-03,-9.1894724088751856e-01,-1.0590166019324910e+01,1.0038194804528993e-05
-4.0295511436882047e-03,-9.1894665127454922e-01,-1.0600166019324927e+01,9.9383189571255483e-06
-3.9966839911756945e-03,-9.1894651937480210e-01,-1.0610166019324909e+01,9.8394323290670723e-06
-3.9659323199604940e-03,-9.1894639694292268e-01,-1.0620166019324923e+01,9.7415295342526085e-06
-3.9629682496729575e-03,-9.1894638519201344e-01,-1.0630166019324825e+01,9.6445998091831696e-06
3.8865926709766387e-03,-9.1894608543463452e-01,-1.0640166019324919e+01,9.5486372999322269e-06
3.8381809572011344e-03,-9.1894589844986962e-01,-1.0650166019324928e+01,9.4536285390132568e-06
-3.8277391259778221e-03,-9.1894585842674770e-01,-1.0660166019324910e+01,9.3595637379755933e-06
-3.7389994763919344e-03,-9.1894552269188168e-01,-1.0670166019324833e+01,9.2664376338138593e-06
3.7287698447130624e-03,-9.1894548449561686e-01,-1.0680166019324911e+01,9.1742353892252563e-06
-3.7115577103178088e-03,-9.1894542046365801e-01,-1.0690166019324916e+01,9.0829508034772620e-06
-3.6833388388355648e-03,-9.1894531612584029e-01,-1.0700166019324927e+01,8.9925748712000202e-06
3.6207150881022434e-03,-9.1894508742221404e-01,-1.0710166019324834e+01,8.9030992923802152e-06
3.5624834166145861e-03,-9.1894487827738625e-01,-1.0720166019324918e+01,8.8145138177824150e-06
-3.5533421659056136e-03,-9.1894484575361346e-01,-1.0730166019324907e+01,8.7268082237040520e-06
3.4651958198626560e-03,-9.1894453642437446e-01,-1.0740166019324917e+01,8.6399777036362839e-06
-3.3975805051520824e-03,-9.1894430440998398e-01,-1.0750166019324839e+01,8.5540104737355972e-06
3.3612975434924768e-03,-9.1894418179392745e-01,-1.0760166019324920e+01,8.4688976858326498e-06
3.3583851158639601e-03,-9.1894417200863265e-01,-1.0770166019324915e+01,8.3846308279434552e-06
-3.3173270983387145e-03,-9.1894403496287813e-01,-1.0780166019324922e+01,8.3012034948981264e-06
3.2867070658124760e-03,-9.1894393385500772e-01,-1.0790166019324817e+01,8.2186059710084722e-06
3.2650417047150387e-03,-9.1894386288200625e-01,-1.0800166019324926e+01,8.1368300527411961e-06
3.2559123441837229e-03,-9.1894383311593597e-01,-1.0810166019324919e+01,8.0558674807532308e-06
-3.2077842698468991e-03,-9.1894367757330042e-01,-1.0820166019324914e+01,7.9757115005881936e-06
-3.1629097195783086e-03,-9.1894353463228662e-01,-1.0830166019324826e+01,7.8963529739019756e-06
-3.0889475799104173e-03,-9.1894330343191521e-01,-1.0840166019324926e+01,7.8177847565101647e-06
-3.0868833255590458e-03,-9.1894329705767230e-01,-1.0850166019324922e+01,7.7399965478063185e-06
2.9561252312430945e-03,-9.1894290197153083e-01,-1.0860166019324911e+01,7.6629853229135573e-06
-2.9496584911214477e-03,-9.1894288287594661e-01,-1.0870166019324923e+01,7.5867374898459823e-06
2.9093044402635033e-03,-9.1894276465950253e-01,-1.0880166019324829e+01,7.5112490784743991e-06
-2.8621976765819462e-03,-9.1894262872110943e-01,-1.0890166019324914e+01,7.4365119122989483e-06
-2.8575370294039327e-03,-9.1894261539227673e-01,-1.0900166019324921e+01,7.3625174805789971e-06
2.8455516266341612e-03,-9.1894258121536943e-01,-1.0910166019324921e+01,7.2892594567469299e-06
-2.8448204933933042e-03,-9.1894257913515931e-01,-1.0920166019324830e+01,7.2167301283198167e-06
-2.8320716263648162e-03,-9.1894254294818789e-01,-1.0930166019324911e+01,7.1449227223081760e-06
2.8048368446476528e-03,-9.1894246618820197e-01,-1.0940166019324918e+01,7.0738300963588852e-06
2.8020623024173686e-03,-9.1894245840991273e-01,-1.0950166019324925e+01,7.0034443653447488e-06
2.7971536530144447e-03,-9.1894244466761876e-01,-1.0960166019324824e+01,6.9337590248675650e-06
-2.7826138710749402e-03,-9.1894240410331718e-01,-1.0970166019324925e+01,6.8647672482907192e-06
-2.7716685473027193e-03,-9.1894237370660747e-01,-1.0980166019324916e+01,6.7964618794870943e-06
2.7463322281066132e-03,-9.1894230380369302e-01,-1.0990166019324912e+01,6.7288364242340486e-06
2.7460219168007581e-03,-9.1894230295152324e-01,-1.1000166019324835e+01,6.6618833888158333e-06
2.7127028769569385e-03,-9.1894221201178883e-01,-1.1010166019324924e+01,6.5955971413546973e-06
2.7114177151952596e-03,-9.1894220852635256e-01,-1.1020166019324909e+01,6.5299698760345926e-06
2.6187493945351034e-03,-9.1894196155753516e-01,-1.1030166019324918e+01,6.4649971868075888e-06
-2.6159490321716614e-03,-9.1894195422800895e-01,-1.1040166019324836e+01,6.4006694369020859e-06
2.6028977038923631e-03,-9.1894192017156795e-01,-1.1050166019324916e+01,6.3369819277028347e-06
-2.6020945323006715e-03,-9.1894191808131698e-01,-1.1060166019324919e+01,6.2739279171077296e-06
2.5541181276295521e-03,-9.1894179439304446e-01,-1.1070166019324917e+01,6.2115020595767046e-06
2.5373832094913438e-03,-9.1894175179011539e-01,-1.1080166019324830e+01,6.1496968434121614e-06
-2.4924059639274271e-03,-9.1894163867708401e-01,-1.1090166019324920e+01,6.0885070261168830e-06
-2.4286067228729341e-03,-9.1894148169864664e-01,-1.1100166019324915e+01,6.0279263152420737e-06
2.4222774937543998e-03,-9.1894146634746787e-01,-1.1110166019324931e+01,5.9679475378725922e-06
2.4213008172050102e-03,-9.1894146398216314e-01,-1.1120166019324916e+01,5.9085654816701573e-06
2.3924753770486269e-03,-9.1894139460255431e-01,-1.1130166019324824e+01,5.8497746786792240e-06
-2.3789907527275336e-03,-9.1894136243184021e-01,-1.1140166019324923e+01,5.7915686344147794e-06
2.3729429673220496e-03,-9.1894134806250249e-01,-1.1150166019324914e+01,5.7339416460422440e-06
-2.3682842798927704e-03,-9.1894133701855463e-01,-1.1160166019324912e+01,5.6768880360868116e-06
-2.3565823906055074e-03,-9.1894130937362128e-01,-1.1170166019324832e+01,5.6204022117164824e-06
2.3515227459633891e-03,-9.1894129746295183e-01,-1.1180166019324929e+01,5.5644783415894807e-06
-2.2581536705813623e-03,-9.1894108226233939e-01,-1.1190166019324913e+01,5.5091120425557618e-06
-2.1936601331299507e-03,-9.1894093870572935e-01,-1.1200166019324914e+01,5.4542962448380865e-06
2.0729921040125582e-03,-9.1894068128147111e-01,-1.1210166019324838e+01,5.4000264805187030e-06
2.0712129925962754e-03,-9.1894067759496978e-01,-1.1220166019324919e+01,5.3462953389873386e-06
2.0638268857990794e-03,-9.1894066232404670e-01,-1.1230166019324917e+01,5.2930988923688786e-06
-2.0363338152814691e-03,-9.1894060596104310e-01,-1.1240166019324921e+01,5.2404319737741810e-06
1.9370413422672749e-03,-9.1894040869792026e-01,-1.1250166019324830e+01,5.1882898278675688e-06
1.8958559493957861e-03,-9.1894032976822992e-01,-1.1260166019324902e+01,5.1366658869578499e-06
-1.8941305938778618e-03,-9.1894032649869284e-01,-1.1270166019324925e+01,5.0855552240349395e-06
-1.8730244265714562e-03,-9.1894028674359074e-01,-1.1280166019324914e+01,5.0349533042431392e-06
1.8302362292448571e-03,-9.1894020751566685e-01,-1.1290166019324838e+01,4.9848550767408290e-06
1.8114260083503106e-03,-9.1894017326543131e-01,-1.1300166019324918e+01,4.9352551090242028e-06
1.7726139964044946e-03,-9.1894010371352963e-01,-1.1310166019324919e+01,4.8861488400400704e-06
1.7579056351355125e-03,-9.1894007774945052e-01,-1.1320166019324907e+01,4.8375309723574572e-06
-1.7316712166773602e-03,-9.1894003197594076e-01,-1.1330166019324832e+01,4.7893969541668121e-06
1.6886044355121123e-03,-9.1893995832580933e-01,-1.1340166019324920e+01,4.7417420074611123e-06
-1.6560618398126785e-03,-9.1893990390374813e-01,-1.1350166019324927e+01,4.6945611416559765e-06
1.6504841401253382e-03,-9.1893989468228787e-01,-1.1360166019324913e+01,4.6478495206818343e-06
1.6448483276695085e-03,-9.1893988539634996e-01,-1.1370166019324921e+01,4.6016026879723542e-06
1.6369137078110158e-03,-9.1893987237658292e-01,-1.1380166019324825e+01,4.5558160355228534e-06
1.6209876753423501e-03,-9.1893984643386128e-01,-1.1390166019324928e+01,4.5104850255749876e-06
1.6143930854468878e-03,-9.1893983576585658e-01,-1.1400166019324908e+01,4.4656049973378131e-06
1.6100490797370769e-03,-9.1893982876235902e-01,-1.1410166019324913e+01,4.4211715161674005e-06
1.6021707007533043e-03,-9.1893981610881659e-01,-1.1420166019324826e+01,4.3771801799453078e-06
-1.5824584848320429e-03,-9.1893978472076754e-01,-1.1430166019324929e+01,4.3336266454686374e-06
1.5656973185823222e-03,-9.1893975833738617e-01,-1.1440166019324918e+01,4.2905064530753083e-06
-1.5536032989944553e-03,-9.1893973947494478e-01,-1.1450166019324923e+01,4.2478152806910821e-06
1.5167600339977909e-03,-9.1893968291383987e-01,-1.1460166019324815e+01,4.2055490503163368e-06
1.5116695555898421e-03,-9.1893967520576214e-01,-1.1470166019324935e+01,4.1637031701833063e-06
-1.5080999226522529e-03,-9.1893966981602782e-01,-1.1480166019324903e+01,4.1222736536389537e-06
1.5015176845194860e-03,-9.1893965991101789e-01,-1.1490166019324933e+01,4.0812563858785848e-06
-1.4886717441660122e-03,-9.1893964070512035e-01,-1.1500166019324825e+01,4.0406472839315181e-06
-1.4643501135112431e-03,-9.1893960479396697e-01,-1.1510166019324924e+01,4.0004423153555244e-06
-1.4367237222644984e-03,-9.1893956472086658e-01,-1.1520166019324906e+01,3.9606374079559619e-06
-1.4285152922228327e-03,-9.1893955296130947e-01,-1.1530166019324925e+01,3.9212284533993765e-06
1.4122005092183673e-03,-9.1893952978847859e-01,-1.1540166019324827e+01,3.8822116683427733e-06
-1.4018882140453676e-03,-9.1893951527862183e-01,-1.1550166019324914e+01,3.8435830725913471e-06
1.4006669389118873e-03,-9.1893951356727632e-01,-1.1560166019324919e+01,3.8053387885324105e-06
-1.3442371535965112e-03,-9.1893943612010198e-01,-1.1570166019324919e+01,3.7674753267260805e-06
1.3416290575958565e-03,-9.1893943261760358e-01,-1.1580166019324828e+01,3.7299883339438634e-06
1.2982387048542862e-03,-9.1893937534520687e-01,-1.1590166019324917e+01,3.6928745414069003e-06
-1.2930241276801551e-03,-9.1893936858903680e-01,-1.1600166019324924e+01,3.6561298504778491e-06
-1.2839197092397267e-03,-9.1893935685824935e-01,-1.1610166019324916e+01,3.6197507930935168e-06
-1.2638243278494526e-03,-9.1893933125930527e-01,-1.1620166019324918e+01,3.5837337626554531e-06
1.2542507937111200e-03,-9.1893931920586625e-01,-1.1630166019324824e+01,3.5480750586851466e-06
-1.2411314317336579e-03,-9.1893930283695491e-01,-1.1640166019324917e+01,3.5127711794807096e-06
1.2253291544298680e-03,-9.1893928334910779e-01,-1.1650166019324921e+01,3.4778185900189323e-06
1.2200056282967997e-03,-9.1893927684020604e-01,-1.1660166019324921e+01,3.4432137392695512e-06
-1.2132332950488170e-03,-9.1893926860085362e-01,-1.1670166019324830e+01,3.4089532182145465e-06
1.2125435032629946e-03,-9.1893926776421309e-01,-1.1680166019324918e+01,3.3750335697753955e-06
1.2115248923284718e-03,-9.1893926652962188e-01,-1.1690166019324923e+01,3.3414514287793005e-06
-1.2071707504873173e-03,-9.1893926126394987e-01,-1.1700166019324916e+01,3.3082034489638059e-06
1.1962501408168055e-03,-9.1893924814053918e-01,-1.1710166019324824e+01,3.2752863176382686e-06
1.1763141417148804e-03,-9.1893922449081944e-01,-1.1720166019324919e+01,3.2426967509472528e-06
-1.1757776934050309e-03,-9.1893922385993165e-01,-1.1730166019324912e+01,3.2104313811997389e-06
1.1637792166286844e-03,-9.1893920982437205e-01,-1.1740166019324928e+01,3.1784870998317047e-06
1.1626394542538028e-03,-9.1893920849858979e-01,-1.1750166019324828e+01,3.1468606289346257e-06
1.1530717554534432e-03,-9.1893919742057606e-01,-1.1760166019324918e+01,3.1155488770223382e-06
-1.1507602891006230e-03,-9.1893919475796093e-01,-1.1770166019324913e+01,3.0845486559463559e-06
1.1503573819717388e-03,-9.1893919429439264e-01,-1.1780166019324925e+01,3.0538568854265445e-06
1.1161005806389582e-03,-9.1893915547359251e-01,-1.1790166019324820e+01,3.0234706190841631e-06
1.1152483762109726e-03,-9.1893915452280983e-01,-1.1800166019324919e+01,2.9933865866155323e-06
-1.0893505179002758e-03,-9.1893912597561489e-01,-1.1810166019324919e+01,2.9636019770282199e-06
-1.0815159629205191e-03,-9.1893911747172852e-01,-1.1820166019324926e+01,2.9341136696068469e-06
1.0646827307253135e-03,-9.1893909940799801e-01,-1.1830166019324830e+01,2.9049188032693680e-06
-1.0581800963392798e-03,-9.1893909250589756e-01,-1.1840166019324917e+01,2.8760143980819598e-06
-1.0514074381221786e-03,-9.1893908536213997e-01,-1.1850166019324911e+01,2.8473975970223919e-06
1.0481933615864806e-03,-9.1893908198800112e-01,-1.1860166019324920e+01,2.8190655270616973e-06
-1.0061823946516247e-03,-9.1893903883484507e-01,-1.1870166019324916e+01,2.7910154768365775e-06
-1.0043028013311018e-03,-9.1893903694539780e-01,-1.1880166019324841e+01,2.7632444140546188e-06
9.9100486904399755e-04,-9.1893902367866465e-01,-1.1890166019324910e+01,2.7357497090373657e-06
9.8149236622183415e-04,-9.1893901429697189e-01,-1.1900166019324924e+01,2.7085285700223211e-06
-9.8140977761904699e-04,-9.1893901421591528e-01,-1.1910166019324915e+01,2.6815782606728561e-06
9.7401987238302954e-04,-9.1893900699069542e-01,-1.1920166019324835e+01,2.6548961303469645e-06
-9.7161289596229910e-04,-9.1893900464914924e-01,-1.1930166019324909e+01,2.6284794786258352e-06
9.7159657168887964e-04,-9.1893900463328848e-01,-1.1940166019324927e+01,2.6023256708678337e-06
9.7109630010711653e-04,-9.1893900414735152e-01,-1.1950166019324907e+01,2.5764320990559293e-06
-9.6583278907051706e-04,-9.1893899904982768e-01,-1.1960166019324832e+01,2.5507961843392743e-06
-9.2945130189724015e-04,-9.1893896457320079e-01,-1.1970166019324923e+01,2.5254154253006886e-06
-9.2177566624050407e-04,-9.1893895746852894e-01,-1.1980166019324914e+01,2.5002871397302750e-06
9.1494264488774007e-04,-9.1893895119336122e-01,-1.1990166019324908e+01,2.4754088825487595e-06
8.9922811732306811e-04,-9.1893893693894291e-01,-1.2000166019324832e+01,2.4507781875632177e-06
8.9126968607390784e-04,-9.1893892981416614e-01,-1.2010166019324933e+01,2.4263925544403124e-06
8.5930485623131412e-04,-9.1893890183575744e-01,-1.2020166019324913e+01,2.4022496123450190e-06
8.4907834878092153e-04,-9.1893889310036070e-01,-1.2030166019324918e+01,2.3783468501019795e-06
-8.2679706675629428e-04,-9.1893887443003430e-01,-1.2040166019324822e+01,2.3546819475042272e-06
-8.2360053376206153e-04,-9.1893887179225908e-01,-1.2050166019324918e+01,2.3312524768078268e-06
-8.1626422253438938e-04,-9.1893886577697992e-01,-1.2060166019324924e+01,2.3080561409745107e-06
-8.0489417295933046e-04,-9.1893885656065433e-01,-1.2070166019324917e+01,2.2850906197157161e-06
-7.9455634243260449e-04,-9.1893884829323014e-01,-1.2080166019324830e+01,2.2623536068553620e-06
7.9302273597883603e-04,-9.1893884707586937e-01,-1.2090166019324926e+01,2.2398428150754636e-06
7.8574658042155146e-04,-9.1893884133218384e-01,-1.2100166019324918e+01,2.2175560194266941e-06
7.6894458600219092e-04,-9.1893882827122764e-01,-1.2110166019324915e+01,2.1954909970380824e-06
-7.6691896976834896e-04,-9.1893882671569260e-01,-1.2120166019324907e+01,2.1736454999965489e-06
7.5245897792448359e-04,-9.1893881573059621e-01,-1.2130166019324840e+01,2.1520173895414724e-06
-7.4788210380476606e-04,-9.1893881229716001e-01,-1.2140166019324914e+01,2.1306044660559904e-06
7.2530859531269760e-04,-9.1893879566961867e-01,-1.2150166019324926e+01,2.1094046324781564e-06
7.1636489016994095e-04,-9.1893878922266736e-01,-1.2160166019324903e+01,2.0884157191586867e-06
-7.1420623615725412e-04,-9.1893878767861337e-01,-1.2170166019324839e+01,2.0676356387448806e-06
6.8162642670944594e-04,-9.1893876494063231e-01,-1.2180166019324918e+01,2.0470623669391240e-06
-6.7966860657908072e-04,-9.1893876360804683e-01,-1.2190166019324915e+01,2.0266937587630086e-06
6.5301048072266749e-04,-9.1893874584468338e-01,-1.2200166019324913e+01,2.0065278545664819e-06
6.5254809827319251e-04,-9.1893874554284971e-01,-1.2210166019324841e+01,1.9865625694263725e-06
-6.4839549965315778e-04,-9.1893874284170141e-01,-1.2220166019324921e+01,1.9667959469053498e-06
6.4815789721775182e-04,-9.1893874268766929e-01,-1.2230166019324912e+01,1.9472260005521342e-06
6.4672250100984599e-04,-9.1893874175833612e-01,-1.2240166019324922e+01,1.9278507799102932e-06
6.4560235488353348e-04,-9.1893874103453976e-01,-1.2250166019324828e+01,1.9086683455250565e-06
-6.3960738794739506e-04,-9.1893873718214480e-01,-1.2260166019324920e+01,1.8896767854489872e-06
-6.3437510077701191e-04,-9.1893873384922375e-01,-1.2270166019324909e+01,1.8708741935089294e-06
6.2972961854023150e-04,-9.1893873091303568e-01,-1.2280166019324920e+01,1.8522586896876851e-06
-6.2418681556654517e-04,-9.1893872743792981e-01,-1.2290166019324831e+01,1.8338284141586565e-06
6.0634514659683547e-04,-9.1893871646055791e-01,-1.2300166019324918e+01,1.8155815364924344e-06
-5.9935152436424010e-04,-9.1893871224446433e-01,-1.2310166019324921e+01,1.7975162059408823e-06
-5.8347796901743292e-04,-9.1893870285660961e-01,-1.2320166019324917e+01,1.7796306375601282e-06
5.8256436688032510e-04,-9.1893870232396024e-01,-1.2330166019324830e+01,1.7619230177899719e-06
5.7586300526123397e-04,-9.1893869844243992e-01,-1.2340166019324917e+01,1.7443915976125322e-06
-5.7507679007180301e-04,-9.1893869798999672e-01,-1.2350166019324922e+01,1.7270346119911097e-06
-5.7331382002968477e-04,-9.1893869697770758e-01,-1.2360166019324923e+01,1.7098503322117169e-06
5.6161949216659618e-04,-9.1893869034156650e-01,-1.2370166019324918e+01,1.6928370483760869e-06
-5.5387775145515562e-04,-9.1893868602362128e-01,-1.2380166019324825e+01,1.6759930455461785e-06
5.4343933355004051e-04,-9.1893868029649406e-01,-1.2390166019324919e+01,1.6593166456107174e-06
5.3537871204041468e-04,-9.1893867594852208e-01,-1.2400166019324923e+01,1.6428061762669860e-06
5.2765624645661287e-04,-9.1893867184389666e-01,-1.2410166019324906e+01,1.6264599883712720e-06
5.2313833340982430e-04,-9.1893866947019742e-01,-1.2420166019324832e+01,1.6102764449090846e-06
-5.1739572668728850e-04,-9.1893866648250844e-01,-1.2430166019324915e+01,1.5942539313354416e-06
5.0645575930616596e-04,-9.1893866088205756e-01,-1.2440166019324931e+01,1.5783908485122883e-06
-5.0495924570922090e-04,-9.1893866012525938e-01,-1.2450166019324913e+01,1.5626855983434635e-06
-4.8935120485546491e-04,-9.1893865236564032e-01,-1.2460166019324825e+01,1.5471366288474934e-06
4.8336406592836445e-04,-9.1893864945374959e-01,-1.2470166019324926e+01,1.5317423666378188e-06
-4.7808207473373765e-04,-9.1893864691457461e-01,-1.2480166019324912e+01,1.5165012792870151e-06
-4.6955829821588652e-04,-9.1893864287583715e-01,-1.2490166019324914e+01,1.5014118455023158e-06
4.6690871446951809e-04,-9.1893864163521333e-01,-1.2500166019324830e+01,1.4864725498728767e-06
-4.6039028408364439e-04,-9.1893863861294633e-01,-1.2510166019324931e+01,1.4716819053220103e-06
4.5989941386185841e-04,-9.1893863838707490e-01,-1.2520166019324915e+01,1.4570384260248412e-06
-4.5597758719505369e-04,-9.1893863659111952e-01,-1.2530166019324918e+01,1.4425406540427775e-06
4.5560406753669750e-04,-9.1893863642087259e-01,-1.2540166019324827e+01,1.4281871349547434e-06
-4.3263733811078295e-04,-9.1893862622087263e-01,-1.2550166019324916e+01,1.4139764499470774e-06
-4.1939244801487556e-04,-9.1893862057835218e-01,-1.2560166019324921e+01,1.3999071570943414e-06
-4.1716480722221185e-04,-9.1893861964657764e-01,-1.2570166019324910e+01,1.3859778494369561e-06
-4.1507126274178919e-04,-9.1893861877541605e-01,-1.2580166019324832e+01,1.3721871406105936e-06
4.1287267218474466e-04,-9.1893861786526121e-01,-1.2590166019324927e+01,1.3585336516706089e-06
4.1169509337331207e-04,-9.1893861737976446e-01,-1.2600166019324918e+01,1.3450160166321512e-06
-4.0041288966049388e-04,-9.1893861279858058e-01,-1.2610166019324918e+01,1.3316328897570843e-06
-3.9837501150293540e-04,-9.1893861198466431e-01,-1.2620166019324911e+01,1.3183829221919883e-06
3.9795566351112643e-04,-9.1893861181769454e-01,-1.2630166019324916e+01,1.3052647931518543e-06
-3.9605589019862182e-04,-9.1893861106347352e-01,-1.2640166019324916e+01,1.2922771924332969e-06
-3.9381757753312340e-04,-9.1893861017948164e-01,-1.2650166019324741e+01,1.2794188206576479e-06
3.9138973763416861e-04,-9.1893860922630288e-01,-1.2660166019324919e+01,1.2666883918948168e-06
-3.8976262843279440e-04,-9.1893860859079268e-01,-1.2670166019324922e+01,1.2540846326044429e-06
3.8505524065565023e-04,-9.1893860676710859e-01,-1.2680166019324925e+01,1.2416062842817088e-06
-3.8480127830811857e-04,-9.1893860666935134e-01,-1.2690166019324916e+01,1.2292520954552067e-06
-3.7676808165533981e-04,-9.1893860361043311e-01,-1.2700166019324916e+01,1.2170208364640116e-06
3.7068186251273060e-04,-9.1893860133586103e-01,-1.2710166019324921e+01,1.2049112795511191e-06
3.6965440385348925e-04,-9.1893860095552860e-01,-1.2720166019324909e+01,1.1929222124558066e-06
3.6282101397974693e-04,-9.1893859845288350e-01,-1.2730166019324743e+01,1.1810524410735095e-06
-3.6141766806006793e-04,-9.1893859794470489e-01,-1.2740166019324914e+01,1.1693007735278935e-06
-3.6005897810173959e-04,-9.1893859745457329e-01,-1.2750166019324929e+01,1.1576660370014540e-06
-3.5796404534104857e-04,-9.1893859670246836e-01,-1.2760166019324917e+01,1.1461470683323863e-06
-3.5171346547403250e-04,-9.1893859448452031e-01,-1.2770166019324918e+01,1.1347427169713724e-06
3.5004484501450882e-04,-9.1893859389903620e-01,-1.2780166019324913e+01,1.1234518389433574e-06
3.4688244082352885e-04,-9.1893859279705337e-01,-1.2790166019324912e+01,1.1122733075967741e-06
3.3931719658275442e-04,-9.1893859020141944e-01,-1.2800166019324932e+01,1.1012060061281299e-06
-3.3734399079847011e-04,-9.1893858953382357e-01,-1.2810166019324729e+01,1.0902488240188069e-06
-3.3670718162943643e-04,-9.1893858931920258e-01,-1.2820166019324930e+01,1.0794006671964915e-06
-3.3356008224377884e-04,-9.1893858826450370e-01,-1.2830166019324908e+01,1.0686604522337641e-06
-3.1844147033397758e-04,-9.1893858333582445e-01,-1.2840166019324926e+01,1.0580271082830072e-06
-3.1374991767705310e-04,-9.1893858185284494e-01,-1.2850166019324920e+01,1.0474995642111300e-06
-3.0976529854260409e-04,-9.1893858061060951e-01,-1.2860166019324923e+01,1.0370767706878464e-06
3.0408362835459922e-04,-9.1893857886676600e-01,-1.2870166019324920e+01,1.0267576861951338e-06
-3.0321985671473976e-04,-9.1893857860448025e-01,-1.2880166019324902e+01,1.0165412767848158e-06
-2.9901741171426018e-04,-9.1893857733904571e-01,-1.2890166019324923e+01,1.0064265233535208e-06
-2.9572304932724022e-04,-9.1893857635940046e-01,-1.2900166019324743e+01,9.9641241310321555e-07
-2.9408309343172405e-04,-9.1893857587577243e-01,-1.2910166019324922e+01,9.8649794441536670e-07
-2.9277831363936236e-04,-9.1893857549290991e-01,-1.2920166019324915e+01,9.7668212623627292e-07
2.9113215308268102e-04,-9.1893857501230469e-01,-1.2930166019324918e+01,9.6696397717072934e-07
2.8918194700192735e-04,-9.1893857444643867e-01,-1.2940166019324920e+01,9.5734252538104065e-07
-2.8880498700523637e-04,-9.1893857433749970e-01,-1.2950166019324909e+01,9.4781680819777387e-07
-2.8645504430438429e-04,-9.1893857366158571e-01,-1.2960166019324920e+01,9.3838587401513022e-07
-2.8576786165528990e-04,-9.1893857346497487e-01,-1.2970166019324925e+01,9.2904877874390524e-07
2.8493176535359407e-04,-9.1893857322639494e-01,-1.2980166019324731e+01,9.1980458915989535e-07
2.8324596147444206e-04,-9.1893857274747681e-01,-1.2990166019324924e+01,9.1065238101542815e-07
2.8129737647225247e-04,-9.1893857219744646e-01,-1.3000166019324919e+01,9.0159123892351691e-07
2.7906867099078707e-04,-9.1893857157300107e-01,-1.3010166019324913e+01,8.9262025676333109e-07
2.7346196819150707e-04,-9.1893857002406354e-01,-1.3020166019324918e+01,8.8373853817852642e-07
-2.6642699102924185e-04,-9.1893856812501029e-01,-1.3030166019324922e+01,8.7494519446294757e-07
-2.6289197285119561e-04,-9.1893856718943412e-01,-1.3040166019324923e+01,8.6623934512810702e-07
2.5959903262021437e-04,-9.1893856632916837e-01,-1.3050166019324914e+01,8.5762012036885869e-07
2.5548545584175823e-04,-9.1893856526974849e-01,-1.3060166019324743e+01,8.4908665849081529e-07
2.5545276833390966e-04,-9.1893856526139794e-01,-1.3070166019324910e+01,8.4063810508434796e-07
-2.5267726688599018e-04,-9.1893856455624001e-01,-1.3080166019324921e+01,8.3227361676884912e-07
-2.5172851682930765e-04,-9.1893856431696253e-01,-1.3090166019324931e+01,8.2399235611297310e-07
-2.4831469067453657e-04,-9.1893856346343228e-01,-1.3100166019324909e+01,8.1579349587655512e-07
2.4785091733304978e-04,-9.1893856334837809e-01,-1.3110166019324923e+01,8.0767621505915162e-07
2.4594309179322893e-04,-9.1893856287734166e-01,-1.3120166019324909e+01,7.9963970281914138e-07
2.4496673609332616e-04,-9.1893856263769036e-01,-1.3130166019324918e+01,7.9168315502504662e-07
-2.4391192519945142e-04,-9.1893856237985305e-01,-1.3140166019324919e+01,7.8380577621665663e-07
2.4143688712620148e-04,-9.1893856177922473e-01,-1.3150166019324745e+01,7.7600677890116585e-07
2.4050369175523644e-04,-9.1893856155435238e-01,-1.3160166019324924e+01,7.6828538261195529e-07
2.4036160625775984e-04,-9.1893856152019038e-01,-1.3170166019324922e+01,7.6064081535286821e-07
2.3537115154630123e-04,-9.1893856033312893e-01,-1.3180166019324909e+01,7.5307231367689249e-07
-2.3199987494863902e-04,-9.1893855954531045e-01,-1.3190166019324922e+01,7.4557911954428015e-07
2.3161693131645486e-04,-9.1893855945654090e-01,-1.3200166019324922e+01,7.3816048341719220e-07
2.3129799786487067e-04,-9.1893855938272140e-01,-1.3210166019324912e+01,7.3081566394135093e-07
2.2961694144726577e-04,-9.1893855899530941e-01,-1.3220166019324923e+01,7.2354392686672491e-07
-2.2703565372542329e-04,-9.1893855840593353e-01,-1.3230166019324736e+01,7.1634454492695108e-07
-2.2254297022356804e-04,-9.1893855739602626e-01,-1.3240166019324921e+01,7.0921679832816330e-07
2.2210368600952181e-04,-9.1893855729836316e-01,-1.3250166019324915e+01,7.0215997334549509e-07
2.1793176532002592e-04,-9.1893855638046662e-01,-1.3260166019324927e+01,6.9517336551411657e-07
-2.1656009131338499e-04,-9.1893855608247599e-01,-1.3270166019324918e+01,6.8825627515919999e-07
-2.1485896829778059e-04,-9.1893855571552763e-01,-1.3280166019324904e+01,6.8140801104823948e-07
-2.1198560367164374e-04,-9.1893855510228750e-01,-1.3290166019324918e+01,6.7462788846736082e-07
2.1023186992454282e-04,-9.1893855473205899e-01,-1.3300166019324930e+01,6.6791522906693590e-07
2.0928731910633755e-04,-9.1893855453393047e-01,-1.3310166019324738e+01,6.6126936162740011e-07
-2.0835044071997277e-04,-9.1893855433829252e-01,-1.3320166019324915e+01,6.5468962167059153e-07
-2.0651871308000039e-04,-9.1893855395832891e-01,-1.3330166019324921e+01,6.4817535133855520e-07
2.0459010726428374e-04,-9.1893855356189547e-01,-1.3340166019324910e+01,6.4172589908745357e-07
2.0458407041490620e-04,-9.1893855356066045e-01,-1.3350166019324929e+01,6.3534061970484083e-07
-2.0336683587261414e-04,-9.1893855331237440e-01,-1.3360166019324907e+01,6.2901887506906167e-07
2.0046785432995050e-04,-9.1893855272701974e-01,-1.3370166019324918e+01,6.2276003305174181e-07
-1.9985584011123129e-04,-9.1893855260451784e-01,-1.3380166019324925e+01,6.1656346726402990e-07
1.9868342239953162e-04,-9.1893855237089062e-01,-1.3390166019324912e+01,6.1042855840318340e-07
1.9867076090094974e-04,-9.1893855236837507e-01,-1.3400166019324752e+01,6.0435469276443300e-07
1.9809991265378152e-04,-9.1893855225512722e-01,-1.3410166019324905e+01,5.9834126316462607e-07
1.9318643420665254e-04,-9.1893855129383861e-01,-1.3420166019324924e+01,5.9238766869085001e-07
1.9304187977202761e-04,-9.1893855126592316e-01,-1.3430166019324915e+01,5.8649331291881084e-07
-1.9155112017790000e-04,-9.1893855097925525e-01,-1.3440166019324923e+01,5.8065760711671761e-07
-1.8970089328707929e-04,-9.1893855062655394e-01,-1.3450166019324927e+01,5.7487996759385486e-07
-1.8913521867407692e-04,-9.1893855051940498e-01,-1.3460166019324916e+01,5.6915981640301469e-07
1.8644232552329472e-04,-9.1893855001370983e-01,-1.3470166019324919e+01,5.6349658189146721e-07
-1.8634885243848229e-04,-9.1893854999628688e-01,-1.3480166019324729e+01,5.5788969722969764e-07
-1.8382118198299305e-04,-9.1893854952845289e-01,-1.3490166019324928e+01,5.5233860225092869e-07
1.8277257021053606e-04,-9.1893854933624564e-01,-1.3500166019324915e+01,5.4684274143689381e-07
1.8122079222977685e-04,-9.1893854905382721e-01,-1.3510166019324920e+01,5.4140156539943552e-07
-1.7988475602401640e-04,-9.1893854881260217e-01,-1.3520166019324925e+01,5.3601452994454826e-07
-1.7768512215167852e-04,-9.1893854841934075e-01,-1.3530166019324909e+01,5.3068109646744296e-07
1.7022612219837554e-04,-9.1893854712180578e-01,-1.3540166019324916e+01,5.2540073201314012e-07
1.6883253631860205e-04,-9.1893854688555210e-01,-1.3550166019324925e+01,5.2017290750418883e-07
1.6780667516583334e-04,-9.1893854671287956e-01,-1.3560166019324743e+01,5.1499710068436282e-07
1.6741903305104587e-04,-9.1893854664790575e-01,-1.3570166019324901e+01,5.0987279394690487e-07
1.6586012850542710e-04,-9.1893854638813055e-01,-1.3580166019324936e+01,5.0479947501147404e-07
-1.6496427351434412e-04,-9.1893854623994520e-01,-1.3590166019324911e+01,4.9977663638584936e-07
1.6001228463380146e-04,-9.1893854543530507e-01,-1.3600166019324927e+01,4.9480377616365963e-07
1.5920287589181676e-04,-9.1893854530611729e-01,-1.3610166019324902e+01,4.8988039639259034e-07
1.5842719229426964e-04,-9.1893854518292706e-01,-1.3620166019324929e+01,4.8500600506519590e-07
1.5029763629245492e-04,-9.1893854392802921e-01,-1.3630166019324919e+01,4.8018011528472700e-07
1.4926701857834158e-04,-9.1893854377366091e-01,-1.3640166019324914e+01,4.7540224338068945e-07
1.4908886986060444e-04,-9.1893854374708506e-01,-1.3650166019324736e+01,4.7067191203562543e-07
-1.4340262924948170e-04,-9.1893854291549648e-01,-1.3660166019324926e+01,4.6598864864869655e-07
-1.3913466138539140e-04,-9.1893854231256644e-01,-1.3670166019324917e+01,4.6135198440180833e-07
-1.3816414154413872e-04,-9.1893854217800452e-01,-1.3680166019324920e+01,4.5676145551832059e-07
1.3773343868602128e-04,-9.1893854211858950e-01,-1.3690166019324918e+01,4.5221660312581094e-07
1.3524641146216756e-04,-9.1893854177913536e-01,-1.3700166019324916e+01,4.4771697289530235e-07
1.3394662249470392e-04,-9.1893854160418831e-01,-1.3710166019324921e+01,4.4326211465922044e-07
-1.3119079630963059e-04,-9.1893854123885199e-01,-1.3720166019324910e+01,4.3885158308599900e-07
1.3098182897893415e-04,-9.1893854121145924e-01,-1.3730166019324745e+01,4.3448493688682631e-07
-1.2998063324302271e-04,-9.1893854108082196e-01,-1.3740166019324914e+01,4.3016173958744264e-07
-1.2787973825052062e-04,-9.1893854080995319e-01,-1.3750166019324926e+01,4.2588155887915290e-07
-1.2489585790938140e-04,-9.1893854043282708e-01,-1.3760166019324920e+01,4.2164396672415779e-07
-1.2267473959561628e-04,-9.1893854015788534e-01,-1.3770166019324913e+01,4.1744853927136894e-07
1.2221020524570765e-04,-9.1893854010100662e-01,-1.3780166019324914e+01,4.1329485692795901e-07
1.2106925651094760e-04,-9.1893853996222186e-01,-1.3790166019324918e+01,4.0918250444769899e-07
-1.1984035182626671e-04,-9.1893853981419438e-01,-1.3800166019324918e+01,4.0511107056148022e-07
-1.1983489051748322e-04,-9.1893853981354001e-01,-1.3810166019324740e+01,4.0108014805967453e-07
-1.1770772600499616e-04,-9.1893853956089389e-01,-1.3820166019324924e+01,3.9708933400682220e-07
-1.1578274885275717e-04,-9.1893853933616199e-01,-1.3830166019324921e+01,3.9313822920537449e-07
-1.1390104078435267e-04,-9.1893853912006296e-01,-1.3840166019324919e+01,3.8922643854933559e-07
-1.1342759335122613e-04,-9.1893853906624889e-01,-1.3850166019324917e+01,3.8535357079728895e-07
1.1212853309465462e-04,-9.1893853891974342e-01,-1.3860166019324911e+01,3.8151923875840078e-07
1.1135806778982821e-04,-9.1893853883364907e-01,-1.3870166019324918e+01,3.7772305893738119e-07
1.0903600763840186e-04,-9.1893853857776497e-01,-1.3880166019324918e+01,3.7396465179987320e-07
-1.0767435830502393e-04,-9.1893853843022322e-01,-1.3890166019324917e+01,3.7024364139715605e-07
-1.0673134779277818e-04,-9.1893853832912975e-01,-1.3900166019324743e+01,3.6655965564906191e-07
1.0668268759798561e-04,-9.1893853832393735e-01,-1.3910166019324919e+01,3.6291232613632660e-07
-1.0653172653365530e-04,-9.1893853830784389e-01,-1.3920166019324922e+01,3.5930128816257533e-07
-1.0629396642234456e-04,-9.1893853828254313e-01,-1.3930166019324913e+01,3.5572618062022297e-07
-1.0550511062835073e-04,-9.1893853819900362e-01,-1.3940166019324923e+01,3.5218664601269574e-07
-1.0434228044043501e-04,-9.1893853807699521e-01,-1.3950166019324920e+01,3.4868233037609026e-07
-1.0374003665558080e-04,-9.1893853801433711e-01,-1.3960166019324918e+01,3.4521288324175150e-07
1.0095962303630088e-04,-9.1893853772976219e-01,-1.3970166019324919e+01,3.4177795775882826e-07
1.0092472970820799e-04,-9.1893853772624001e-01,-1.3980166019324733e+01,3.3837721025951325e-07
-9.8940985971353551e-05,-9.1893853752799881e-01,-1.3990166019324926e+01,3.3501030082828648e-07
9.6534125696807381e-05,-9.1893853729275821e-01,-1.4000166019324912e+01,3.3167689271733205e-07
9.6532581230943776e-05,-9.1893853729260910e-01,-1.4010166019324926e+01,3.2837665249327965e-07
-9.6169214497287669e-05,-9.1893853725759833e-01,-1.4020166019324920e+01,3.2510925021946381e-07
-9.2973883624673193e-05,-9.1893853695541095e-01,-1.4030166019324911e+01,3.2187435922736645e-07
-9.2310800353248373e-05,-9.1893853689398142e-01,-1.4040166019324918e+01,3.1867165586074795e-07
-9.2241274536719597e-05,-9.1893853688756588e-01,-1.4050166019324914e+01,3.1550081990753057e-07
9.0657852688369114e-05,-9.1893853674276260e-01,-1.4060166019324750e+01,3.1236153434245895e-07
-9.0122113463529617e-05,-9.1893853669433712e-01,-1.4070166019324919e+01,3.0925348516031007e-07
8.9652217157246247e-05,-9.1893853665209946e-01,-1.4080166019324917e+01,3.0617636158224874e-07
-8.9134577799210757e-05,-9.1893853660582592e-01,-1.4090166019324920e+01,3.0312985589645657e-07
-8.6728956468907277e-05,-9.1893853639429546e-01,-1.4100166019324924e+01,3.0011366349817825e-07
-8.6285932373205137e-05,-9.1893853635597056e-01,-1.4110166019324916e+01,2.9712748266361472e-07
8.6045316152294658e-05,-9.1893853633523770e-01,-1.4120166019324907e+01,2.9417101481952192e-07
8.5078534047907406e-05,-9.1893853625251798e-01,-1.4130166019324923e+01,2.9124396433997873e-07
8.3698040417996963e-05,-9.1893853613602050e-01,-1.4140166019324921e+01,2.8834603850883714e-07
-8.2301572227910303e-05,-9.1893853602011388e-01,-1.4150166019324743e+01,2.8547694752104451e-07
8.2277974474113285e-05,-9.1893853601817199e-01,-1.4160166019324903e+01,2.8263640443293376e-07
7.9027388919895516e-06,-9.1893853266456615e-01,-inf,0.0000000000000000e+00
-3.4323056006116469e-05,-9.1893853322237551e-01,-inf,0.0000000000000000e+00
-5.6944432940606057e-05,-9.1893853425467364e-01,-inf,0.0000000000000000e+00
-7.1902285729064151e-05,-9.1893853521830882e-01,-inf,0.0000000000000000e+00
-1.5759428949988806e-05,-9.1893853275751924e-01,-inf,0.0000000000000000e+00
1.5632792230792133e-06,-9.1893853263456138e-01,-inf,0.0000000000000000e+00
2.1379693583447159e-06,-9.1893853263562497e-01,-inf,0.0000000000000000e+00
-4.8096232225076159e-05,-9.1893853378996326e-01,-inf,0.0000000000000000e+00
-2.8251550598096478e-05,-9.1893853303241457e-01,-inf,0.0000000000000000e+00
-3.2649312623045627e-05,-9.1893853316632823e-01,-inf,0.0000000000000000e+00
-7.0953322850322848e-05,-9.1893853515052648e-01,-inf,0.0000000000000000e+00
5.0158609090817743e-05,-9.1893853389128255e-01,-inf,0.0000000000000000e+00
4.5983385272581697e-05,-9.1893853369057532e-01,-inf,0.0000000000000000e+00
-1.1170914196046030e-06,-9.1893853263396341e-01,-inf,0.0000000000000000e+00
-1.0785549632410199e-05,-9.1893853269150350e-01,-inf,0.0000000000000000e+00
3.9734308248496155e-05,-9.1893853342274712e-01,-inf,0.0000000000000000e+00
-5.1973666631745274e-05,-9.1893853398397052e-01,-inf,0.0000000000000000e+00
1.0694054602951475e-05,-9.1893853269052084e-01,-inf,0.0000000000000000e+00
1.9809792957847516e-05,-9.1893853282955340e-01,-inf,0.0000000000000000e+00
-8.1346475453071624e-05,-9.1893853594196395e-01,-inf,0.0000000000000000e+00
2.0204225774110357e-06,-9.1893853263538050e-01,-inf,0.0000000000000000e+00
2.7514294698445552e-05,-9.1893853301185768e-01,-inf,0.0000000000000000e+00
-1.5058933013520817e-05,-9.1893853274672521e-01,-inf,0.0000000000000000e+00
-2.9471228930411347e-05,-9.1893853306761608e-01,-inf,0.0000000000000000e+00
4.2163000850938443e-05,-9.1893853352219879e-01,-inf,0.0000000000000000e+00
9.1626688140768184e-06,-9.1893853267531667e-01,-inf,0.0000000000000000e+00
-7.0662922865118237e-05,-9.1893853512996382e-01,-inf,0.0000000000000000e+00
-3.2626632225747499e-05,-9.1893853316558805e-01,-inf,0.0000000000000000e+00
-2.5383750509073634e-05,-9.1893853295550687e-01,-inf,0.0000000000000000e+00
2.3953715147706820e-05,-9.1893853292022976e-01,-inf,0.0000000000000000e+00
-3.7384284319741612e-05,-9.1893853333213182e-01,-inf,0.0000000000000000e+00
4.9645776785569966e-05,-9.1893853386569102e-01,-inf,0.0000000000000000e+00
2.9992827896880832e-05,-9.1893853308312434e-01,-inf,0.0000000000000000e+00
-3.2815897820218659e-05,-9.1893853317178109e-01,-inf,0.0000000000000000e+00
2.5711263532101833e-05,-9.1893853296387396e-01,-inf,0.0000000000000000e+00
3.4298932954590904e-05,-9.1893853322154784e-01,-inf,0.0000000000000000e+00
-5.3907217710897654e-05,-9.1893853408633352e-01,-inf,0.0000000000000000e+00
5.2327054024338675e-05,-9.1893853400239978e-01,-inf,0.0000000000000000e+00
-2.0677969378403508e-06,-9.1893853263547731e-01,-inf,0.0000000000000000e+00
4.5916061421499775e-05,-9.1893853368748180e-01,-inf,0.0000000000000000e+00
-4.9527970588552104e-05,-9.1893853385984936e-01,-inf,0.0000000000000000e+00
2.6773257050262148e-05,-9.1893853299174311e-01,-inf,0.0000000000000000e+00
-5.3304372315107729e-05,-9.1893853405401749e-01,-inf,0.0000000000000000e+00
-3.3405525729185496e-05,-9.1893853319130403e-01,-inf,0.0000000000000000e+00
-3.4971788349756950e-05,-9.1893853324485242e-01,-inf,0.0000000000000000e+00
5.5125889496293236e-05,-9.1893853415277127e-01,-inf,0.0000000000000000e+00
1.5024278341484542e-05,-9.1893853274620396e-01,-inf,0.0000000000000000e+00
2.1056819424445950e-05,-9.1893853285503424e-01,-inf,0.0000000000000000e+00
-2.1018733104326554e-05,-9.1893853285423299e-01,-inf,0.0000000000000000e+00
5.8993293226686682e-05,-9.1893853437344375e-01,-inf,0.0000000000000000e+00
-7.2980205801882747e-05,-9.1893853529639469e-01,-inf,0.0000000000000000e+00
-4.8602864803685267e-05,-9.1893853381445867e-01,-inf,0.0000000000000000e+00
7.8839727873645425e-05,-9.1893853574119078e-01,-inf,0.0000000000000000e+00
-3.9062061957995632e-07,-9.1893853263341574e-01,-inf,0.0000000000000000e+00
-1.4169798918548355e-05,-9.1893853273373105e-01,-inf,0.0000000000000000e+00
7.7209067940958088e-05,-9.1893853561395955e-01,-inf,0.0000000000000000e+00
-3.7640330792579870e-05,-9.1893853334173670e-01,-inf,0.0000000000000000e+00
1.5650288363063382e-06,-9.1893853263456415e-01,-inf,0.0000000000000000e+00
7.8640755737630929e-05,-9.1893853572552375e-01,-inf,0.0000000000000000e+00
2.9496875992430595e-05,-9.1893853306837237e-01,-inf,0.0000000000000000e+00
4.2453048216690997e-05,-9.1893853353447008e-01,-inf,0.0000000000000000e+00
4.1467419723953436e-05,-9.1893853349311294e-01,-inf,0.0000000000000000e+00
7.4876845741463454e-05,-9.1893853543661053e-01,-inf,0.0000000000000000e+00
6.3430948260281150e-05,-9.1893853464508202e-01,-inf,0.0000000000000000e+00
-3.6624547366616998e-06,-9.1893853264004621e-01,-inf,0.0000000000000000e+00
-4.5920532422405664e-05,-9.1893853368768708e-01,-inf,0.0000000000000000e+00
1.3549248401021224e-05,-9.1893853272513049e-01,-inf,0.0000000000000000e+00
6.0687965638944264e-05,-9.1893853447485407e-01,-inf,0.0000000000000000e+00
-1.3324425255042907e-05,-9.1893853272210957e-01,-inf,0.0000000000000000e+00
6.1053654294867350e-05,-9.1893853449711382e-01,-inf,0.0000000000000000e+00
-3.3245652605900456e-05,-9.1893853318597618e-01,-inf,0.0000000000000000e+00
3.3323311082748936e-05,-9.1893853318856100e-01,-inf,0.0000000000000000e+00
-6.6263475084434628e-05,-9.1893853482876353e-01,-inf,0.0000000000000000e+00
-6.6202382630294610e-05,-9.1893853482471721e-01,-inf,0.0000000000000000e+00
5.7078420642714086e-05,-9.1893853426231253e-01,-inf,0.0000000000000000e+00
-4.1591076583886316e-06,-9.1893853264198855e-01,-inf,0.0000000000000000e+00
4.3349979387983508e-05,-9.1893853357294986e-01,-inf,0.0000000000000000e+00
-5.8958173396336379e-05,-9.1893853437137252e-01,-inf,0.0000000000000000e+00
-3.8270768550045271e-05,-9.1893853336566533e-01,-inf,0.0000000000000000e+00
1.4216439025681309e-05,-9.1893853273439308e-01,-inf,0.0000000000000000e+00
6.5245301511540767e-05,-9.1893853476181420e-01,-inf,0.0000000000000000e+00
1.2010283778300665e-05,-9.1893853270546288e-01,-inf,0.0000000000000000e+00
-5.8928813291796988e-05,-9.1893853436964201e-01,-inf,0.0000000000000000e+00
5.0098287698873724e-06,-9.1893853264588865e-01,-inf,0.0000000000000000e+00
2.1704576506555650e-05,-9.1893853286888383e-01,-inf,0.0000000000000000e+00
6.8931844696373077e-05,-9.1893853500913902e-01,-inf,0.0000000000000000e+00
-2.4438246921389530e-05,-9.1893853293195338e-01,-inf,0.0000000000000000e+00
-3.6408302235180006e-05,-9.1893853329612174e-01,-inf,0.0000000000000000e+00
9.0066415798887320e-06,-9.1893853267389924e-01,-inf,0.0000000000000000e+00
-3.9324134837509300e-05,-9.1893853340653331e-01,-inf,0.0000000000000000e+00
7.7083128256173403e-06,-9.1893853266304848e-01,-inf,0.0000000000000000e+00
-4.6326599843729121e-05,-9.1893853370641643e-01,-inf,0.0000000000000000e+00
5.5533915129378389e-06,-9.1893853264875958e-01,-inf,0.0000000000000000e+00
6.8668912948130668e-05,-9.1893853499104927e-01,-inf,0.0000000000000000e+00
1.7790001534090621e-05,-9.1893853279158155e-01,-inf,0.0000000000000000e+00
-4.1820400291824077e-05,-9.1893853350781241e-01,-inf,0.0000000000000000e+00
7.7526455061451130e-05,-9.1893853563851513e-01,-inf,0.0000000000000000e+00
5.7244100662915337e-05,-9.1893853427178296e-01,-inf,0.0000000000000000e+00
-4.1674311311121421e-05,-9.1893853350171362e-01,-inf,0.0000000000000000e+00
6.9109603143861222e-05,-9.1893853502140810e-01,-inf,0.0000000000000000e+00
