cmpt_0,logl,logv,weight
3.0225044978277955e+00,-5.4867052523279671e+00,-4.6101660193249021e+00,4.1208283266748554e-05
-2.1905955326571087e+00,-3.3182929264819805e+00,-4.6201660193248868e+00,3.5675583497953223e-04
2.0746739299075192e+00,-3.0710744903522946e+00,-4.6301660193248999e+00,4.5226579466008468e-04
-1.7951837535329465e+00,-2.5302808871076587e+00,-4.6401660193248961e+00,7.6897899276499068e-04
1.7201555995440903e+00,-2.3984061759547837e+00,-4.6501660193249013e+00,8.6864833249300738e-04
-1.7170897420414499e+00,-2.3931371237453263e+00,-4.6601660193248975e+00,8.6454850825765550e-04
-1.6987605635594907e+00,-2.3618322587858187e+00,-4.6701660193249008e+00,8.8316520643025732e-04
1.6710526560302426e+00,-2.3151470222462036e+00,-4.6801660193248891e+00,9.1616595000526145e-04
1.6627415731502060e+00,-2.3012933021743507e+00,-4.6901660193248995e+00,9.1970340892621300e-04
1.6009587011387190e+00,-2.2004729140092265e+00,-4.7001660193248913e+00,1.0071417270074972e-03
1.4848859408641191e+00,-2.0213816613212998e+00,-4.7101660193249000e+00,1.1926856325044245e-03
1.4552667310040424e+00,-1.9778391618169353e+00,-4.7201660193248962e+00,1.2333697996642530e-03
1.4210997178069116e+00,-1.9287007366087814e+00,-4.7301660193248987e+00,1.2825990448684414e-03
-1.4099443428819021e+00,-1.9129100576456788e+00,-4.7401660193249038e+00,1.2900477097752216e-03
-1.3247322048882366e+00,-1.7963962399673639e+00,-4.7501660193248929e+00,1.4350404252057507e-03
1.2946924607625228e+00,-1.7570528166109978e+00,-4.7601660193248980e+00,1.4777733225131830e-03
-1.2664690541491130e+00,-1.7209104651920140e+00,-4.7701660193248987e+00,1.5169151931185489e-03
1.2584817014127716e+00,-1.7108266290287317e+00,-4.7801660193248923e+00,1.5170423707993445e-03
-1.2581849705544448e+00,-1.7104532426978840e+00,-4.7901660193248956e+00,1.5025084583958361e-03
-1.2336140966280398e+00,-1.6798404023330469e+00,-4.8001660193248954e+00,1.5338008297485590e-03
-1.2321370313509452e+00,-1.6780193646464996e+00,-4.8101660193248987e+00,1.5213070931139818e-03
1.1857161306016877e+00,-1.6218999038178588e+00,-4.8201660193249003e+00,1.5931120315232235e-03
1.1814125283467201e+00,-1.6168063137006343e+00,-4.8301660193249010e+00,1.5853147149648677e-03
-1.1729841525031097e+00,-1.6068844436450589e+00,-4.8401660193248999e+00,1.5851908592527768e-03
1.1720338994731430e+00,-1.6057702633904500e+00,-4.8501660193248908e+00,1.5711675356490842e-03
-1.1615232040112142e+00,-1.5935066093615777e+00,-4.8601660193248915e+00,1.5747281438433119e-03
-1.1605261102312967e+00,-1.5923489588976314e+00,-4.8701660193248957e+00,1.5608652278705257e-03
1.1474378308178157e+00,-1.5772453204292867e+00,-4.8801660193249008e+00,1.5688516823441771e-03
-1.1444447631713384e+00,-1.5738154406084899e+00,-4.8901660193249050e+00,1.5585779251144709e-03
1.1427972245807227e+00,-1.5719312808880410e+00,-4.9001660193248906e+00,1.5459799463518080e-03
-1.1344265906598521e+00,-1.5624003774314073e+00,-4.9101660193248922e+00,1.5452549025739188e-03
-1.1292674084518268e+00,-1.5565609725290921e+00,-4.9201660193249026e+00,1.5388390786794199e-03
1.1206157482091981e+00,-1.5468283602005699e+00,-4.9301660193248953e+00,1.5384276670870499e-03
1.1162330166017411e+00,-1.5419266063092509e+00,-4.9401660193248880e+00,1.5306043437790374e-03
-1.1051843446827605e+00,-1.5296547504992708e+00,-4.9501660193249064e+00,1.5340856091193200e-03
-1.1028064028834803e+00,-1.5270295137537400e+00,-4.9601660193248920e+00,1.5228137058362313e-03
-1.0710353063582481e+00,-1.4924968463662927e+00,-4.9701660193249033e+00,1.5606344125308122e-03
1.0681096776752164e+00,-1.4893676744050668e+00,-4.9801660193248907e+00,1.5499483150593276e-03
1.0675779719458105e+00,-1.4887998957253044e+00,-4.9901660193248940e+00,1.5353975902227259e-03
1.0634762998995484e+00,-1.4844294528573565e+00,-5.0001660193249080e+00,1.5267782660207084e-03
1.0625275750549874e+00,-1.4834209565094554e+00,-5.0101660193248980e+00,1.5131117669287555e-03
1.0597257251456056e+00,-1.4804478389010294e+00,-5.0201660193248872e+00,1.5025165776682682e-03
-1.0400180100967951e+00,-1.4597572632961882e+00,-5.0301660193248994e+00,1.5186655116363999e-03
-1.0202938108466375e+00,-1.4394382628593165e+00,-5.0401660193249072e+00,1.5344177556438361e-03
-1.0202565632423422e+00,-1.4394002600528770e+00,-5.0501660193248954e+00,1.5192077769390416e-03
1.0038601281101829e+00,-1.4228061110380359e+00,-5.0601660193248881e+00,1.5292587618303652e-03
1.0002148019423873e+00,-1.4191533576456639e+00,-5.0701660193248976e+00,1.5195829193060924e-03
9.8953853048472107e-01,-1.4085317842902700e+00,-5.0801660193248974e+00,1.5205277451689160e-03
9.8782800076317645e-01,-1.4068406121792265e+00,-5.0901660193249070e+00,1.5079462828182623e-03
9.4979062326208696e-01,-1.3699896466516313e+00,-5.1001660193248899e+00,1.5489845899599528e-03
9.4320324614860418e-01,-1.3637547144059716e+00,-5.1101660193248888e+00,1.5431635232600795e-03
9.3482261685558032e-01,-1.3558851951256972e+00,-5.1201660193249117e+00,1.5398793428101473e-03
-9.3325656582788696e-01,-1.3544224414637700e+00,-5.1301660193248875e+00,1.5267889709016100e-03
-9.0451949265991560e-01,-1.3280162889342151e+00,-5.1401660193248944e+00,1.5520443086215045e-03
-9.0445303088280904e-01,-1.3279561751698892e+00,-5.1501660193248933e+00,1.5366935833814859e-03
8.9478519058143080e-01,-1.3192588012752631e+00,-5.1601660193249019e+00,1.5346931493954313e-03
-8.8704011942125582e-01,-1.3123586193647774e+00,-5.1701660193248982e+00,1.5299432455314836e-03
-8.7535947310065476e-01,-1.3020656362068674e+00,-5.1801660193248997e+00,1.5303915588058918e-03
8.7350503858446882e-01,-1.3004440588495667e+00,-5.1901660193249066e+00,1.5176228570021951e-03
8.5784847685751231e-01,-1.2868905372567163e+00,-5.2001660193248975e+00,1.5230253558575282e-03
8.2156684043424866e-01,-1.2564245692838965e+00,-5.2101660193248884e+00,1.5545166951968620e-03
8.0146380767156500e-01,-1.2401106501370411e+00,-5.2201660193248891e+00,1.5643628390908382e-03
-7.9819956968772965e-01,-1.2374998091581779e+00,-5.2301660193248987e+00,1.5528461151590219e-03
-7.9232183880239537e-01,-1.2328254807549439e+00,-5.2401660193248967e+00,1.5445981491830306e-03
-7.8862827683251902e-01,-1.2299058121432536e+00,-5.2501660193248982e+00,1.5337005074084536e-03
-7.7079853638103468e-01,-1.2160037244769120e+00,-5.2601660193248856e+00,1.5396968327273490e-03
-7.4024751354524054e-01,-1.1929217232882949e+00,-5.2701660193249014e+00,1.5599714758284735e-03
7.3880288091582225e-01,-1.1918533810580989e+00,-5.2801660193248923e+00,1.5461003826176415e-03
-7.3755200773628171e-01,-1.1909300146912496e+00,-5.2901660193249151e+00,1.5321304915852244e-03
-7.3237380910277994e-01,-1.1871242307631971e+00,-5.3001660193248936e+00,1.5226694763066544e-03
7.2934918654353442e-01,-1.1849136505891971e+00,-5.3101660193248952e+00,1.5108548388229500e-03
-7.2765739909419203e-01,-1.1836811778616017e+00,-5.3201660193249030e+00,1.4976662778360857e-03
-7.2718264113238984e-01,-1.1833358294154785e+00,-5.3301660193248930e+00,1.4832764081443837e-03
-7.2395320688553155e-01,-1.1809926555132622e+00,-5.3401660193248937e+00,1.4719625878839391e-03
7.2278599097145291e-01,-1.1801483270056321e+00,-5.3501660193248943e+00,1.4585472887290304e-03
-7.1897717010575013e-01,-1.1774026181999759e+00,-5.3601660193249012e+00,1.4480048471790410e-03
7.1055418195562270e-01,-1.1713821553806516e+00,-5.3701660193248957e+00,1.4422539086783584e-03
-6.9193617248973105e-01,-1.1583263660332088e+00,-5.3801660193248910e+00,1.4466678734473290e-03
-6.8964107277448994e-01,-1.1567409372621142e+00,-5.3901660193249050e+00,1.4345458558965556e-03
-6.8819586440946667e-01,-1.1557453065284859e+00,-5.4001660193248888e+00,1.4216866566535461e-03
6.7439228211523827e-01,-1.1463410077216389e+00,-5.4101660193248966e+00,1.4208400084155962e-03
-6.7391412372520332e-01,-1.1460186557114938e+00,-5.4201660193249124e+00,1.4071559405605251e-03
-6.7289034575220119e-01,-1.1453292413365979e+00,-5.4301660193248917e+00,1.3941152969071534e-03
6.6452360613304517e-01,-1.1397343441873726e+00,-5.4401660193249004e+00,1.3879875821542777e-03
6.6344031834681483e-01,-1.1390150606374010e+00,-5.4501660193248966e+00,1.3751656533420485e-03
-6.5249284854014467e-01,-1.1318119913313556e+00,-5.4601660193248893e+00,1.3713247841433004e-03
6.4434999600883580e-01,-1.1265319913116327e+00,-5.4701660193248998e+00,1.3648673826450249e-03
6.1612871024884097e-01,-1.1087458264297896e+00,-5.4801660193248960e+00,1.3755359448223920e-03
-6.0544447316524719e-01,-1.1022200376765112e+00,-5.4901660193248976e+00,1.3707653342256070e-03
-6.0109164283145311e-01,-1.0995941141742471e+00,-5.5001660193248920e+00,1.3606943834070986e-03
-5.9668590060083537e-01,-1.0969555646212545e+00,-5.5101660193248962e+00,1.3507144774898999e-03
5.7546072326344266e-01,-1.0845160546427817e+00,-5.5201660193248889e+00,1.3540135813981291e-03
-5.7532780434887931e-01,-1.0844395738617907e+00,-5.5301660193248949e+00,1.3406434506946453e-03
-5.7436429641700704e-01,-1.0838857051326412e+00,-5.5401660193249169e+00,1.3280391811865944e-03
5.7055891358212685e-01,-1.0817072695673480e+00,-5.5501660193248945e+00,1.3176923540953742e-03
5.6916424698512580e-01,-1.0809125026564121e+00,-5.5601660193249005e+00,1.3056183461238814e-03
5.5859776000904016e-01,-1.0749542613768981e+00,-5.5701660193248888e+00,1.3003520016039354e-03
5.5452886836562842e-01,-1.0726896655587717e+00,-5.5801660193249027e+00,1.2903320574150241e-03
-5.5313850866109793e-01,-1.0719196375152511e+00,-5.5901660193248945e+00,1.2784771232279802e-03
-5.5133281627383124e-01,-1.0709224697835564e+00,-5.6001660193248943e+00,1.2670188639138727e-03
-5.4633868232809213e-01,-1.0681815105373373e+00,-5.6101660193248959e+00,1.2578548236563036e-03
5.4033491363981545e-01,-1.0649194420824128e+00,-5.6201660193248966e+00,1.2494079730684103e-03
5.4006170638548689e-01,-1.0647718559853414e+00,-5.6301660193248981e+00,1.2371587299766576e-03
5.2691237956427506e-01,-1.0577568605023828e+00,-5.6401660193248970e+00,1.2334713117973276e-03
5.2549238689134914e-01,-1.0570096569737231e+00,-5.6501660193248862e+00,1.2221108916746859e-03
5.2332096298124009e-01,-1.0558709477811457e+00,-5.6601660193248939e+00,1.2113292518376121e-03
-5.2124876585802049e-01,-1.0547886705875942e+00,-5.6701660193248991e+00,1.2005749764359666e-03
5.0622625543489452e-01,-1.0470710434791570e+00,-5.6801660193248944e+00,1.1978379413110057e-03
-5.0303215074956886e-01,-1.0454592049772080e+00,-5.6901660193249093e+00,1.1878323063192287e-03
5.0026473932664450e-01,-1.0440709373401171e+00,-5.7001660193248957e+00,1.1776469322103032e-03
-4.9040044157921425e-01,-1.0391848291838837e+00,-5.7101660193248964e+00,1.1716399457994062e-03
-4.8528696429247059e-01,-1.0366902514894403e+00,-5.7201660193248935e+00,1.1628792108491874e-03
-4.8118693019060060e-01,-1.0347089635264664e+00,-5.7301660193249049e+00,1.1535917040102774e-03
4.7350277973685728e-01,-1.0310409738426050e+00,-5.7401660193248940e+00,1.1463102269626034e-03
-4.6936019469657697e-01,-1.0290880288161437e+00,-5.7501660193249133e+00,1.1371228209078347e-03
-4.6702398098792147e-01,-1.0279942320422426e+00,-5.7601660193248856e+00,1.1270403389340678e-03
4.6139002862359108e-01,-1.0253789118899785e+00,-5.7701660193248978e+00,1.1187481620746318e-03
-4.5905352005893640e-01,-1.0243035997725896e+00,-5.7801660193248940e+00,1.1088081058356896e-03
4.5560432161911091e-01,-1.0227261815723445e+00,-5.7901660193249018e+00,1.0995082980372101e-03
4.5359582589730707e-01,-1.0218131192690696e+00,-5.8001660193249007e+00,1.0895623919882638e-03
4.5048517815842481e-01,-1.0204069805035534e+00,-5.8101660193248863e+00,1.0802389634919044e-03
-4.4788512597549907e-01,-1.0192390756683838e+00,-5.8201660193248959e+00,1.0707401989085135e-03
4.4656834667865269e-01,-1.0186501767609921e+00,-5.8301660193249027e+00,1.0607106233529266e-03
-4.4113119559368408e-01,-1.0162368984962959e+00,-5.8401660193248812e+00,1.0526937563346162e-03
4.3916635308599633e-01,-1.0153720754747664e+00,-5.8501660193249023e+00,1.0431210035334413e-03
4.3503774516900134e-01,-1.0135674524942040e+00,-5.8601660193249074e+00,1.0346071683293020e-03
4.3131530911265059e-01,-1.0119549805708101e+00,-5.8701660193248939e+00,1.0259656627532360e-03
-4.3016912879804708e-01,-1.0114612723187748e+00,-5.8801660193248937e+00,1.0162587453349157e-03
4.2777666276284609e-01,-1.0104349692355983e+00,-5.8901660193248944e+00,1.0071799434973906e-03
-4.1940901968725780e-01,-1.0068904955308529e+00,-5.9001660193248942e+00,1.0006990083189164e-03
4.1845849131312679e-01,-1.0064922871093687e+00,-5.9101660193248859e+00,9.9113648714332881e-04
4.0814548018030716e-01,-1.0022298991291463e+00,-5.9201660193248999e+00,9.8546601356619998e-04
4.0699396938033167e-01,-1.0017605781893186e+00,-5.9301660193249086e+00,9.7611846824940691e-04
4.0490107419318977e-01,-1.0009109725747389e+00,-5.9401660193248942e+00,9.6722734000060165e-04
-4.0480081766278975e-01,-1.0008703836235711e+00,-5.9501660193249002e+00,9.5764213606630794e-04
3.9857299105616195e-01,-9.9836874723306712e-01,-5.9601660193248973e+00,9.5048824189140099e-04
3.9619541218458254e-01,-9.9742393495139514e-01,-5.9701660193248847e+00,9.4192024339973554e-04
-3.9146996780708609e-01,-9.9556290048078000e-01,-5.9801660193249111e+00,9.3428510023845065e-04
3.9141747960306045e-01,-9.9554235430274562e-01,-5.9901660193249064e+00,9.2500781334538089e-04
3.8836110697727988e-01,-9.9435070733964859e-01,-6.0001660193248911e+00,9.1689579716364503e-04
3.8207796023967222e-01,-9.9193031648379371e-01,-6.0101660193249042e+00,9.0997235702652141e-04
3.7939202549885742e-01,-9.9090768713940225e-01,-6.0201660193248863e+00,9.0183975719197664e-04
3.7545039672774627e-01,-9.8942003283485047e-01,-6.0301660193249038e+00,8.9419556657153922e-04
-3.7084006088762522e-01,-9.8769970801290830e-01,-6.0401660193248912e+00,8.8682248322281983e-04
3.6400428629577347e-01,-9.8518809285418718e-01,-6.0501660193248936e+00,8.8020641792089724e-04
3.5434959019463369e-01,-9.8172034866889191e-01,-6.0601660193249005e+00,8.7447542297045477e-04
-3.5375449198871689e-01,-9.8150965293443704e-01,-6.0701660193248959e+00,8.6595668128888205e-04
3.4800942061398671e-01,-9.7949381105138078e-01,-6.0801660193248939e+00,8.5907027388797618e-04
-3.4548341182807701e-01,-9.7861792655752378e-01,-6.0901660193248954e+00,8.5126766755202641e-04
-3.4000110379408521e-01,-9.7673890792393758e-01,-6.1001660193248943e+00,8.4438253354818336e-04
-3.3767074540431358e-01,-9.7594929878429182e-01,-6.1101660193249021e+00,8.3664114570836763e-04
3.2751974733959532e-01,-9.7257312508203564e-01,-6.1201660193248895e+00,8.3111769347488118e-04
3.2605237365737255e-01,-9.7209360781714294e-01,-6.1301660193249070e+00,8.2324259865827439e-04
-3.2559230938313888e-01,-9.7194370859806223e-01,-6.1401660193248890e+00,8.1517338263242041e-04
-3.2522611420367076e-01,-9.7182454531334905e-01,-6.1501660193248942e+00,8.0715844987358954e-04
3.1926637601344332e-01,-9.6990404205971814e-01,-6.1601660193248957e+00,8.0066328994846537e-04
3.1601891436628576e-01,-9.6887250975196237e-01,-6.1701660193249035e+00,7.9351467109439516e-04
3.1548926237227465e-01,-9.6870526996944040e-01,-6.1801660193248864e+00,7.8575046594381445e-04
-3.1536156219790251e-01,-9.6866499008929019e-01,-6.1901660193249004e+00,7.7796345381957296e-04
-3.1286857155159697e-01,-9.6788190416570785e-01,-6.2001660193248940e+00,7.7082597480475790e-04
3.0716302729330280e-01,-9.6611309530133260e-01,-6.2101660193249044e+00,7.6450720007114475e-04
-3.0699505040170988e-01,-9.6606151311891364e-01,-6.2201660193248891e+00,7.5693926990300542e-04
3.0647962649878113e-01,-9.6590341336275565e-01,-6.2301660193249182e+00,7.4952608885063825e-04
3.0185248244926399e-01,-9.6449599321373103e-01,-6.2401660193248949e+00,7.4311331666617776e-04
-3.0111406190861356e-01,-9.6427337177289163e-01,-6.2501660193249009e+00,7.3588302072656023e-04
3.0040597312821771e-01,-9.6406040697889517e-01,-6.2601660193249007e+00,7.2871603666587576e-04
-2.9525487690713298e-01,-9.6252625380206258e-01,-6.2701660193248960e+00,7.2257287853003051e-04
-2.8069553871753328e-01,-9.5833352536130256e-01,-6.2801660193248861e+00,7.1838886222114337e-04
2.7319197809115225e-01,-9.5625546108001780e-01,-6.2901660193248929e+00,7.1272031441434170e-04
2.6814682904567416e-01,-9.5488989359696452e-01,-6.3001660193249061e+00,7.0659287052489384e-04
2.6440257706528236e-01,-9.5389289401272070e-01,-6.3101660193248987e+00,7.0025996496903052e-04
2.5755603186995307e-01,-9.5210608740963765e-01,-6.3201660193248861e+00,6.9453214847910736e-04
2.5660865684287149e-01,-9.5186253401669074e-01,-6.3301660193249081e+00,6.8778893106540614e-04
-2.5442206676476248e-01,-9.5130382666176605e-01,-6.3401660193248830e+00,6.8132587231233628e-04
2.5286385242516518e-01,-9.5090859656498727e-01,-6.3501660193249094e+00,6.7481322040795276e-04
2.4582384322533388e-01,-9.4915321358237625e-01,-6.3601660193248941e+00,6.6927251572663268e-04
2.4525912344747416e-01,-9.4901455145045110e-01,-6.3701660193248877e+00,6.6270502864947220e-04
-2.4355839581756650e-01,-9.4859887871995263e-01,-6.3801660193248928e+00,6.5638378758199134e-04
2.3827523239467485e-01,-9.4732607581970762e-01,-6.3901660193248988e+00,6.5068032073418557e-04
-2.3701396005113728e-01,-9.4702634126290053e-01,-6.4001660193248995e+00,6.4439906309054411e-04
-2.3464802682555888e-01,-9.4646838087990359e-01,-6.4101660193248904e+00,6.3834325618265569e-04
-2.3419211881531715e-01,-9.4636150689094323e-01,-6.4201660193248964e+00,6.3205918173497150e-04
-2.2790152231346938e-01,-9.4490808456973785e-01,-6.4301660193248935e+00,6.2668025727999018e-04
2.2767633390491787e-01,-9.4485678914353133e-01,-6.4401660193249013e+00,6.2047651132474319e-04
2.2335032757406781e-01,-9.4388121704706118e-01,-6.4501660193249020e+00,6.1490225584649998e-04
-2.2016350062317774e-01,-9.4317451613666548e-01,-6.4601660193249000e+00,6.0921425634946180e-04
-2.1649664084909354e-01,-9.4237393038281014e-01,-6.4701660193248838e+00,6.0363554183700402e-04
-2.1569185347948025e-01,-9.4220002046204621e-01,-6.4801660193249280e+00,5.9773321053747583e-04
2.1454726592234671e-01,-9.4195379729071660e-01,-6.4901660193248931e+00,5.9193139500259245e-04
2.1256703718185252e-01,-9.4153090528147498e-01,-6.5001660193248920e+00,5.8628946392470078e-04
-2.1218439620609303e-01,-9.4144964163001155e-01,-6.5101660193248971e+00,5.8050295816089589e-04
-2.0674704359976126e-01,-9.4031070265196026e-01,-6.5201660193249014e+00,5.7538180894173589e-04
-2.0511412760452682e-01,-9.3997443530482250e-01,-6.5301660193248852e+00,5.6984825343113022e-04
1.9933440198278551e-01,-9.3880563454025678e-01,-6.5401660193249009e+00,5.6483796595724529e-04
-1.9622672571073832e-01,-9.3819099657491811e-01,-6.5501660193249043e+00,5.5956155639380796e-04
1.9522508836788452e-01,-9.3799495019746360e-01,-6.5601660193248890e+00,5.5410244500966540e-04
1.9494971640442310e-01,-9.3794122859642193e-01,-6.5701660193248967e+00,5.4861850543465025e-04
-1.9221282473859508e-01,-9.3741141763033442e-01,-6.5801660193249019e+00,5.4344750828737613e-04
-1.8975427617947399e-01,-9.3694187529753747e-01,-6.5901660193248821e+00,5.3829280716230802e-04
-1.8602188229026903e-01,-9.3624060297874678e-01,-6.6001660193249112e+00,5.3331056907295895e-04
-1.8569555349985906e-01,-9.3617995192814896e-01,-6.6101660193249039e+00,5.2803606521828624e-04
-1.8557875132531343e-01,-9.3615826910507072e-01,-6.6201660193248770e+00,5.2279335409585314e-04
1.8556511382894181e-01,-9.3615573836851351e-01,-6.6301660193249310e+00,5.1759278319706210e-04
1.8445562879282706e-01,-9.3595047213001803e-01,-6.6401660193248597e+00,5.1254784692547910e-04
-1.8389398598694395e-01,-9.3584703167442262e-01,-6.6501660193249164e+00,5.0750040399502442e-04
-1.8381543271129602e-01,-9.3583258928475999e-01,-6.6601660193248859e+00,5.0245794724398636e-04
-1.8344223450381270e-01,-9.3576405933321538e-01,-6.6701660193249168e+00,4.9749249910352521e-04
-1.8287482468731564e-01,-9.3566013338554765e-01,-6.6801660193248669e+00,4.9259355662105344e-04
1.8145564036796691e-01,-9.3540160734401390e-01,-6.6901660193249173e+00,4.8781826626348923e-04
1.7941452875393654e-01,-9.3503331919733801e-01,-6.7001660193248824e+00,4.8314229623309170e-04
1.7432686041832363e-01,-9.3413345976499429e-01,-6.7101660193249124e+00,4.7876557800263135e-04
1.7385959196282516e-01,-9.3405211149207945e-01,-6.7201660193248767e+00,4.7404034170098766e-04
1.7248110740608541e-01,-9.3381339883935421e-01,-6.7301660193249155e+00,4.6943560833676105e-04
1.7234756751224903e-01,-9.3379037464703407e-01,-6.7401660193248771e+00,4.6477534694355034e-04
1.7100763609125696e-01,-9.3356033843409936e-01,-6.7501660193249133e+00,4.6025661848496423e-04
-1.6547372783334974e-01,-9.3262930993487225e-01,-6.7601660193248811e+00,4.5610143443076533e-04
1.6490313917446323e-01,-9.3253505528813563e-01,-6.7701660193249182e+00,4.5160571326193156e-04
-1.6434833257594975e-01,-9.3244371984358698e-01,-6.7801660193248727e+00,4.4715300038818703e-04
1.6218811920950499e-01,-9.3209102563969781e-01,-6.7901660193249160e+00,4.4285992028062090e-04
-1.6195352327021273e-01,-9.3205300448315709e-01,-6.8001660193248785e+00,4.3847006126992928e-04
-1.6137665892937963e-01,-9.3195974565694417e-01,-6.8101660193249165e+00,4.3414769748105665e-04
-1.5970323180125279e-01,-9.3169109375722181e-01,-6.8201660193248683e+00,4.2994334529626908e-04
1.5850370279191150e-01,-9.3150024453271274e-01,-6.8301660193249196e+00,4.2574658318426728e-04
-1.5772038553858284e-01,-9.3137639264055905e-01,-6.8401660193248786e+00,4.2156254198626170e-04
1.5685193075163964e-01,-9.3123979672359802e-01,-6.8501660193249103e+00,4.1742493925662946e-04
1.5477606866996244e-01,-9.3091634834980397e-01,-6.8601660193249190e+00,4.1340518532603435e-04
1.5434320759242295e-01,-9.3084944549829840e-01,-6.8701660193248753e+00,4.0931911870328532e-04
1.5195764688196697e-01,-9.3048409585629177e-01,-6.8801660193249150e+00,4.0539440907195199e-04
-1.4830292671946985e-01,-9.2993541167011973e-01,-6.8901660193248739e+00,4.0158094798238206e-04
-1.4809380985414924e-01,-9.2990442089189795e-01,-6.9001660193249190e+00,3.9759747245093311e-04
-1.4734031515500684e-01,-9.2979311686832788e-01,-6.9101660193248833e+00,3.9368512779938317e-04
-1.4682966185034094e-01,-9.2971800743288224e-01,-6.9201660193249088e+00,3.8979717167331326e-04
1.4403584243763728e-01,-9.2931169458669938e-01,-6.9301660193248731e+00,3.8607546056598931e-04
-1.4351106778182579e-01,-9.2923624592127940e-01,-6.9401660193249235e+00,3.8226278567700275e-04
1.4173597311671038e-01,-9.2898307567100991e-01,-6.9501660193248753e+00,3.7855503415001337e-04
1.3917504660620761e-01,-9.2862337943225948e-01,-6.9601660193249106e+00,3.7492318283267070e-04
-1.3829420915744439e-01,-9.2850117677658095e-01,-6.9701660193248811e+00,3.7123799832966401e-04
-1.3685332302257769e-01,-9.2830294864450047e-01,-6.9801660193249200e+00,3.6761698333340496e-04
1.3470900659575738e-01,-9.2801179086234742e-01,-6.9901660193248638e+00,3.6406511819507949e-04
-1.3464877280870816e-01,-9.2800367864278499e-01,-7.0001660193249240e+00,3.6044553374433799e-04
-1.3221953806363052e-01,-9.2767953575621942e-01,-7.0101660193248723e+00,3.5697473282816683e-04
-1.3052673162884118e-01,-9.2745714646819322e-01,-7.0201660193249227e+00,3.5350138106870430e-04
1.2709970096863385e-01,-9.2701569962649755e-01,-7.0301660193248745e+00,3.5013851698801246e-04
1.2613195787998072e-01,-9.2689316803265809e-01,-7.0401660193249143e+00,3.4669705927385338e-04
1.2581420047238945e-01,-9.2685313915359280e-01,-7.0501660193248732e+00,3.4326110597771503e-04
1.2555479843995651e-01,-9.2682053633898853e-01,-7.0601660193249218e+00,3.3985668100951661e-04
1.2481617778175863e-01,-9.2672807175136329e-01,-7.0701660193248737e+00,3.3650616399725033e-04
-1.2389757121227815e-01,-9.2661383670949027e-01,-7.0801660193249205e+00,3.3319593219833745e-04
-1.2223518194240129e-01,-9.2640925248558548e-01,-7.0901660193248635e+00,3.2994807254476365e-04
-1.1612617707216853e-01,-9.2568117713403775e-01,-7.1001660193249299e+00,3.2690295773107436e-04
1.1522770506060831e-01,-9.2557724464010671e-01,-7.1101660193249048e+00,3.2368385847627603e-04
1.1440269734641938e-01,-9.2548252121340768e-01,-7.1201660193248903e+00,3.2049350707718296e-04
-1.1196854077045912e-01,-9.2520700969447245e-01,-7.1301660193249061e+00,3.1739197650002519e-04
1.1008381536501174e-01,-9.2499775583599841e-01,-7.1401660193248810e+00,3.1429963509787179e-04
-1.0857101569310834e-01,-9.2483236535765601e-01,-7.1501660193249181e+00,3.1122377066798837e-04
1.0816214559665016e-01,-9.2478805750337489e-01,-7.1601660193248691e+00,3.0814069515920151e-04
-1.0587520630057537e-01,-9.2454331228793418e-01,-7.1701660193249195e+00,3.0514931871094398e-04
1.0520379716695694e-01,-9.2447245210251261e-01,-7.1801660193248802e+00,3.0213444080243597e-04
-1.0440461197871424e-01,-9.2438869413455238e-01,-7.1901660193249199e+00,2.9915320830186363e-04
-1.0254602787310070e-01,-9.2419637654961484e-01,-7.2001660193248691e+00,2.9623354958773569e-04
1.0205056888836572e-01,-9.2414569193855900e-01,-7.2101660193249142e+00,2.9330084198262064e-04
-1.0176788705614666e-01,-9.2411688405127579e-01,-7.2201660193248784e+00,2.9039081526877346e-04
1.0040586212431732e-01,-9.2397920120780319e-01,-7.2301660193249093e+00,2.8754096511154795e-04
-1.0038518218431985e-01,-9.2397712503442897e-01,-7.2401660193248807e+00,2.8468047575018175e-04
-9.9582371831594171e-02,-9.2389685702314239e-01,-7.2501660193249204e+00,2.8187048196310266e-04
9.8636338378120400e-02,-9.2380309625766099e-01,-7.2601660193248732e+00,2.7909199045832416e-04
9.8350708307349599e-02,-9.2377496354561817e-01,-7.2701660193249209e+00,2.7632275235305156e-04
9.5883999278118526e-02,-9.2353540329212258e-01,-7.2801660193248701e+00,2.7363884016686304e-04
-9.5357492771741437e-02,-9.2348505834719585e-01,-7.2901660193249196e+00,2.7092972781338524e-04
9.5237792201085858e-02,-9.2347365116500812e-01,-7.3001660193248741e+00,2.6823699179014414e-04
9.1782689571696260e-02,-9.2315056368584669e-01,-7.3101660193249165e+00,2.6565380468157010e-04
-9.0753991958045677e-02,-9.2305667616150000e-01,-7.3201660193248701e+00,2.6303519972427895e-04
-8.9479003850713890e-02,-9.2294177869839755e-01,-7.3301660193249187e+00,2.6044787883866181e-04
8.8134943815669733e-02,-9.2282241679403509e-01,-7.3401660193248670e+00,2.5788715920996763e-04
8.7809989671096433e-02,-9.2279382977635849e-01,-7.3501660193249228e+00,2.5532843807610364e-04
-8.7473150187910659e-02,-9.2276430863523784e-01,-7.3601660193249163e+00,2.5279534036544643e-04
-8.6311676710656038e-02,-9.2266338540164183e-01,-7.3701660193248806e+00,2.5030524504140013e-04
-8.6004987751930481e-02,-9.2263696159244435e-01,-7.3801660193249123e+00,2.4782121453374722e-04
8.4576832638216470e-02,-9.2251515294289588e-01,-7.3901660193248775e+00,2.4538524047306392e-04
8.4328743802715406e-02,-9.2249420114901148e-01,-7.4001660193249128e+00,2.4294870669275081e-04
8.3352942032776489e-02,-9.2241238910609913e-01,-7.4101660193248815e+00,2.4055100583494541e-04
8.2785930940309893e-02,-9.2236528781416638e-01,-7.4201660193249213e+00,2.3816870112440642e-04
8.2220651887326038e-02,-9.2231865043172789e-01,-7.4301660193248713e+00,2.3580988025160893e-04
-8.1514199010281646e-02,-9.2226081495348333e-01,-7.4401660193249155e+00,2.3347703560504360e-04
-8.1217513537986591e-02,-9.2223667488598593e-01,-7.4501660193248709e+00,2.3115948042313957e-04
-8.1195302257648871e-02,-9.2223487118769498e-01,-7.4601660193249204e+00,2.2885981795615234e-04
-8.0692448114793994e-02,-9.2219416822471878e-01,-7.4701660193248687e+00,2.2659184749124580e-04
7.9952436176561059e-02,-9.2213472865862300e-01,-7.4801660193249200e+00,2.2435055584099181e-04
7.9153509611356032e-02,-9.2207117167523700e-01,-7.4901660193248718e+00,2.2213234812523585e-04
7.8842422401072920e-02,-9.2204659641837405e-01,-7.5001660193249187e+00,2.1992749904006068e-04
-7.8601138275448651e-02,-9.2202760210243762e-01,-7.5101660193248811e+00,2.1774331970761935e-04
-7.8390397028093375e-02,-9.2201105980645048e-01,-7.5201660193249156e+00,2.1558030364020854e-04
-7.7663056211155268e-02,-9.2195430778336795e-01,-7.5301660193248807e+00,2.1344735700419426e-04
-7.6657343888856436e-02,-9.2187670681938672e-01,-7.5401660193249151e+00,2.1133991986138498e-04
7.5000171284783174e-02,-9.2175104547971287e-01,-7.5501660193248670e+00,2.0926334718374308e-04
-7.4841511942369418e-02,-9.2173915858824940e-01,-7.5601660193249183e+00,2.0718360484343488e-04
-7.4802510133526415e-02,-9.2173624039447766e-01,-7.5701660193248737e+00,2.0512269211769442e-04
7.4775544328545551e-02,-9.2173422364815460e-01,-7.5801660193249241e+00,2.0308209679395387e-04
-7.4550465019932233e-02,-9.2171741855068356e-01,-7.5901660193248759e+00,2.0106477505304774e-04
7.4507402619755025e-02,-9.2171420915591062e-01,-7.6001660193249183e+00,1.9906478599053380e-04
7.3695641710100707e-02,-9.2165405643687126e-01,-7.6101660193249154e+00,1.9709591377379355e-04
7.1662170313553555e-02,-9.2150626596036389e-01,-7.6201660193248788e+00,1.9516361785719237e-04
7.0706870666465221e-02,-9.2143826341306156e-01,-7.6301660193249159e+00,1.9323484742846258e-04
6.9997035946958497e-02,-9.2138832515401936e-01,-7.6401660193248722e+00,1.9132168260429226e-04
6.9340043151528724e-02,-9.2134255342546745e-01,-7.6501660193249155e+00,1.8942667024268676e-04
6.9312078438678926e-02,-9.2134061474208429e-01,-7.6601660193248744e+00,1.8754220696604631e-04
6.9185614326403883e-02,-9.2133185724820044e-01,-7.6701660193249159e+00,1.8567775689237856e-04
6.6450389827758596e-02,-9.2114635978747006e-01,-7.6801660193248740e+00,1.8386433554646179e-04
-6.6251505557851226e-02,-9.2113316362768050e-01,-7.6901660193249164e+00,1.8203725701704951e-04
6.5869232518935644e-02,-9.2110791052965624e-01,-7.7001660193248771e+00,1.8023050736709316e-04
6.4775089763532440e-02,-9.2103643876027630e-01,-7.7101660193249213e+00,1.7844993753232259e-04
-6.4725576360911655e-02,-9.2103323275096560e-01,-7.7201660193248687e+00,1.7667489740689289e-04
-6.2951257392648674e-02,-9.2091996303699719e-01,-7.7301660193249209e+00,1.7493676672068607e-04
-6.2650282155138251e-02,-9.2090106156039864e-01,-7.7401660193248754e+00,1.7319939050172757e-04
-6.1810025302735799e-02,-9.2084877224730188e-01,-7.7501660193249249e+00,1.7148499436981567e-04
-6.0518501594457555e-02,-9.2076977715095865e-01,-7.7601660193248740e+00,1.6979210238005082e-04
-5.7676933600411935e-02,-9.2060184696811265e-01,-7.7701660193249085e+00,1.6813087461124232e-04
-5.7214340167208957e-02,-9.2057527299372399e-01,-7.7801660193248710e+00,1.6646236796489646e-04
-5.7139453013625441e-02,-9.2057099117868757e-01,-7.7901660193249276e+00,1.6480674539961891e-04
5.6619952655753036e-02,-9.2054144215270928e-01,-7.8001660193248776e+00,1.6317171237757470e-04
5.5933311740932523e-02,-9.2050280031449361e-01,-7.8101660193249041e+00,1.6155436934916988e-04
5.5609130793654010e-02,-9.2048472034715234e-01,-7.8201660193248710e+00,1.5994976837604863e-04
5.5009578417658606e-02,-9.2045155949218371e-01,-7.8301660193249258e+00,1.5836349297066829e-04
5.4898002874214348e-02,-9.2044542799312812e-01,-7.8401660193248759e+00,1.5678871123444318e-04
-5.4679863737603897e-02,-9.2043347638252093e-01,-7.8501660193249148e+00,1.5523049273471779e-04
5.4442949261555393e-02,-9.2042054999548761e-01,-7.8601660193249234e+00,1.5368791014137628e-04
-5.4198732212997043e-02,-9.2040728392008753e-01,-7.8701660193248681e+00,1.5216070844677689e-04
5.4159545335094032e-02,-9.2040516080879153e-01,-7.8801660193249283e+00,1.5064700394089450e-04
5.4074954199217859e-02,-9.2040058296916327e-01,-7.8901660193248713e+00,1.4914872398387756e-04
5.3272677544788420e-02,-9.2035752171973495e-01,-7.9001660193249208e+00,1.4767102814619847e-04
-5.2901006142639373e-02,-9.2033779085879130e-01,-7.9101660193248717e+00,1.4620456157913458e-04
5.2829203461464413e-02,-9.2033399500252588e-01,-7.9201660193249150e+00,1.4475035133527107e-04
5.2743510585600180e-02,-9.2032947158778611e-01,-7.9301660193248669e+00,1.4331070952693537e-04
5.1749469920527924e-02,-9.2027753645186727e-01,-7.9401660193249226e+00,1.4189211313643481e-04
-5.1445486833365375e-02,-9.2026185169110042e-01,-7.9501660193248807e+00,1.4048246643764934e-04
-5.1050692470257515e-02,-9.2024161923418590e-01,-7.9601660193249080e+00,1.3908745659376917e-04
5.0937140205319698e-02,-9.2023582875948762e-01,-7.9701660193248740e+00,1.3770431064827836e-04
5.0491044504262561e-02,-9.2021320542090512e-01,-7.9801660193249182e+00,1.3633721423193543e-04
-5.0419698160608324e-02,-9.2020960561464293e-01,-7.9901660193248674e+00,1.3498112218917357e-04
-5.0281203994669260e-02,-9.2020263237091626e-01,-8.0001660193249204e+00,1.3363896947651667e-04
5.0190584581854221e-02,-9.2019808002367365e-01,-8.0101660193248758e+00,1.3230984183161399e-04
-5.0102432817752410e-02,-9.2019365952046817e-01,-8.0201660193249342e+00,1.3099391596650616e-04
4.9600957450496065e-02,-9.2016866012334242e-01,-8.0301660193248718e+00,1.2969374694975761e-04
4.9105336380497758e-02,-9.2014419966386041e-01,-8.0401660193249018e+00,1.2840641344737032e-04
4.8744273339684244e-02,-9.2012653472504635e-01,-8.0501660193248856e+00,1.2713099402729343e-04
4.8329229596851334e-02,-9.2010638985005200e-01,-8.0601660193249156e+00,1.2586855508185291e-04
4.7197007549020023e-02,-9.2005231139413057e-01,-8.0701660193248692e+00,1.2462288126380823e-04
4.6775966609211905e-02,-9.2003252815945247e-01,-8.0801660193249205e+00,1.2338530381284546e-04
-4.6757121502719011e-02,-9.2003164683894945e-01,-8.0901660193248794e+00,1.2215770718704773e-04
-4.6340680739991646e-02,-9.2001226197906238e-01,-8.1001660193249148e+00,1.2094456216237993e-04
-4.5881447535639552e-02,-9.1999108624732229e-01,-8.1101660193249181e+00,1.1974367929491311e-04
4.5849960548429020e-02,-9.1998964207448575e-01,-8.1201660193248699e+00,1.1855238098845282e-04
4.5292056986937529e-02,-9.1996421784639348e-01,-8.1301660193249230e+00,1.1737574923806556e-04
-4.4906468061135851e-02,-9.1994682807020234e-01,-8.1401660193248695e+00,1.1620986186525507e-04
-4.3767935193471996e-02,-9.1989634870888948e-01,-8.1501660193249172e+00,1.1505936239623823e-04
-4.2893670298146835e-02,-9.1985846610916255e-01,-8.1601660193248744e+00,1.1391881807093108e-04
4.2632400151739483e-02,-9.1984729340468852e-01,-8.1701660193249168e+00,1.1278656701596481e-04
4.2612544075609535e-02,-9.1984644708963736e-01,-8.1801660193248757e+00,1.1166441642653614e-04
4.2478047731681769e-02,-9.1984072490288693e-01,-8.1901660193249164e+00,1.1055396952743523e-04
4.2453113163469988e-02,-9.1983966604197465e-01,-8.2001660193248807e+00,1.0945405504751093e-04
4.1110037315826409e-02,-9.1978355021739377e-01,-8.2101660193249213e+00,1.0837105016317042e-04
-3.9313059672130772e-02,-9.1971129096373172e-01,-8.2201660193248713e+00,1.0730049337072083e-04
-3.8676117008404974e-02,-9.1968645364676338e-01,-8.2301660193249120e+00,1.0623547419425984e-04
3.7878302244611722e-02,-9.1965591552380654e-01,-8.2401660193248798e+00,1.0518162556466416e-04
-3.7163058323209298e-02,-9.1962907908530656e-01,-8.2501660193249204e+00,1.0413784555514720e-04
-3.7008140072807595e-02,-9.1962333384916373e-01,-8.2601660193248634e+00,1.0310224902394182e-04
-3.6955310184373522e-02,-9.1962138010875105e-01,-8.2701660193249236e+00,1.0207656393622606e-04
-3.6794890110042264e-02,-9.1961546460244448e-01,-8.2801660193248807e+00,1.0106148298282302e-04
-3.6709595045250731e-02,-9.1961232981753260e-01,-8.2901660193249125e+00,1.0005621807981627e-04
3.6250448041835581e-02,-9.1959558012495635e-01,-8.3001660193248803e+00,9.9062301324692758e-05
3.5900152642113881e-02,-9.1958294311320299e-01,-8.3101660193249103e+00,9.8077854360486237e-05
3.5818892913308080e-02,-9.1958002917810699e-01,-8.3201660193248763e+00,9.7102246353309192e-05
3.5536815056202431e-02,-9.1956996524550882e-01,-8.3301660193249134e+00,9.6137030370486228e-05
-3.5330736661362286e-02,-9.1956266310985668e-01,-8.3401660193248848e+00,9.5181145958543207e-05
-3.4877598286893477e-02,-9.1954675606447045e-01,-8.3501660193249077e+00,9.4235576729982491e-05
3.4751250796928507e-02,-9.1954235734931500e-01,-8.3601660193249305e+00,9.3298327466638428e-05
3.4105525992043612e-02,-9.1952012608493650e-01,-8.3701660193248717e+00,9.2372047122000640e-05
-3.3557677906139338e-02,-9.1950159150656552e-01,-8.3801660193249141e+00,9.1454624953408179e-05
3.3529917237864297e-02,-9.1950066030832844e-01,-8.3901660193248748e+00,9.0544720545762710e-05
3.3503820513863358e-02,-9.1949978562785206e-01,-8.4001660193249243e+00,8.9643863932896057e-05
-3.3491451956476584e-02,-9.1949937131041592e-01,-8.4101660193248691e+00,8.8751929354865991e-05
3.3317818038661975e-02,-9.1949357113276819e-01,-8.4201660193249168e+00,8.7869342559017280e-05
-3.3242469296044456e-02,-9.1949106351578869e-01,-8.4301660193248740e+00,8.6995246142690353e-05
3.3079615726100658e-02,-9.1948566312163271e-01,-8.4401660193249217e+00,8.6130094115735445e-05
-3.2480107850114029e-02,-9.1946601133631700e-01,-8.4501660193248753e+00,8.5274761144920743e-05
-3.2328422384594657e-02,-9.1946109608027782e-01,-8.4601660193249177e+00,8.4426678072244574e-05
3.2240321455417109e-02,-9.1945825179711382e-01,-8.4701660193248607e+00,8.3586856333775180e-05
3.2054382256871294e-02,-9.1945227434427423e-01,-8.4801660193249297e+00,8.2755647883367916e-05
3.1987462218003353e-02,-9.1945013150291355e-01,-8.4901660193248638e+00,8.1932390996666712e-05
-3.1828411632971343e-02,-9.1944505652687836e-01,-8.5001660193249293e+00,8.1117561753553643e-05
3.1567448596787236e-02,-9.1943678453879485e-01,-8.5101660193248705e+00,8.0311092857903899e-05
3.1404017768037605e-02,-9.1943163879932710e-01,-8.5201660193249147e+00,7.9512393281185742e-05
-3.1044958358758153e-02,-9.1942042735308793e-01,-8.5301660193248825e+00,7.8722114332844078e-05
-3.0857525658155208e-02,-9.1941462607821134e-01,-8.5401660193249089e+00,7.7939268353421163e-05
-3.0793038576018672e-02,-9.1941263824571151e-01,-8.5501660193248750e+00,7.7163913064620757e-05
-3.0627497486991388e-02,-9.1940755443449729e-01,-8.5601660193249245e+00,7.6396507685494479e-05
3.0537695850070001e-02,-9.1940480806725511e-01,-8.5701660193248728e+00,7.5636557458523223e-05
-3.0420577944504128e-02,-9.1940123841457833e-01,-8.5801660193249223e+00,7.4884228447376152e-05
2.9757025646375394e-02,-9.1938127292099903e-01,-8.5901660193248723e+00,7.4140598163622819e-05
2.9570956996694715e-02,-9.1937575338218969e-01,-8.6001660193249059e+00,7.3403292037157235e-05
-2.9552650211409584e-02,-9.1937521220059848e-01,-8.6101660193249216e+00,7.2672956407283487e-05
-2.9218621398538092e-02,-9.1936539655155503e-01,-8.6201660193249285e+00,7.1950554647017876e-05
2.9133649923300531e-02,-9.1936291741226617e-01,-8.6301660193248182e+00,7.1234811267248749e-05
-2.9079568514701122e-02,-9.1936134328584007e-01,-8.6401660193249246e+00,7.0526124069233710e-05
2.9046329278558901e-02,-9.1936037725561870e-01,-8.6501660193249190e+00,6.9824444862209869e-05
2.8949667366247007e-02,-9.1935757425364761e-01,-8.6601660193249117e+00,6.9129873798360282e-05
2.8659417755536105e-02,-9.1934921374638268e-01,-8.6701660193248262e+00,6.8442592273571312e-05
-2.8579037656633569e-02,-9.1934691333002916e-01,-8.6801660193249361e+00,6.7761732981823312e-05
2.7742282803214356e-02,-9.1932334976090624e-01,-8.6901660193249093e+00,6.7089073312602673e-05
-2.7412498188599289e-02,-9.1931425516180942e-01,-8.7001660193249268e+00,6.6422129959423074e-05
-2.6870625371708541e-02,-9.1929954788727286e-01,-8.7101660193248218e+00,6.5762185899009306e-05
2.6530572674639333e-02,-9.1929046827656158e-01,-8.7201660193249158e+00,6.5108432372826155e-05
-2.6138244092955093e-02,-9.1928013653547092e-01,-8.7301660193249244e+00,6.4461258639979041e-05
2.5825162436406618e-02,-9.1927200214077287e-01,-8.7401660193249224e+00,6.3820377537802801e-05
2.5597202739211566e-02,-9.1926614102737558e-01,-8.7501660193248281e+00,6.3185724508727913e-05
2.5573677603144773e-02,-9.1926553912641429e-01,-8.7601660193249113e+00,6.2557053698320995e-05
-2.4565053147848286e-02,-9.1924025355141781e-01,-8.7701660193249147e+00,6.1936166685648355e-05
-2.4510597096040566e-02,-9.1923891731834173e-01,-8.7801660193249216e+00,6.1319973467908524e-05
2.4470248047626927e-02,-9.1923792915309566e-01,-8.7901660193248361e+00,6.0709889528784783e-05
2.4441328093105792e-02,-9.1923722189281687e-01,-8.8001660193249105e+00,6.0105858545370500e-05
-2.3817512690873146e-02,-9.1922216958872938e-01,-8.8101660193249192e+00,5.9508690996365724e-05
-2.3759657258579953e-02,-9.1922079328986206e-01,-8.8201660193249243e+00,5.8916650714446122e-05
2.3752767228938869e-02,-9.1922062960885553e-01,-8.8301660193248264e+00,5.8330429792483571e-05
2.3551789072361228e-02,-9.1921587601759391e-01,-8.8401660193249132e+00,5.7750306839262299e-05
-2.3174700008940410e-02,-9.1920706599359170e-01,-8.8501660193249236e+00,5.7176185406521403e-05
-2.2884271407381848e-02,-9.1920037757226281e-01,-8.8601660193249199e+00,5.6607651470695588e-05
-2.2446493797701993e-02,-9.1919045517524456e-01,-8.8701660193249179e+00,5.6044952024999051e-05
-2.2177496474469427e-02,-9.1918445330827703e-01,-8.8801660193248253e+00,5.5487628463200547e-05
2.1875870594837296e-02,-9.1917780949048045e-01,-8.8901660193249210e+00,5.4935882317902207e-05
-2.1778673482770013e-02,-9.1917568794267401e-01,-8.9001660193249155e+00,5.4389376545243361e-05
-2.1645123805625669e-02,-9.1917278832561988e-01,-8.9101660193249224e+00,5.3848349345704488e-05
2.1545518017823780e-02,-9.1917063730666770e-01,-8.9201660193248227e+00,5.3312663993814481e-05
2.1333848709561589e-02,-9.1916609918372072e-01,-8.9301660193249202e+00,5.2782433656425938e-05
-2.1058452991455326e-02,-9.1916026185453614e-01,-8.9401660193249217e+00,5.2257544710021478e-05
-2.0613605456738876e-02,-9.1915099299830250e-01,-8.9501660193249108e+00,5.1738053002649692e-05
2.0485389097662142e-02,-9.1914835821658081e-01,-8.9601660193248343e+00,5.1223385736045509e-05
2.0317733255813090e-02,-9.1914493777566664e-01,-8.9701660193249229e+00,5.0713877995563488e-05
1.9788661764393201e-02,-9.1913432820055230e-01,-8.9801660193249120e+00,5.0209799180093732e-05
-1.9456886103470832e-02,-9.1912781784176123e-01,-8.9901660193249135e+00,4.9710526963143555e-05
1.9417945397750429e-02,-9.1912706093507446e-01,-9.0001660193248298e+00,4.9215936207305042e-05
1.9328112564128912e-02,-9.1912532060098528e-01,-9.0101660193249202e+00,4.8726314259839621e-05
-1.9319024407555070e-02,-9.1912514498536935e-01,-9.0201660193249253e+00,4.8241487804121553e-05
-1.9101369822592605e-02,-9.1912096379788921e-01,-9.0301660193249251e+00,4.7761676680390126e-05
-1.9096121280963461e-02,-9.1912086355732814e-01,-9.0401660193248290e+00,4.7286444797025812e-05
-1.9072781271343049e-02,-9.1912041812605172e-01,-9.0501660193249069e+00,4.6815957663168077e-05
1.8957199257966670e-02,-9.1911822033519264e-01,-9.0601660193249227e+00,4.6350232969233330e-05
-1.8951164837911899e-02,-9.1911810595769627e-01,-9.0701660193249172e+00,4.5889045694098754e-05
-1.8652684531898688e-02,-9.1911249395346273e-01,-9.0801660193248264e+00,4.5432697028127208e-05
1.8541584361549495e-02,-9.1911042780865770e-01,-9.0901660193249256e+00,4.4980727076068785e-05
1.8433913805093072e-02,-9.1910843722242630e-01,-9.1001660193249148e+00,4.4533250010765144e-05
-1.8378819893575590e-02,-9.1910742314367966e-01,-9.1101660193249199e+00,4.4090181480361236e-05
1.8167974013448558e-02,-9.1910357027321610e-01,-9.1201660193249197e+00,4.3651645028412118e-05
-1.7991997313294091e-02,-9.1910038861700027e-01,-9.1301660193248377e+00,4.3217441406083034e-05
-1.7883061746322971e-02,-9.1909843458205087e-01,-9.1401660193249104e+00,4.2787504287350921e-05
-1.7860905623511520e-02,-9.1909803860818551e-01,-9.1501660193249137e+00,4.2361778280387216e-05
-1.7772650242204154e-02,-9.1909646618165530e-01,-9.1601660193249241e+00,4.1940337491863552e-05
1.7769189407305895e-02,-9.1909640467943587e-01,-9.1701660193248227e+00,4.1523026714965908e-05
1.7559058812343809e-02,-9.1909269290652718e-01,-9.1801660193249273e+00,4.1110018286678918e-05
1.7301338280695772e-02,-9.1908820078649101e-01,-9.1901660193249111e+00,4.0701149604191342e-05
-1.7091227767523927e-02,-9.1908458766664014e-01,-9.2001660193249304e+00,4.0296311994170653e-05
-1.7051542104901538e-02,-9.1908391017741708e-01,-9.2101660193248271e+00,3.9895384019220981e-05
1.6457012044407169e-02,-9.1907394925605435e-01,-9.2201660193249193e+00,3.9498811758183608e-05
-1.6410064570985407e-02,-9.1907317774295139e-01,-9.2301660193249120e+00,3.9105822185122203e-05
1.6208909415604551e-02,-9.1906989700556108e-01,-9.2401660193249135e+00,3.8716839772580223e-05
1.5635557199381922e-02,-9.1906076795780700e-01,-9.2501660193248334e+00,3.8331950712750586e-05
1.5613297058947810e-02,-9.1906042015586498e-01,-9.2601660193249202e+00,3.7950554629711028e-05
1.5347395465165982e-02,-9.1905630390712156e-01,-9.2701660193249200e+00,3.7573094961720786e-05
1.5262229178544903e-02,-9.1905500045308863e-01,-9.2801660193249234e+00,3.7199284907819573e-05
1.5184270871695663e-02,-9.1905381367429195e-01,-9.2901660193248219e+00,3.6829189546653732e-05
1.5096848856148207e-02,-9.1905249005603218e-01,-9.3001660193249194e+00,3.6462781250548721e-05
-1.4947764064622383e-02,-9.1905025045860522e-01,-9.3101660193249209e+00,3.6100051364629587e-05
-1.4709126280724927e-02,-9.1904671183131059e-01,-9.3201660193249243e+00,3.5740976325658442e-05
1.4452074210276883e-02,-9.1904296385782913e-01,-9.3301660193248210e+00,3.5385480292847988e-05
1.4412516344853108e-02,-9.1904239294703483e-01,-9.3401660193249239e+00,3.5033408882010588e-05
-1.4258627999448270e-02,-9.1904018686955280e-01,-9.3501660193249112e+00,3.4684897156787786e-05
-1.4032275808740127e-02,-9.1903698501552578e-01,-9.3601660193249216e+00,3.4339886614812639e-05
1.3921227419190699e-02,-9.1903543291976786e-01,-9.3701660193249214e+00,3.3998251802461954e-05
1.3883333320579809e-02,-9.1903490610538463e-01,-9.3801660193248235e+00,3.3659981277350741e-05
1.3750063494582142e-02,-9.1903306475639202e-01,-9.3901660193249157e+00,3.3325120230758228e-05
-1.3341867250794032e-02,-9.1902753534420834e-01,-9.4001660193249190e+00,3.2993712179462831e-05
1.3009310316906155e-02,-9.1902315371080023e-01,-9.4101660193249153e+00,3.2665562386251073e-05
-1.2884523700262614e-02,-9.1902153810883080e-01,-9.4201660193248333e+00,3.2340586859307195e-05
1.2834128988922264e-02,-9.1902089006679166e-01,-9.4301660193249237e+00,3.2018813392935136e-05
-1.2573494647608655e-02,-9.1901757901716619e-01,-9.4401660193249128e+00,3.1700325837699614e-05
-1.2507511542288376e-02,-9.1901675155582974e-01,-9.4501660193249091e+00,3.1384928295213054e-05
-1.2243344244372671e-02,-9.1901348237248259e-01,-9.4601660193248378e+00,3.1072744623240688e-05
-1.2239183446935318e-02,-9.1901343143906333e-01,-9.4701660193249246e+00,3.0763567215260753e-05
-1.2192819547226017e-02,-9.1901286505759505e-01,-9.4801660193249191e+00,3.0457481857548833e-05
-1.2168907907131623e-02,-9.1901257379316559e-01,-9.4901660193249171e+00,3.0154433632397212e-05
-1.2138916681075638e-02,-9.1901220928243454e-01,-9.5001660193248281e+00,2.9854402886806076e-05
1.1759086074902930e-02,-9.1900767068599798e-01,-9.5101660193249202e+00,2.9557480763932779e-05
-1.1706911796021407e-02,-9.1900705852523934e-01,-9.5201660193249129e+00,2.9263396830273839e-05
-1.1638908195208356e-02,-9.1900626472532776e-01,-9.5301660193249216e+00,2.8972244164904010e-05
-1.1512286295440356e-02,-9.1900479900121357e-01,-9.5401660193248290e+00,2.8684007561616950e-05
1.0957747672256327e-02,-9.1899856875036390e-01,-9.5501660193249105e+00,2.8398773848570132e-05
-1.0954169816627002e-02,-9.1899852955152517e-01,-9.5601660193249280e+00,2.8116202429579077e-05
-1.0867208826933622e-02,-9.1899758074718352e-01,-9.5701660193249172e+00,2.7836467952412147e-05
1.0226604623705796e-02,-9.1899082435440427e-01,-9.5801660193248193e+00,2.7559676671823800e-05
1.0029884041829480e-02,-9.1898883192028569e-01,-9.5901660193249221e+00,2.7285507671639431e-05
-9.9557622840163729e-03,-9.1898809123466740e-01,-9.6001660193249201e+00,2.7014032342966192e-05
9.9424833785419619e-03,-9.1898795912120579e-01,-9.6101660193249252e+00,2.6745241763454426e-05
-9.9337726602111952e-03,-9.1898787255297187e-01,-9.6201660193249161e+00,2.6479124453740528e-05
-9.8649503909132609e-03,-9.1898719125644701e-01,-9.6301660193248182e+00,2.6215670623891121e-05
9.7584078606977806e-03,-9.1898614589532734e-01,-9.6401660193249246e+00,2.5954847474977797e-05
9.6756075296939390e-03,-9.1898534132387377e-01,-9.6501660193249208e+00,2.5696613102339950e-05
9.6145451502487045e-03,-9.1898475237256250e-01,-9.6601660193249206e+00,2.5440942513360395e-05
9.5395846520515085e-03,-9.1898403447100629e-01,-9.6701660193248262e+00,2.5187818988144952e-05
-9.4365272733448746e-03,-9.1898305665682978e-01,-9.6801660193249184e+00,2.4937220385670442e-05
9.1982852402950864e-03,-9.1898083685902043e-01,-9.6901660193249217e+00,2.4689145701850003e-05
-9.1363069601886303e-03,-9.1898026868577487e-01,-9.7001660193249073e+00,2.4443498485663849e-05
9.1125810074981842e-03,-9.1898005219964862e-01,-9.7101660193248343e+00,2.4200286851007105e-05
-8.9927224374459040e-03,-9.1897896716175798e-01,-9.7201660193249193e+00,2.3959515970488288e-05
8.9882231846807534e-03,-9.1897892671134829e-01,-9.7301660193249244e+00,2.3721115762821165e-05
-8.8618937271998707e-03,-9.1897779921355560e-01,-9.7401660193249100e+00,2.3485113196724573e-05
-8.8572274169362291e-03,-9.1897775787209712e-01,-9.7501660193248352e+00,2.3251433377247437e-05
8.7255714213876744e-03,-9.1897660043165430e-01,-9.7601660193249096e+00,2.3020104393956400e-05
8.4841093076271322e-03,-9.1897452268871138e-01,-9.7701660193249271e+00,2.2791097882118181e-05
8.4424572673916891e-03,-9.1897417017569538e-01,-9.7801660193249109e+00,2.2564330623371328e-05
8.4112723927970146e-03,-9.1897390738497242e-01,-9.7901660193248308e+00,2.2339817653027927e-05
-8.3850701359894676e-03,-9.1897368733393214e-01,-9.8001660193249229e+00,2.2117537620351620e-05
8.2906241932871536e-03,-9.1897289985809660e-01,-9.8101660193249209e+00,2.1897481687700998e-05
8.2124889564051222e-03,-9.1897225512076897e-01,-9.8201660193249207e+00,2.1679612082084497e-05
-8.1947662369256536e-03,-9.1897210973017840e-01,-9.8301660193248281e+00,2.1463899458264984e-05
8.1022395265793901e-03,-9.1897135577601252e-01,-9.8401660193249114e+00,2.1250346112043290e-05
-7.8850243851226985e-03,-9.1896961943811650e-01,-9.8501660193249254e+00,2.1038938166014334e-05
-7.8734146684989841e-03,-9.1896952796261056e-01,-9.8601660193249128e+00,2.0829599138919822e-05
7.8211910952773189e-03,-9.1896911814841387e-01,-9.8701660193249161e+00,2.0622349615879226e-05
7.7237368859417802e-03,-9.1896836068908105e-01,-9.8801660193248235e+00,2.0417169273889893e-05
-7.6402252844054597e-03,-9.1896771915453768e-01,-9.8901660193249263e+00,2.0214028013234327e-05
7.5278467857977927e-03,-9.1896686687195472e-01,-9.9001660193249155e+00,2.0012912130553052e-05
-7.5035871187940952e-03,-9.1896668454316410e-01,-9.9101660193249259e+00,1.9813783940313477e-05
7.3838331317080536e-03,-9.1896579312919791e-01,-9.9201660193248209e+00,1.9616650982600226e-05
7.2358615166761009e-03,-9.1896471147928371e-01,-9.9301660193249290e+00,1.9421483051270827e-05
7.0308643698450898e-03,-9.1896324916023309e-01,-9.9401660193249146e+00,1.9228264183909699e-05
-7.0028724778735396e-03,-9.1896305274481016e-01,-9.9501660193249215e+00,1.9036943497713682e-05
-6.8593186168582621e-03,-9.1896205775928330e-01,-9.9601660193248200e+00,1.8847541498027327e-05
-6.4112340654901220e-03,-9.1895908459446074e-01,-9.9701660193249140e+00,1.8660060806054671e-05
6.3554181544384983e-03,-9.1895872830329839e-01,-9.9801660193249155e+00,1.8474396681046853e-05
6.3162712272436510e-03,-9.1895848027444749e-01,-9.9901660193249349e+00,1.8290577899276717e-05
-6.2615553527922002e-03,-9.1895813617105748e-01,-1.0000166019324832e+01,1.8108589839583060e-05
6.1647356679056338e-03,-9.1895753461626706e-01,-1.0010166019324906e+01,1.7928417145031745e-05
-6.1026744159855912e-03,-9.1895715395085320e-01,-1.0020166019324913e+01,1.7750033170646728e-05
5.9841533400630774e-03,-9.1895643767893820e-01,-1.0030166019324934e+01,1.7573429976990471e-05
-5.8157375734912073e-03,-9.1895544403510132e-01,-1.0040166019324820e+01,1.7398588715115911e-05
-5.7521902928591084e-03,-9.1895507647992214e-01,-1.0050166019324921e+01,1.7225476196180746e-05
-5.6969653094561170e-03,-9.1895476034020807e-01,-1.0060166019324909e+01,1.7054085235751982e-05
-5.5873343514687424e-03,-9.1895414178591706e-01,-1.0070166019324937e+01,1.6884404696317652e-05
5.5189170903423429e-03,-9.1895376185626454e-01,-1.0080166019324814e+01,1.6716408413603044e-05
5.3744152175823935e-03,-9.1895297480280491e-01,-1.0090166019324927e+01,1.6550090396569803e-05
5.2098262754836011e-03,-9.1895210377824987e-01,-1.0100166019324906e+01,1.6385428517762368e-05
5.2093864359540470e-03,-9.1895210148685902e-01,-1.0110166019324932e+01,1.6222390817090907e-05
5.1844968156929370e-03,-9.1895197213695545e-01,-1.0120166019324918e+01,1.6060977408960854e-05
5.1140902081381447e-03,-9.1895160959266797e-01,-1.0130166019324829e+01,1.5901173778470932e-05
-5.0311286997670700e-03,-9.1895118876133630e-01,-1.0140166019324921e+01,1.5742961080920193e-05
-4.9928049375009215e-03,-9.1895099668391145e-01,-1.0150166019324912e+01,1.5586318994664545e-05
4.9904183254107573e-03,-9.1895098477087078e-01,-1.0160166019324924e+01,1.5431232713261830e-05
-4.9848849333514744e-03,-9.1895095717223885e-01,-1.0170166019324821e+01,1.5277689803954520e-05
-4.9787806910093161e-03,-9.1895092676192403e-01,-1.0180166019324924e+01,1.5125674710451490e-05
4.9587638982654531e-03,-9.1895082730303879e-01,-1.0190166019324915e+01,1.4975173221840595e-05
4.9480033597067430e-03,-9.1895077400196334e-01,-1.0200166019324918e+01,1.4826168548898933e-05
-4.9365452825857834e-03,-9.1895071737300293e-01,-1.0210166019324834e+01,1.4678646538212242e-05
-4.8858068223075687e-03,-9.1895046818749193e-01,-1.0220166019324910e+01,1.4532595186130437e-05
-4.8612446378093546e-03,-9.1895034848305379e-01,-1.0230166019324926e+01,1.4387995170278923e-05
-4.7810629843845504e-03,-9.1894996191496980e-01,-1.0240166019324919e+01,1.4244837732917154e-05
-4.7607513058940346e-03,-9.1894986500983777e-01,-1.0250166019324823e+01,1.4103100595922629e-05
-4.7578064228303053e-03,-9.1894985099431803e-01,-1.0260166019324917e+01,1.3962772596035190e-05
-4.7480058206172994e-03,-9.1894980441297580e-01,-1.0270166019324925e+01,1.3823841331315042e-05
4.7379884363916245e-03,-9.1894975690055114e-01,-1.0280166019324911e+01,1.3686292462112451e-05
4.7278230480315916e-03,-9.1894970878872617e-01,-1.0290166019324831e+01,1.3550112228678606e-05
4.6934966361763010e-03,-9.1894954708867638e-01,-1.0300166019324918e+01,1.3415288528537318e-05
-4.6086642186366419e-03,-9.1894915252627951e-01,-1.0310166019324917e+01,1.3281809417877023e-05
4.5072076236888324e-03,-9.1894869009362101e-01,-1.0320166019324926e+01,1.3149659286887650e-05
-4.4953847403265794e-03,-9.1894863687532125e-01,-1.0330166019324832e+01,1.3018818683681941e-05
-4.4317826747582003e-03,-9.1894835298217759e-01,-1.0340166019324913e+01,1.2889282932567350e-05
-4.4160403353686135e-03,-9.1894828333946121e-01,-1.0350166019324915e+01,1.2761033313247269e-05
-4.4045053394972519e-03,-9.1894823246698232e-01,-1.0360166019324931e+01,1.2634059552973751e-05
4.3913952106674342e-03,-9.1894817480928759e-01,-1.0370166019324907e+01,1.2508349281201617e-05
-4.3101538796439659e-03,-9.1894782134657260e-01,-1.0380166019324827e+01,1.2383893503575027e-05
-4.3028740513938908e-03,-9.1894778999589055e-01,-1.0390166019324919e+01,1.2260672088761153e-05
-4.2613380227244325e-03,-9.1894761213421139e-01,-1.0400166019324926e+01,1.2138678522136514e-05
-4.2248994572017711e-03,-9.1894745752105123e-01,-1.0410166019324912e+01,1.2017898510901143e-05
4.2007691765870037e-03,-9.1894735586417697e-01,-1.0420166019324832e+01,1.1898319632278934e-05
4.1505360697270625e-03,-9.1894714610817252e-01,-1.0430166019324925e+01,1.1779931844742293e-05
4.1458609133795815e-03,-9.1894712671469603e-01,-1.0440166019324909e+01,1.1662719790644493e-05
4.1227024896029908e-03,-9.1894703097124830e-01,-1.0450166019324922e+01,1.1546674895308993e-05
4.0723920544462680e-03,-9.1894682482186207e-01,-1.0460166019324834e+01,1.1431785917112759e-05
4.0676196618267702e-03,-9.1894680539819606e-01,-1.0470166019324921e+01,1.1318037966530374e-05
3.9959187766964270e-03,-9.1894651631677449e-01,-1.0480166019324907e+01,1.1205424846410011e-05
-3.9690189075913089e-03,-9.1894640918888393e-01,-1.0490166019324928e+01,1.1093930194746069e-05
-3.9584272975363571e-03,-9.1894636720667444e-01,-1.0500166019324826e+01,1.0983544206047782e-05
3.9340036776711277e-03,-9.1894627082580738e-01,-1.0510166019324917e+01,1.0874257163243535e-05
-3.8573032862807277e-03,-9.1894597202766060e-01,-1.0520166019324920e+01,1.0766059713493138e-05
-3.8075808119508122e-03,-9.1894578146915928e-01,-1.0530166019324913e+01,1.0658937660628578e-05
3.6951144822153156e-03,-9.1894535956885781e-01,-1.0540166019324840e+01,1.0552883911112804e-05
-3.6848431072796974e-03,-9.1894532166770215e-01,-1.0550166019324916e+01,1.0447881357757462e-05
-3.6482629585310048e-03,-9.1894518754464671e-01,-1.0560166019324909e+01,1.0343924588637564e-05
-3.6208384492388158e-03,-9.1894508786887719e-01,-1.0570166019324919e+01,1.0241001840074136e-05
-3.6141871513553489e-03,-9.1894506380772201e-01,-1.0580166019324839e+01,1.0139102413149646e-05
-3.6006213366516597e-03,-9.1894501487034441e-01,-1.0590166019324910e+01,1.0038217149747907e-05
-3.5940188257286530e-03,-9.1894499111899930e-01,-1.0600166019324927e+01,9.9383354562946091e-06
-3.5936974261233613e-03,-9.1894498996393470e-01,-1.0610166019324909e+01,9.8394473776133217e-06
3.4384461106794747e-03,-9.1894444408916753e-01,-1.0620166019324923e+01,9.7415485580537248e-06
-3.4246821828408545e-03,-9.1894439685736617e-01,-1.0630166019324825e+01,9.6446189858941920e-06
-3.4245422849556867e-03,-9.1894439637827019e-01,-1.0640166019324919e+01,9.5486534281324393e-06
3.3683064560365815e-03,-9.1894420537753041e-01,-1.0650166019324928e+01,9.4536445447037991e-06
-3.2867364356433601e-03,-9.1894393395153817e-01,-1.0660166019324910e+01,9.3595817502413021e-06
-3.2265501015376445e-03,-9.1894373794611828e-01,-1.0670166019324833e+01,9.2664541720639208e-06
3.2041331174463570e-03,-9.1894366586785659e-01,-1.0680166019324911e+01,9.1742520737595714e-06
3.1951653547763722e-03,-9.1894363717416161e-01,-1.0690166019324916e+01,9.0829670010224694e-06
3.1274603981104854e-03,-9.1894342313761035e-01,-1.0700166019324927e+01,8.9925918940545224e-06
-3.0697542513920977e-03,-9.1894324432892138e-01,-1.0710166019324834e+01,8.9031157016379230e-06
3.0625716529830435e-03,-9.1894322230590431e-01,-1.0720166019324918e+01,8.8145284143780164e-06
-3.0116268887657076e-03,-9.1894306758159805e-01,-1.0730166019324907e+01,8.7268237414840129e-06
-2.9838068535110764e-03,-9.1894298418500897e-01,-1.0740166019324917e+01,8.6399911149602084e-06
2.9556120800050675e-03,-9.1894290045472315e-01,-1.0750166019324839e+01,8.5540224831920233e-06
2.9544751892427324e-03,-9.1894289709516142e-01,-1.0760166019324920e+01,8.4689085658220370e-06
2.9502850648288051e-03,-9.1894288472432140e-01,-1.0770166019324915e+01,8.3846416213541219e-06
-2.9240510480507288e-03,-9.1894280767060532e-01,-1.0780166019324922e+01,8.3012136829072863e-06
-2.9188191521162922e-03,-9.1894279238596088e-01,-1.0790166019324817e+01,8.2186153522981541e-06
2.8392305550260805e-03,-9.1894256324841173e-01,-1.0800166019324926e+01,8.1368406276457651e-06
2.8166821388482949e-03,-9.1894249948247508e-01,-1.0810166019324919e+01,8.0558782243348279e-06
-2.8075983751372109e-03,-9.1894247393765749e-01,-1.0820166019324914e+01,7.9757211004446241e-06
-2.7263147928447765e-03,-9.1894224902951427e-01,-1.0830166019324826e+01,7.8963631254817782e-06
-2.5668909297172711e-03,-9.1894182709786199e-01,-1.0840166019324926e+01,7.8177962981805331e-06
-2.5554930196114573e-03,-9.1894179790562613e-01,-1.0850166019324922e+01,7.7400081512466713e-06
-2.4734335570425130e-03,-9.1894159157012001e-01,-1.0860166019324911e+01,7.6629953645069245e-06
2.4523422055302592e-03,-9.1894153962448599e-01,-1.0870166019324923e+01,7.5867476807490387e-06
-2.4150074027246924e-03,-9.1894144876371708e-01,-1.0880166019324829e+01,7.5112589625019064e-06
-2.3323405444404242e-03,-9.1894125253954706e-01,-1.0890166019324914e+01,7.4365221462965796e-06
-2.2846554615589491e-03,-9.1894114245862846e-01,-1.0900166019324921e+01,7.3625283250867205e-06
2.2612601859628542e-03,-9.1894108928215379e-01,-1.0910166019324921e+01,7.2892703318433398e-06
-2.2597569120170052e-03,-9.1894108588399015e-01,-1.0920166019324830e+01,7.2167409047185626e-06
2.2463159740982314e-03,-9.1894105560106720e-01,-1.0930166019324911e+01,7.1449333492963130e-06
-2.2375821949427851e-03,-9.1894103602037902e-01,-1.0940166019324918e+01,7.0738402131303042e-06
2.1820889250682360e-03,-9.1894091338937789e-01,-1.0950166019324925e+01,7.0034551858184654e-06
2.1398784599283563e-03,-9.1894082217325113e-01,-1.0960166019324824e+01,6.9337702748616595e-06
-2.0899073443167112e-03,-9.1894071648969333e-01,-1.0970166019324925e+01,6.8647788333752285e-06
2.0732163223953883e-03,-9.1894068174629917e-01,-1.0980166019324916e+01,6.7964733788405623e-06
-2.0717228322726473e-03,-9.1894067865108631e-01,-1.0990166019324912e+01,6.7288473596289866e-06
2.0576425585019636e-03,-9.1894064957978872e-01,-1.1000166019324835e+01,6.6618944033946333e-06
-1.9979050722762660e-03,-9.1894052844567842e-01,-1.1010166019324924e+01,6.5956082454878767e-06
1.9974883399641870e-03,-9.1894052761317357e-01,-1.1020166019324909e+01,6.5299808523562423e-06
-1.9409744793877585e-03,-9.1894041632430423e-01,-1.1030166019324918e+01,6.4650071767437937e-06
1.9376165064649217e-03,-9.1894040981220249e-01,-1.1040166019324836e+01,6.4006793222047657e-06
-1.9183820415702444e-03,-9.1894037272816820e-01,-1.1050166019324916e+01,6.3369917338312824e-06
1.9009893478609866e-03,-9.1894033951358978e-01,-1.1060166019324919e+01,6.2739378209356848e-06
1.8894592682184355e-03,-9.1894031766150264e-01,-1.1070166019324917e+01,6.2115112323044828e-06
-1.8879032693191094e-03,-9.1894031472271664e-01,-1.1080166019324830e+01,6.1497056809473547e-06
-1.8771388474194627e-03,-9.1894029445846570e-01,-1.1090166019324920e+01,6.0885152104068902e-06
1.7816217618774706e-03,-9.1894011972139067e-01,-1.1100166019324915e+01,6.0279345251462090e-06
1.7305266097664626e-03,-9.1894002999451307e-01,-1.1110166019324931e+01,5.9679561099578285e-06
-1.6948691819030420e-03,-9.1893996892411134e-01,-1.1120166019324916e+01,5.9085743153251630e-06
-1.6553368016868281e-03,-9.1893990270330295e-01,-1.1130166019324824e+01,5.8497834059601967e-06
-1.6416604450756097e-03,-9.1893988015784789e-01,-1.1140166019324923e+01,5.7915772191127039e-06
-1.6371451950476586e-03,-9.1893987275553435e-01,-1.1150166019324914e+01,5.7339501053725490e-06
-1.6226598902114417e-03,-9.1893984914589910e-01,-1.1160166019324912e+01,5.6768964825795810e-06
-1.6123328365875828e-03,-9.1893983244192745e-01,-1.1170166019324832e+01,5.6204105126727784e-06
-1.5986953678689569e-03,-9.1893981054677909e-01,-1.1180166019324929e+01,5.5644866155084697e-06
1.5954857827611734e-03,-9.1893980542078091e-01,-1.1190166019324913e+01,5.5091190768234597e-06
-1.5647980729165132e-03,-9.1893975692984398e-01,-1.1200166019324914e+01,5.4543026905976722e-06
1.5606080321601858e-03,-9.1893975038205444e-01,-1.1210166019324838e+01,5.4000315074025414e-06
1.5387647148583762e-03,-9.1893971653176332e-01,-1.1220166019324919e+01,5.3463004771175460e-06
1.4802656773064003e-03,-9.1893962822657715e-01,-1.1230166019324917e+01,5.2931043659518861e-06
-1.4713763117364981e-03,-9.1893961510746480e-01,-1.1240166019324921e+01,5.2404371662775195e-06
1.4565020914715692e-03,-9.1893959333251074e-01,-1.1250166019324830e+01,5.1882940582213604e-06
1.4512410096829071e-03,-9.1893958568357359e-01,-1.1260166019324902e+01,5.1366697090735373e-06
-1.4457958152677181e-03,-9.1893957779610924e-01,-1.1270166019324925e+01,5.0855590316046945e-06
-1.4339798863627581e-03,-9.1893956078249672e-01,-1.1280166019324914e+01,5.0349569594246747e-06
1.3830188559233437e-03,-9.1893948900391742e-01,-1.1290166019324838e+01,4.9848586584190493e-06
1.3812415887485500e-03,-9.1893948654750268e-01,-1.1300166019324918e+01,4.9352584981535332e-06
-1.3751652377214855e-03,-9.1893947817305499e-01,-1.1310166019324919e+01,4.8861518965248901e-06
-1.3612122246823835e-03,-9.1893945908269981e-01,-1.1320166019324907e+01,4.8375339651779558e-06
-1.3554897008618266e-03,-9.1893945130950405e-01,-1.1330166019324832e+01,4.7893997352096871e-06
1.3307606051370410e-03,-9.1893941809523361e-01,-1.1340166019324920e+01,4.7417445690958240e-06
-1.2858120754155639e-03,-9.1893935928968606e-01,-1.1350166019324927e+01,4.6945636983806873e-06
-1.2851172805893576e-03,-9.1893935839655194e-01,-1.1360166019324913e+01,4.6478520132579024e-06
-1.2427139974508367e-03,-9.1893930480237918e-01,-1.1370166019324921e+01,4.6016053596359081e-06
1.2408705390316091e-03,-9.1893930251318678e-01,-1.1380166019324825e+01,4.5558186317163967e-06
1.2319688713678392e-03,-9.1893929150698950e-01,-1.1390166019324928e+01,4.5104875285650302e-06
1.2257839972405486e-03,-9.1893928390654345e-01,-1.1400166019324908e+01,4.4656074617242029e-06
1.2249589462095555e-03,-9.1893928289554938e-01,-1.1410166019324913e+01,4.4211739295388492e-06
-1.2238610094857036e-03,-9.1893928155122473e-01,-1.1420166019324826e+01,4.3771825198008256e-06
1.2123707933947262e-03,-9.1893926755480981e-01,-1.1430166019324929e+01,4.3336288866733932e-06
1.1907245092872979e-03,-9.1893924154576800e-01,-1.1440166019324918e+01,4.2905086703736510e-06
-1.1828766320346931e-03,-9.1893923223190277e-01,-1.1450166019324923e+01,4.2478174353663740e-06
1.1742276812958378e-03,-9.1893922203866318e-01,-1.1460166019324815e+01,4.2055509885499434e-06
1.1286701820647092e-03,-9.1893916958152944e-01,-1.1470166019324935e+01,4.1637052754530578e-06
-1.1225760032723667e-03,-9.1893916272178100e-01,-1.1480166019324903e+01,4.1222757440207400e-06
-1.1072123284708076e-03,-9.1893914559290968e-01,-1.1490166019324933e+01,4.0812584849431881e-06
-1.0958417046944293e-03,-9.1893913306786035e-01,-1.1500166019324825e+01,4.0406493351151556e-06
1.0931667077419527e-03,-9.1893913014006490e-01,-1.1510166019324924e+01,4.0004442141815365e-06
-1.0682852070276741e-03,-9.1893910324998129e-01,-1.1520166019324906e+01,3.9606392356752394e-06
-1.0494529196295320e-03,-9.1893908330905472e-01,-1.1530166019324925e+01,3.9212302950135942e-06
1.0483212190915527e-03,-9.1893908212202868e-01,-1.1540166019324827e+01,3.8822134062790766e-06
1.0469305270548348e-03,-9.1893908066510366e-01,-1.1550166019324914e+01,3.8435847430648727e-06
-1.0380091128966932e-03,-9.1893907136479869e-01,-1.1560166019324919e+01,3.8053404712630217e-06
1.0320250252992911e-03,-9.1893906517116586e-01,-1.1570166019324919e+01,3.7674767242673018e-06
1.0273850535869689e-03,-9.1893906039336359e-01,-1.1580166019324828e+01,3.7299897223361972e-06
-1.0037554116825757e-03,-9.1893903639580266e-01,-1.1590166019324917e+01,3.6928757931047424e-06
-9.9578081366431793e-04,-9.1893902842305386e-01,-1.1600166019324924e+01,3.6561310941690631e-06
9.8748077427960592e-04,-9.1893902019247931e-01,-1.1610166019324916e+01,3.6197520117399131e-06
-9.6944509914680642e-04,-9.1893900254523964e-01,-1.1620166019324918e+01,3.5837349406793359e-06
-9.6108581470094481e-04,-9.1893899447631111e-01,-1.1630166019324824e+01,3.5480762108501694e-06
9.4921564988272381e-04,-9.1893898313851441e-01,-1.1640166019324917e+01,3.5127723025083559e-06
9.4119407360913118e-04,-9.1893897555648152e-01,-1.1650166019324921e+01,3.4778196604660169e-06
9.3790586298276365e-04,-9.1893897246704337e-01,-1.1660166019324921e+01,3.4432147872915677e-06
9.2473131972987846e-04,-9.1893896019734633e-01,-1.1670166019324830e+01,3.4089542695478367e-06
9.2465730870522518e-04,-9.1893896012890874e-01,-1.1680166019324918e+01,3.3750346080550331e-06
9.2326784559463345e-04,-9.1893895884509680e-01,-1.1690166019324923e+01,3.3414524568923543e-06
9.1879254790433679e-04,-9.1893895472321252e-01,-1.1700166019324916e+01,3.3082044630630812e-06
-8.8905862823499470e-04,-9.1893892784596165e-01,-1.1710166019324824e+01,3.2752873666948867e-06
8.7306961102953141e-04,-9.1893891375861236e-01,-1.1720166019324919e+01,3.2426977585577246e-06
8.6276229098691684e-04,-9.1893890481272489e-01,-1.1730166019324912e+01,3.2104324054790661e-06
-8.5732376371033727e-04,-9.1893890013535739e-01,-1.1740166019324928e+01,3.1784880841743987e-06
-8.5642687342491028e-04,-9.1893889936683426e-01,-1.1750166019324828e+01,3.1468616017293244e-06
8.4447640905251586e-04,-9.1893888920354216e-01,-1.1760166019324918e+01,3.1155498372877205e-06
-8.4359059639827557e-04,-9.1893888845588667e-01,-1.1770166019324913e+01,3.0845496007501495e-06
-8.4125363774560375e-04,-9.1893888648718103e-01,-1.1780166019324925e+01,3.0538578254258593e-06
8.3805812832499324e-04,-9.1893888380405264e-01,-1.1790166019324820e+01,3.0234714404691475e-06
-8.2946009446563211e-04,-9.1893887663536367e-01,-1.1800166019324919e+01,2.9933874184402025e-06
8.2680238807600901e-04,-9.1893887443443389e-01,-1.1810166019324919e+01,2.9636027224962599e-06
-8.2584533874218986e-04,-9.1893887364360127e-01,-1.1820166019324926e+01,2.9341143850263757e-06
8.2443014896745514e-04,-9.1893887247587469e-01,-1.1830166019324830e+01,2.9049194624888337e-06
-8.1923797884969596e-04,-9.1893886820877246e-01,-1.1840166019324917e+01,2.8760150431637930e-06
-8.1872993852846179e-04,-9.1893886779269562e-01,-1.1850166019324911e+01,2.8473982165291744e-06
-8.1607214048255738e-04,-9.1893886562020866e-01,-1.1860166019324920e+01,2.8190661370167447e-06
-7.9304400825526769e-04,-9.1893884709273899e-01,-1.1870166019324916e+01,2.7910160119918110e-06
-7.8273261513481782e-04,-9.1893883896851292e-01,-1.1880166019324841e+01,2.7632449611131937e-06
-7.7819806588628852e-04,-9.1893883542945431e-01,-1.1890166019324910e+01,2.7357502240401358e-06
-7.7278202620549401e-04,-9.1893883122936948e-01,-1.1900166019324924e+01,2.7085290658662016e-06
7.6621950228634040e-04,-9.1893882617950229e-01,-1.1910166019324915e+01,2.6815787649072607e-06
7.6174347184093877e-04,-9.1893882275989791e-01,-1.1920166019324835e+01,2.6548966194606414e-06
-7.5107646834653022e-04,-9.1893881469127014e-01,-1.1930166019324909e+01,2.6284799779262691e-06
-7.3981367437614236e-04,-9.1893880629547586e-01,-1.1940166019324927e+01,2.6023261870074690e-06
-7.3892024810407624e-04,-9.1893880563490604e-01,-1.1950166019324907e+01,2.5764326105098168e-06
-7.3888380671956189e-04,-9.1893880560797936e-01,-1.1960166019324832e+01,2.5507966777700528e-06
7.2753118119358413e-04,-9.1893879728414929e-01,-1.1970166019324923e+01,2.5254158477750762e-06
-7.1938132139011748e-04,-9.1893879138808221e-01,-1.1980166019324914e+01,2.5002875549791112e-06
7.1693834380698752e-04,-9.1893878963363385e-01,-1.1990166019324908e+01,2.4754092824751762e-06
-6.9843145550931777e-04,-9.1893877653658851e-01,-1.2000166019324832e+01,2.4507785806738407e-06
-6.9703448834977828e-04,-9.1893877556187842e-01,-1.2010166019324933e+01,2.4263929287169426e-06
6.7667899460010594e-04,-9.1893876158057031e-01,-1.2020166019324913e+01,2.4022499492730109e-06
6.7374344634184855e-04,-9.1893875959845517e-01,-1.2030166019324918e+01,2.3783471676158352e-06
-6.7257446392071695e-04,-9.1893875881154419e-01,-1.2040166019324822e+01,2.3546822197490161e-06
-6.7240024115279486e-04,-9.1893875869438157e-01,-1.2050166019324918e+01,2.3312527404675492e-06
6.4066788937956797e-04,-9.1893873786101166e-01,-1.2060166019324924e+01,2.3080564362117641e-06
-6.4049972563068065e-04,-9.1893873775328871e-01,-1.2070166019324917e+01,2.2850908912013292e-06
6.3994364653042731e-04,-9.1893873739727483e-01,-1.2080166019324830e+01,2.2623538577412410e-06
-6.3480843138868578e-04,-9.1893873412421179e-01,-1.2090166019324926e+01,2.2398430680694390e-06
-6.3366939917128371e-04,-9.1893873340179322e-01,-1.2100166019324918e+01,2.2175562587683928e-06
6.1796475350730552e-04,-9.1893872357355777e-01,-1.2110166019324915e+01,2.1954912269008883e-06
-6.1366359804481980e-04,-9.1893872092484530e-01,-1.2120166019324907e+01,2.1736457299483580e-06
-6.1022150010904541e-04,-9.1893871881847911e-01,-1.2130166019324840e+01,2.1520175980980445e-06
6.0426279764889447e-04,-9.1893871520010373e-01,-1.2140166019324914e+01,2.1306046729314211e-06
6.0330445930070688e-04,-9.1893871462147481e-01,-1.2150166019324926e+01,2.1094048034414903e-06
6.0288082378771857e-04,-9.1893871436598329e-01,-1.2160166019324903e+01,2.0884158754905654e-06
5.9364111439711613e-04,-9.1893870883822582e-01,-1.2170166019324839e+01,2.0676358017580802e-06
-5.8854873638237548e-04,-9.1893870582814696e-01,-1.2180166019324918e+01,2.0470624879460721e-06
5.8596544453956567e-04,-9.1893870431109059e-01,-1.2190166019324915e+01,2.0266938789397844e-06
-5.7236122911894925e-04,-9.1893869643202775e-01,-1.2200166019324913e+01,2.0065279537143535e-06
-5.5844701567976576e-04,-9.1893868856487415e-01,-1.2210166019324841e+01,1.9865626826166901e-06
5.5065264347114681e-04,-9.1893868424250635e-01,-1.2220166019324921e+01,1.9667960621580122e-06
5.5043245506209673e-04,-9.1893868412128321e-01,-1.2230166019324912e+01,1.9472261145941261e-06
-5.5021301340449184e-04,-9.1893868400051948e-01,-1.2240166019324922e+01,1.9278508912587479e-06
5.4840928411991762e-04,-9.1893868300971093e-01,-1.2250166019324828e+01,1.9086684562752116e-06
5.4784799242330430e-04,-9.1893868270205081e-01,-1.2260166019324920e+01,1.8896768883987612e-06
5.4665388072306059e-04,-9.1893868204857210e-01,-1.2270166019324909e+01,1.8708742904214360e-06
5.3059107556461703e-04,-9.1893867339678426e-01,-1.2280166019324920e+01,1.8522587962226645e-06
5.2878102964672613e-04,-9.1893867243802807e-01,-1.2290166019324831e+01,1.8338285150190416e-06
-5.2588247352258722e-04,-9.1893867090952741e-01,-1.2300166019324918e+01,1.8155816191940446e-06
-5.2547752143331167e-04,-9.1893867069665225e-01,-1.2310166019324921e+01,1.7975162806237497e-06
5.1409709469254811e-04,-9.1893866478125086e-01,-1.2320166019324917e+01,1.7796307053202032e-06
-5.0755543369562523e-04,-9.1893866143959857e-01,-1.2330166019324830e+01,1.7619230898250698e-06
5.0369420367344839e-04,-9.1893865948726483e-01,-1.2340166019324917e+01,1.7443916655656136e-06
5.0349593055480136e-04,-9.1893865938741548e-01,-1.2350166019324922e+01,1.7270346786591070e-06
5.0258089142043993e-04,-9.1893865892711568e-01,-1.2360166019324923e+01,1.7098503972725355e-06
4.9848880419059915e-04,-9.1893865687888343e-01,-1.2370166019324918e+01,1.6928371050229579e-06
-4.9353567884382384e-04,-9.1893865442207256e-01,-1.2380166019324825e+01,1.6759930985101541e-06
4.9235728818871867e-04,-9.1893865384118911e-01,-1.2390166019324919e+01,1.6593166895084438e-06
-4.8251663800396921e-04,-9.1893864904449241e-01,-1.2400166019324923e+01,1.6428062204650949e-06
-4.7818937080667520e-04,-9.1893864696587668e-01,-1.2410166019324906e+01,1.6264600288343762e-06
-4.7814177911734748e-04,-9.1893864694311989e-01,-1.2420166019324832e+01,1.6102764811839065e-06
4.6704024847472707e-04,-9.1893864169663630e-01,-1.2430166019324915e+01,1.5942539708504175e-06
-4.6609201330084695e-04,-9.1893864125422187e-01,-1.2440166019324931e+01,1.5783908794926842e-06
-4.6530700534519595e-04,-9.1893864088864408e-01,-1.2450166019324913e+01,1.5626856284042465e-06
-4.6341780149531005e-04,-9.1893864001136882e-01,-1.2460166019324825e+01,1.5471366479612380e-06
-4.5805004258623645e-04,-9.1893863753826022e-01,-1.2470166019324926e+01,1.5317423848892809e-06
4.5691079395355691e-04,-9.1893863701707623e-01,-1.2480166019324912e+01,1.5165012942965835e-06
4.5666825399539712e-04,-9.1893863690628652e-01,-1.2490166019324914e+01,1.5014118544650691e-06
-4.5204650326735531e-04,-9.1893863480636007e-01,-1.2500166019324830e+01,1.4864725600237805e-06
-4.5092355987029660e-04,-9.1893863429936784e-01,-1.2510166019324931e+01,1.4716819116702262e-06
-4.4978006277207258e-04,-9.1893863378439189e-01,-1.2520166019324915e+01,1.4570384327311269e-06
-4.3230398861744820e-04,-9.1893862607670873e-01,-1.2530166019324918e+01,1.4425406692102425e-06
-4.2908393394185031e-04,-9.1893862468985066e-01,-1.2540166019324827e+01,1.4281871517088374e-06
4.2436719166684834e-04,-9.1893862267709614e-01,-1.2550166019324916e+01,1.4139764549578944e-06
4.2287957815683716e-04,-9.1893862204690824e-01,-1.2560166019324921e+01,1.3999071550384982e-06
4.1442439773671600e-04,-9.1893861850713021e-01,-1.2570166019324910e+01,1.3859778510162052e-06
-4.1372748117280014e-04,-9.1893861821855383e-01,-1.2580166019324832e+01,1.3721871413747113e-06
4.0919189581612413e-04,-9.1893861635234331e-01,-1.2590166019324927e+01,1.3585336537259587e-06
4.0722132405535464e-04,-9.1893861554794287e-01,-1.2600166019324918e+01,1.3450160190959809e-06
-4.0692024272106760e-04,-9.1893861542538147e-01,-1.2610166019324918e+01,1.3316328862591510e-06
4.0507936394741916e-04,-9.1893861467798499e-01,-1.2620166019324911e+01,1.3183829186411597e-06
4.0120942007913242e-04,-9.1893861311783887e-01,-1.2630166019324916e+01,1.3052647914548221e-06
4.0103773053117437e-04,-9.1893861304897018e-01,-1.2640166019324916e+01,1.2922771898674855e-06
-4.0004205635378620e-04,-9.1893861265016286e-01,-1.2650166019324741e+01,1.2794188174966116e-06
-3.9648735193188934e-04,-9.1893861123444964e-01,-1.2660166019324919e+01,1.2666883893511187e-06
3.8968967948441597e-04,-9.1893860856236265e-01,-1.2670166019324922e+01,1.2540846326400972e-06
-3.8845227712205600e-04,-9.1893860808092531e-01,-1.2680166019324925e+01,1.2416062826504658e-06
-3.8617950020195001e-04,-9.1893860720064269e-01,-1.2690166019324916e+01,1.2292520948021166e-06
3.8550652337749545e-04,-9.1893860694097929e-01,-1.2700166019324916e+01,1.2170208324106671e-06
3.6588709163284439e-04,-9.1893859957002133e-01,-1.2710166019324921e+01,1.2049112816788004e-06
-3.6506954306669544e-04,-9.1893859927122512e-01,-1.2720166019324909e+01,1.1929222144650486e-06
-3.5703472782836409e-04,-9.1893859637023789e-01,-1.2730166019324743e+01,1.1810524435332248e-06
3.5585382755533204e-04,-9.1893859594931271e-01,-1.2740166019324914e+01,1.1693007758611074e-06
-3.5493709272329670e-04,-9.1893859562350932e-01,-1.2750166019324929e+01,1.1576660391212158e-06
-3.5191948300468374e-04,-9.1893859455700078e-01,-1.2760166019324917e+01,1.1461470707914057e-06
-3.4492132176197724e-04,-9.1893859211869855e-01,-1.2770166019324918e+01,1.1347427196559730e-06
-3.4428320130739634e-04,-9.1893859189880078e-01,-1.2780166019324913e+01,1.1234518411905248e-06
3.4103408848061329e-04,-9.1893859078546425e-01,-1.2790166019324912e+01,1.1122733098342110e-06
-3.3465934566426030e-04,-9.1893858863177824e-01,-1.2800166019324932e+01,1.1012060078566273e-06
-3.3404984226740198e-04,-9.1893858842798803e-01,-1.2810166019324729e+01,1.0902488252244425e-06
3.3213714722455040e-04,-9.1893858779088178e-01,-1.2820166019324930e+01,1.0794006688461619e-06
-3.2913746043410086e-04,-9.1893858679907336e-01,-1.2830166019324908e+01,1.0686604537998118e-06
3.0883525418445976e-04,-9.1893858032294662e-01,-1.2840166019324926e+01,1.0580271114707147e-06
-3.0580545933696699e-04,-9.1893857939182899e-01,-1.2850166019324920e+01,1.0474995667890434e-06
2.9994196186647256e-04,-9.1893857761592967e-01,-1.2860166019324923e+01,1.0370767737935595e-06
-2.9931512392005822e-04,-9.1893857742811114e-01,-1.2870166019324920e+01,1.0267576876722843e-06
2.9760996539337532e-04,-9.1893857691918523e-01,-1.2880166019324902e+01,1.0165412784979882e-06
-2.8926233729103384e-04,-9.1893857446968941e-01,-1.2890166019324923e+01,1.0064265262413170e-06
2.8286724183463366e-04,-9.1893857264027767e-01,-1.2900166019324743e+01,9.9641241680899570e-07
-2.7657116216327942e-04,-9.1893857087914332e-01,-1.2910166019324922e+01,9.8649794934453073e-07
2.7272635062173671e-04,-9.1893856982317068e-01,-1.2920166019324915e+01,9.7668213177380503e-07
-2.7128091363568668e-04,-9.1893856943000651e-01,-1.2930166019324918e+01,9.6696398256861154e-07
2.6985571913109403e-04,-9.1893856904439408e-01,-1.2940166019324920e+01,9.5734253055264817e-07
2.6229323913857085e-04,-9.1893856703221111e-01,-1.2950166019324909e+01,9.4781681512184946e-07
2.6063893527367046e-04,-9.1893856659966677e-01,-1.2960166019324920e+01,9.3838588064193536e-07
-2.5681395330574597e-04,-9.1893856561004272e-01,-1.2970166019324925e+01,9.2904878604151929e-07
-2.5137557684028487e-04,-9.1893856422817977e-01,-1.2980166019324731e+01,9.1980459743649526e-07
2.5013203367144960e-04,-9.1893856391635664e-01,-1.2990166019324924e+01,9.1065238905750930e-07
2.4927674992695657e-04,-9.1893856370278848e-01,-1.3000166019324919e+01,9.0159124658222565e-07
-2.4790104889247245e-04,-9.1893856336080448e-01,-1.3010166019324913e+01,8.9262026409370467e-07
-2.4755475900679164e-04,-9.1893856327501877e-01,-1.3020166019324918e+01,8.8373854414291834e-07
-2.4564937983583706e-04,-9.1893856280514841e-01,-1.3030166019324922e+01,8.7494519911753518e-07
-2.4505423753340405e-04,-9.1893856265912910e-01,-1.3040166019324923e+01,8.6623934905243544e-07
2.4238443352401606e-04,-9.1893856200844626e-01,-1.3050166019324914e+01,8.5762012407439797e-07
-2.3470278320569002e-04,-9.1893856017603770e-01,-1.3060166019324743e+01,8.4908666281581677e-07
-2.3138057124285223e-04,-9.1893855940182390e-01,-1.3070166019324910e+01,8.4063811001012926e-07
-2.2803853762447712e-04,-9.1893855863412677e-01,-1.3080166019324921e+01,8.3227362169766862e-07
-2.2417020099316589e-04,-9.1893855775947897e-01,-1.3090166019324931e+01,8.2399236151628945e-07
2.1873771226785211e-04,-9.1893855655643286e-01,-1.3100166019324909e+01,8.1579350151124042e-07
-2.1856894514971743e-04,-9.1893855651953138e-01,-1.3110166019324923e+01,8.0767622057464879e-07
2.1784935415935396e-04,-9.1893855636250998e-01,-1.3120166019324909e+01,7.9963970802865923e-07
2.1565496643312997e-04,-9.1893855588687179e-01,-1.3130166019324918e+01,7.9168316036955590e-07
2.1467829893445238e-04,-9.1893855567672544e-01,-1.3140166019324919e+01,7.8380578147060772e-07
2.1425600268506882e-04,-9.1893855558615678e-01,-1.3150166019324745e+01,7.7600678370702814e-07
-2.0116599301459406e-04,-9.1893855286721782e-01,-1.3160166019324924e+01,7.6828538928615384e-07
-2.0026575435758438e-04,-9.1893855268652569e-01,-1.3170166019324922e+01,7.6064082207211536e-07
1.9762812183703746e-04,-9.1893855216177678e-01,-1.3180166019324909e+01,7.5307231983051115e-07
1.9760807502253343e-04,-9.1893855215781517e-01,-1.3190166019324922e+01,7.4557912505224223e-07
-1.9695052523259308e-04,-9.1893855202809416e-01,-1.3200166019324922e+01,7.3816048890057709e-07
1.9669211459325954e-04,-9.1893855197723340e-01,-1.3210166019324912e+01,7.3081566935339870e-07
1.9626977241244363e-04,-9.1893855189425122e-01,-1.3220166019324923e+01,7.2354393200465196e-07
-1.9418246347273495e-04,-9.1893855148675407e-01,-1.3230166019324736e+01,7.1634454988346781e-07
1.9396432412615411e-04,-9.1893855144441894e-01,-1.3240166019324921e+01,7.0921680254914320e-07
1.9168264980262532e-04,-9.1893855100445854e-01,-1.3250166019324915e+01,7.0215997776482258e-07
-1.9139633975638273e-04,-9.1893855094961885e-01,-1.3260166019324927e+01,6.9517336928949679e-07
1.9049845360112280e-04,-9.1893855077816988e-01,-1.3270166019324918e+01,6.8825627880992215e-07
1.8927735704538158e-04,-9.1893855054629836e-01,-1.3280166019324904e+01,6.8140801457059327e-07
-1.8888852791084450e-04,-9.1893855047277750e-01,-1.3290166019324918e+01,6.7462789159055690e-07
1.8772525036278191e-04,-9.1893855025372428e-01,-1.3300166019324930e+01,6.6791523205808346e-07
-1.8615291726656387e-04,-9.1893854995979374e-01,-1.3310166019324738e+01,6.6126936465213656e-07
-1.8590125839306425e-04,-9.1893854991297841e-01,-1.3320166019324915e+01,6.5468962456779954e-07
-1.8291624908461481e-04,-9.1893854936251651e-01,-1.3330166019324921e+01,6.4817535431744704e-07
1.8185636348810538e-04,-9.1893854916920792e-01,-1.3340166019324910e+01,6.4172590190635466e-07
-1.8173084714191723e-04,-9.1893854914638984e-01,-1.3350166019324929e+01,6.3534062250940694e-07
1.7976867789020932e-04,-9.1893854879172820e-01,-1.3360166019324907e+01,6.2901887791263396e-07
1.7970205251215647e-04,-9.1893854877975334e-01,-1.3370166019324918e+01,6.2276003550994218e-07
-1.7956198654577309e-04,-9.1893854875459302e-01,-1.3380166019324925e+01,6.1656346963775291e-07
-1.7670500379558956e-04,-9.1893854824566867e-01,-1.3390166019324912e+01,6.1042856092133728e-07
-1.7612287745417368e-04,-9.1893854814297349e-01,-1.3400166019324752e+01,6.0435469531807460e-07
1.7201038262331861e-04,-9.1893854742712533e-01,-1.3410166019324905e+01,5.9834126605341944e-07
1.7128713170823530e-04,-9.1893854730298019e-01,-1.3420166019324924e+01,5.9238767105498472e-07
-1.7084215349536718e-04,-9.1893854722686019e-01,-1.3430166019324915e+01,5.8649331528769401e-07
1.6866062287587355e-04,-9.1893854685654230e-01,-1.3440166019324923e+01,5.8065760951060223e-07
-1.6498625423743316e-04,-9.1893854624357152e-01,-1.3450166019324927e+01,5.7487997011354389e-07
-1.6362244660512591e-04,-9.1893854601949199e-01,-1.3460166019324916e+01,5.6915981896418451e-07
1.5808489216451353e-04,-9.1893854512875606e-01,-1.3470166019324919e+01,5.6349658464412248e-07
1.5769322325796033e-04,-9.1893854506691575e-01,-1.3480166019324729e+01,5.5788969997974373e-07
-1.5075453457536001e-04,-9.1893854399680430e-01,-1.3490166019324928e+01,5.5233860530627245e-07
-1.5069579826518459e-04,-9.1893854398795127e-01,-1.3500166019324915e+01,5.4684274436157067e-07
1.4853276850870412e-04,-9.1893854366433114e-01,-1.3510166019324920e+01,5.4140156831731664e-07
1.4847366167699833e-04,-9.1893854365555361e-01,-1.3520166019324925e+01,5.3601453270880100e-07
-1.4655263202045571e-04,-9.1893854337217640e-01,-1.3530166019324909e+01,5.3068109914587782e-07
-1.4637620598015690e-04,-9.1893854334633629e-01,-1.3540166019324916e+01,5.2540073399677513e-07
-1.4607174129189623e-04,-9.1893854330181624e-01,-1.3550166019324925e+01,5.2017290936835123e-07
1.4538166999963209e-04,-9.1893854320125445e-01,-1.3560166019324743e+01,5.1499710249284031e-07
1.4535896492013853e-04,-9.1893854319795376e-01,-1.3570166019324901e+01,5.0987279570594211e-07
-1.4293109713541929e-04,-9.1893854284798870e-01,-1.3580166019324936e+01,5.0479947679853515e-07
-1.4025355263543038e-04,-9.1893854246886897e-01,-1.3590166019324911e+01,4.9977663827054500e-07
-1.3990179884311256e-04,-9.1893854241959616e-01,-1.3600166019324927e+01,4.9480377765584358e-07
-1.3873405001711345e-04,-9.1893854225690774e-01,-1.3610166019324902e+01,4.8988039788633803e-07
-1.3723875163665358e-04,-9.1893854205057690e-01,-1.3620166019324929e+01,4.8500600658440423e-07
1.3635434355641004e-04,-9.1893854192959301e-01,-1.3630166019324919e+01,4.8018011624433581e-07
1.3530955310634747e-04,-9.1893854178767709e-01,-1.3640166019324914e+01,4.7540224432483102e-07
-1.3212484849605387e-04,-9.1893854136182729e-01,-1.3650166019324736e+01,4.7067191315829947e-07
-1.3186405014876213e-04,-9.1893854132740338e-01,-1.3660166019324926e+01,4.6598864938872997e-07
-1.2947356935350706e-04,-9.1893854101504202e-01,-1.3670166019324917e+01,4.6135198500042435e-07
1.2839593138944035e-04,-9.1893854087609705e-01,-1.3680166019324920e+01,4.5676145611298192e-07
-1.2673985639956041e-04,-9.1893854066483505e-01,-1.3690166019324918e+01,4.5221660378322280e-07
-1.2364933186117730e-04,-9.1893854027791810e-01,-1.3700166019324916e+01,4.4771697356742342e-07
-1.2289266061534367e-04,-9.1893854018464249e-01,-1.3710166019324921e+01,4.4326211528845110e-07
1.1919877805249244e-04,-9.1893853973751383e-01,-1.3720166019324910e+01,4.3885158374486342e-07
-1.1750955721927894e-04,-9.1893853953758753e-01,-1.3730166019324745e+01,4.3448493761409838e-07
1.1641674749079115e-04,-9.1893853940976900e-01,-1.3740166019324914e+01,4.3016174030626556e-07
-1.1583352215258011e-04,-9.1893853934204195e-01,-1.3750166019324926e+01,4.2588155950430954e-07
-1.1520763180710385e-04,-9.1893853926973867e-01,-1.3760166019324920e+01,4.2164396721456657e-07
1.1350541582413687e-04,-9.1893853907507916e-01,-1.3770166019324913e+01,4.1744853972338500e-07
-1.1289034083161296e-04,-9.1893853900545397e-01,-1.3780166019324914e+01,4.1329485738074502e-07
-1.1261279051327303e-04,-9.1893853897415978e-01,-1.3790166019324918e+01,4.0918250485199634e-07
-1.1000381149889926e-04,-9.1893853868375874e-01,-1.3800166019324918e+01,4.0511107101943176e-07
-1.0992815793991697e-04,-9.1893853867543940e-01,-1.3810166019324740e+01,4.0108014851614429e-07
-1.0955634764040791e-04,-9.1893853863463615e-01,-1.3820166019324924e+01,3.9708933437462942e-07
-1.0705768738204381e-04,-9.1893853836401374e-01,-1.3830166019324921e+01,3.9313822958756327e-07
1.0561149843650182e-04,-9.1893853821023375e-01,-1.3840166019324919e+01,3.8922643890346498e-07
1.0447481351120499e-04,-9.1893853809083281e-01,-1.3850166019324917e+01,3.8535357117316872e-07
-1.0429773907656096e-04,-9.1893853807234871e-01,-1.3860166019324911e+01,3.8151923908169832e-07
-1.0429128931454049e-04,-9.1893853807167603e-01,-1.3870166019324918e+01,3.7772305922519552e-07
-1.0308127155046396e-04,-9.1893853794621372e-01,-1.3880166019324918e+01,3.7396465203605055e-07
1.0303855231196046e-04,-9.1893853794181113e-01,-1.3890166019324917e+01,3.7024364157798779e-07
1.0233426155497482e-04,-9.1893853786948998e-01,-1.3900166019324743e+01,3.6655965581754714e-07
-1.0159074001708421e-04,-9.1893853779367873e-01,-1.3910166019324919e+01,3.6291232632876396e-07
1.0101807032480916e-04,-9.1893853773566470e-01,-1.3920166019324922e+01,3.5930128836815991e-07
-1.0083161038052107e-04,-9.1893853771684630e-01,-1.3930166019324913e+01,3.5572618082145614e-07
9.9695100095850892e-05,-9.1893853760289601e-01,-1.3940166019324923e+01,3.5218664622263704e-07
-9.9229341214211557e-05,-9.1893853755657051e-01,-1.3950166019324920e+01,3.4868233055755309e-07
-9.8529841378405131e-05,-9.1893853748740428e-01,-1.3960166019324918e+01,3.4521288342365558e-07
-9.7236349890946730e-05,-9.1893853736079334e-01,-1.3970166019324919e+01,3.4177795788493368e-07
-9.5687471457315225e-05,-9.1893853721138552e-01,-1.3980166019324733e+01,3.3837721043372807e-07
-9.5606112446219009e-05,-9.1893853720360386e-01,-1.3990166019324926e+01,3.3501030093696207e-07
9.3227908708356426e-05,-9.1893853697906092e-01,-1.4000166019324912e+01,3.3167689282137830e-07
-9.1120314540649096e-05,-9.1893853678479531e-01,-1.4010166019324926e+01,3.2837665266003397e-07
-9.0411826661384228e-05,-9.1893853672048864e-01,-1.4020166019324920e+01,3.2510925039408320e-07
8.9441940698290693e-05,-9.1893853663326985e-01,-1.4030166019324911e+01,3.2187435933105525e-07
-8.9239909390129325e-05,-9.1893853661522018e-01,-1.4040166019324918e+01,3.1867165594958090e-07
8.8886249856704705e-05,-9.1893853658372215e-01,-1.4050166019324914e+01,3.1550082000339363e-07
8.8528174036339420e-05,-9.1893853655195823e-01,-1.4060166019324750e+01,3.1236153440205873e-07
8.7621433151251107e-05,-9.1893853647209722e-01,-1.4070166019324919e+01,3.0925348522903859e-07
-8.7563770546741310e-05,-9.1893853646704637e-01,-1.4080166019324917e+01,3.0617636163890783e-07
8.4988489634360001e-05,-9.1893853624486110e-01,-1.4090166019324920e+01,3.0312985600587570e-07
-8.4257375568993998e-05,-9.1893853618299215e-01,-1.4100166019324924e+01,3.0011366356159317e-07
-8.3730232286173369e-05,-9.1893853613871535e-01,-1.4110166019324916e+01,2.9712748272816732e-07
-8.3058465052993080e-05,-9.1893853608269382e-01,-1.4120166019324907e+01,2.9417101489381327e-07
8.2637489645227266e-05,-9.1893853604781683e-01,-1.4130166019324923e+01,2.9124396439959699e-07
-8.0766583545336583e-05,-9.1893853589496000e-01,-1.4140166019324921e+01,2.8834603857834598e-07
7.9809323054907147e-05,-9.1893853581810347e-01,-1.4150166019324743e+01,2.8547694757871396e-07
-7.7597458430636330e-05,-9.1893853564402228e-01,-1.4160166019324903e+01,2.8263640453868228e-07
7.3760724706166820e-05,-9.1893853535366177e-01,-1.4170166019324935e+01,2.7982412540622579e-07
2.3303138617919433e-05,-9.1893853290485761e-01,-inf,0.0000000000000000e+00
6.1715525242297817e-05,-9.1893853453774255e-01,-inf,0.0000000000000000e+00
-3.4410996398211353e-05,-9.1893853322539776e-01,-inf,0.0000000000000000e+00
1.7182497766938818e-06,-9.1893853263481562e-01,-inf,0.0000000000000000e+00
-2.9195619915324546e-05,-9.1893853305953155e-01,-inf,0.0000000000000000e+00
-4.1967824760694351e-05,-9.1893853351398858e-01,-inf,0.0000000000000000e+00
-2.7740269711347361e-05,-9.1893853301810080e-01,-inf,0.0000000000000000e+00
-2.0160169362487979e-05,-9.1893853283655569e-01,-inf,0.0000000000000000e+00
3.6972072410256832e-05,-9.1893853331680653e-01,-inf,0.0000000000000000e+00
-2.7736996003327455e-05,-9.1893853301800998e-01,-inf,0.0000000000000000e+00
4.5537980727423366e-05,-9.1893853367019329e-01,-inf,0.0000000000000000e+00
5.8536355530802562e-07,-9.1893853263351077e-01,-inf,0.0000000000000000e+00
-4.4431364427399738e-05,-9.1893853362041256e-01,-inf,0.0000000000000000e+00
3.7905118050769610e-05,-9.1893853335173847e-01,-inf,0.0000000000000000e+00
3.7478779758359738e-05,-9.1893853333566888e-01,-inf,0.0000000000000000e+00
3.5345452163625506e-05,-9.1893853325798991e-01,-inf,0.0000000000000000e+00
-3.0976065733846578e-05,-9.1893853311309781e-01,-inf,0.0000000000000000e+00
-3.2902960160181124e-05,-9.1893853317464191e-01,-inf,0.0000000000000000e+00
-6.6465005558356341e-05,-9.1893853484213794e-01,-inf,0.0000000000000000e+00
-3.6390366343858917e-05,-9.1893853329546882e-01,-inf,0.0000000000000000e+00
3.9262459314243233e-05,-9.1893853340410980e-01,-inf,0.0000000000000000e+00
-1.0763536496687413e-06,-9.1893853263391878e-01,-inf,0.0000000000000000e+00
-2.9509565903914351e-05,-9.1893853306874673e-01,-inf,0.0000000000000000e+00
-5.2635234160715476e-05,-9.1893853401857339e-01,-inf,0.0000000000000000e+00
-7.0486195210419012e-05,-9.1893853511749135e-01,-inf,0.0000000000000000e+00
-3.6068157914796142e-05,-9.1893853328379549e-01,-inf,0.0000000000000000e+00
-4.5927500767488534e-05,-9.1893853368800715e-01,-inf,0.0000000000000000e+00
1.6419868032025978e-06,-9.1893853263468750e-01,-inf,0.0000000000000000e+00
-5.3295902031756117e-05,-9.1893853405356607e-01,-inf,0.0000000000000000e+00
4.9182442768875537e-05,-9.1893853384279578e-01,-inf,0.0000000000000000e+00
6.8304604883950046e-05,-9.1893853496609901e-01,-inf,0.0000000000000000e+00
3.9526255208079320e-05,-9.1893853341450193e-01,-inf,0.0000000000000000e+00
-7.5464046327699023e-06,-9.1893853266181358e-01,-inf,0.0000000000000000e+00
-1.2030024174256027e-06,-9.1893853263406311e-01,-inf,0.0000000000000000e+00
5.1960526723046171e-05,-9.1893853398328762e-01,-inf,0.0000000000000000e+00
6.8278483724331233e-05,-9.1893853496431510e-01,-inf,0.0000000000000000e+00
-6.6542253291199268e-06,-9.1893853265547887e-01,-inf,0.0000000000000000e+00
5.4618923085059207e-05,-9.1893853412495285e-01,-inf,0.0000000000000000e+00
-1.6301612687986038e-05,-9.1893853276621074e-01,-inf,0.0000000000000000e+00
4.2745546898570144e-05,-9.1893853354693034e-01,-inf,0.0000000000000000e+00
-3.8621494578992529e-05,-9.1893853337914944e-01,-inf,0.0000000000000000e+00
2.5740762769202788e-05,-9.1893853296463290e-01,-inf,0.0000000000000000e+00
-1.2403819503716587e-05,-9.1893853271026682e-01,-inf,0.0000000000000000e+00
-4.3710215599498730e-06,-9.1893853264289238e-01,-inf,0.0000000000000000e+00
1.0396701473729120e-05,-9.1893853268738512e-01,-inf,0.0000000000000000e+00
2.1295289736650638e-05,-9.1893853286008420e-01,-inf,0.0000000000000000e+00
-3.6863140997312813e-05,-9.1893853331278508e-01,-inf,0.0000000000000000e+00
-2.4183578009851322e-06,-9.1893853263626368e-01,-inf,0.0000000000000000e+00
5.6867387014465366e-05,-9.1893853425028937e-01,-inf,0.0000000000000000e+00
9.2803170848834889e-06,-9.1893853267640158e-01,-inf,0.0000000000000000e+00
-9.7065509621538213e-06,-9.1893853268044801e-01,-inf,0.0000000000000000e+00
1.3818166873668545e-05,-9.1893853272881032e-01,-inf,0.0000000000000000e+00
3.6123127347336635e-06,-9.1893853263986391e-01,-inf,0.0000000000000000e+00
3.5270525069356923e-05,-9.1893853325534447e-01,-inf,0.0000000000000000e+00
-8.1292778667635098e-06,-9.1893853266638204e-01,-inf,0.0000000000000000e+00
-2.4828618811192663e-05,-9.1893853294156957e-01,-inf,0.0000000000000000e+00
-2.7739064270383530e-05,-9.1893853301806727e-01,-inf,0.0000000000000000e+00
2.1443738511137990e-05,-9.1893853286325644e-01,-inf,0.0000000000000000e+00
-4.0447330714431251e-05,-9.1893853345133270e-01,-inf,0.0000000000000000e+00
-1.8707997566202571e-06,-9.1893853263508940e-01,-inf,0.0000000000000000e+00
1.1920148712705935e-05,-9.1893853270438441e-01,-inf,0.0000000000000000e+00
4.7601610711927962e-05,-9.1893853376629608e-01,-inf,0.0000000000000000e+00
5.1780460169133954e-05,-9.1893853397394754e-01,-inf,0.0000000000000000e+00
2.7447279899058788e-06,-9.1893853263710623e-01,-inf,0.0000000000000000e+00
2.7262439941998892e-05,-9.1893853300495976e-01,-inf,0.0000000000000000e+00
2.9172724819199728e-05,-9.1893853305886342e-01,-inf,0.0000000000000000e+00
3.8597702833092550e-05,-9.1893853337823084e-01,-inf,0.0000000000000000e+00
-6.5382782902000721e-05,-9.1893853477079357e-01,-inf,0.0000000000000000e+00
-5.9931469956618271e-05,-9.1893853442923001e-01,-inf,0.0000000000000000e+00
2.6175840321957922e-05,-9.1893853297592676e-01,-inf,0.0000000000000000e+00
7.3207210726182428e-06,-9.1893853266013592e-01,-inf,0.0000000000000000e+00
3.2830243388409330e-05,-9.1893853317225194e-01,-inf,0.0000000000000000e+00
-1.8430318248008334e-05,-9.1893853280317783e-01,-inf,0.0000000000000000e+00
-5.8400888191765494e-05,-9.1893853433867134e-01,-inf,0.0000000000000000e+00
-3.1237927665227444e-05,-9.1893853312124352e-01,-inf,0.0000000000000000e+00
-1.5879201930237669e-05,-9.1893853275941395e-01,-inf,0.0000000000000000e+00
6.0192074160761037e-05,-9.1893853444488238e-01,-inf,0.0000000000000000e+00
-3.9781714201369395e-05,-9.1893853342463183e-01,-inf,0.0000000000000000e+00
-2.6770119079123260e-05,-9.1893853299165906e-01,-inf,0.0000000000000000e+00
-5.8599555392934211e-06,-9.1893853265050895e-01,-inf,0.0000000000000000e+00
-4.5939734931468379e-05,-9.1893853368856904e-01,-inf,0.0000000000000000e+00
-4.1808588152865627e-05,-9.1893853350731847e-01,-inf,0.0000000000000000e+00
-6.8748210114596579e-05,-9.1893853499649769e-01,-inf,0.0000000000000000e+00
-5.0324079978287259e-05,-9.1893853389959601e-01,-inf,0.0000000000000000e+00
6.5401357679917171e-05,-9.1893853477200826e-01,-inf,0.0000000000000000e+00
-6.6601871002212691e-05,-9.1893853485124410e-01,-inf,0.0000000000000000e+00
3.7302276876535387e-05,-9.1893853332906938e-01,-inf,0.0000000000000000e+00
1.1841653174521222e-05,-9.1893853270345183e-01,-inf,0.0000000000000000e+00
6.6833469660309723e-05,-9.1893853486669586e-01,-inf,0.0000000000000000e+00
3.2963131501324034e-05,-9.1893853317662344e-01,-inf,0.0000000000000000e+00
-4.5265810920311865e-05,-9.1893853365783629e-01,-inf,0.0000000000000000e+00
-2.5900471335243905e-05,-9.1893853296875672e-01,-inf,0.0000000000000000e+00
-5.4586705871931315e-05,-9.1893853412319371e-01,-inf,0.0000000000000000e+00
-6.3586276909791101e-05,-9.1893853465494679e-01,-inf,0.0000000000000000e+00
5.1167194975075073e-05,-9.1893853394238034e-01,-inf,0.0000000000000000e+00
-2.0781614729894690e-05,-9.1893853284927718e-01,-inf,0.0000000000000000e+00
3.5200451871110722e-06,-9.1893853263953484e-01,-inf,0.0000000000000000e+00
-2.9637986361311910e-06,-9.1893853263773151e-01,-inf,0.0000000000000000e+00
-6.6320865716166291e-05,-9.1893853483256804e-01,-inf,0.0000000000000000e+00
-4.9819267187060148e-05,-9.1893853387431912e-01,-inf,0.0000000000000000e+00
