cmpt_0,logl,logv,weight
3.0871027981169816e+00,-5.6840403757041873e+00,-4.6101660193249021e+00,3.3828517606702429e-05
-2.8736169201423030e+00,-5.0477756344974072e+00,-4.6201660193248868e+00,6.3279973465599391e-05
-2.6177560331502288e+00,-4.3452618571805504e+00,-4.6301660193248999e+00,1.2647980883291076e-04
-2.5229951337044567e+00,-4.1016907549815240e+00,-4.6401660193248961e+00,1.5975697969390520e-04
2.3122251114796146e+00,-3.5921310157117978e+00,-4.6501660193249013e+00,2.6327879373081017e-04
2.1767682333776857e+00,-3.2880985035544446e+00,-4.6601660193248975e+00,3.5327473314186150e-04
2.1292963285208057e+00,-3.1858899599594310e+00,-4.6701660193249008e+00,3.8739877105565938e-04
2.0935090399703129e+00,-3.1103285828520502e+00,-4.6801660193248891e+00,4.1364824205375580e-04
2.0414004215524715e+00,-3.0025963731906438e+00,-4.6901660193248995e+00,4.5611645717444349e-04
-2.0404145170137120e+00,-3.0005842332534893e+00,-4.7001660193248913e+00,4.5248757553685017e-04
1.9312595642474324e+00,-2.7838202848819309e+00,-4.7101660193249000e+00,5.5642047239584300e-04
1.8499821707956468e+00,-2.6301555487642263e+00,-4.7201660193248962e+00,6.4238575637855678e-04
1.8249649052031269e+00,-2.5841869852448687e+00,-4.7301660193248987e+00,6.6591201579308153e-04
-1.8140710042737556e+00,-2.5643653369067354e+00,-4.7401660193249038e+00,6.7248459337407285e-04
-1.8122077741498976e+00,-2.5609870409780027e+00,-4.7501660193248929e+00,6.6804631012050690e-04
-1.8086113846119465e+00,-2.5544761029073104e+00,-4.7601660193248980e+00,6.6571951669646930e-04
1.8035186023381069e+00,-2.5452782071231388e+00,-4.7701660193248987e+00,6.6518575436069446e-04
-1.8033559474310319e+00,-2.5449848692007766e+00,-4.7801660193248923e+00,6.5876025654266796e-04
-1.7952332332851006e+00,-2.5303697135789776e+00,-4.7901660193248956e+00,6.6180756413456538e-04
1.7831785463261749e+00,-2.5088013966723048e+00,-4.8001660193248954e+00,6.6950801853961762e-04
1.7309912816451665e+00,-2.4171039411991275e+00,-4.8101660193248987e+00,7.2650153613495387e-04
1.6640853013872614e+00,-2.3035284777799059e+00,-4.8201660193249003e+00,8.0578427746615881e-04
-1.6418840479260675e+00,-2.2668301460503839e+00,-4.8301660193249010e+00,8.2758712820358638e-04
-1.5933587640796083e+00,-2.1883346081679882e+00,-4.8401660193248999e+00,8.8625961819114067e-04
-1.4915158766045014e+00,-2.0312483377149864e+00,-4.8501660193248908e+00,1.0266909102744554e-03
1.4907464034285947e+00,-2.0301009523009848e+00,-4.8601660193248915e+00,1.0176421231543966e-03
-1.4117086264173728e+00,-1.9153991555839522e+00,-4.8701660193248957e+00,1.1299688930525827e-03
-1.4074274332933217e+00,-1.9093645226266531e+00,-4.8801660193249008e+00,1.1254970238059429e-03
-1.3986921149775362e+00,-1.8971083488835061e+00,-4.8901660193249050e+00,1.1280392073645593e-03
-1.3429418128567079e+00,-1.8206848889927700e+00,-4.9001660193248906e+00,1.2055119972263031e-03
1.3018288368762931e+00,-1.7663176928946807e+00,-4.9101660193248922e+00,1.2602014218047490e-03
1.2912815315720785e+00,-1.7526425295229058e+00,-4.9201660193249026e+00,1.2648413890073659e-03
1.2855010598036769e+00,-1.7451950200115278e+00,-4.9301660193248953e+00,1.2616170102410092e-03
-1.2814627952605269e+00,-1.7400119804518011e+00,-4.9401660193248880e+00,1.2555544642564871e-03
-1.2635184957376051e+00,-1.7171780271688497e+00,-4.9501660193249064e+00,1.2717720367794239e-03
-1.2587601189638560e+00,-1.7111770511802900e+00,-4.9601660193248920e+00,1.2666963455371435e-03
1.2496144173126023e+00,-1.6997066286110967e+00,-4.9701660193249033e+00,1.2685602944923846e-03
1.2483715854528636e+00,-1.6981543403163877e+00,-4.9801660193248907e+00,1.2578890003140831e-03
1.2129641876018296e+00,-1.6545795928356226e+00,-4.9901660193248940e+00,1.3008392938723553e-03
1.1997616484557139e+00,-1.6386525391859255e+00,-5.0001660193249080e+00,1.3085723325859827e-03
-1.1738860711353614e+00,-1.6079427866361469e+00,-5.0101660193248980e+00,1.3359551083574994e-03
1.1689561240556627e+00,-1.6021677426169585e+00,-5.0201660193248872e+00,1.3303226636262675e-03
1.1613826618186320e+00,-1.5933433762198050e+00,-5.0301660193248994e+00,1.3287596105691385e-03
1.1608674428840409e+00,-1.5927451426074053e+00,-5.0401660193249072e+00,1.3163254661767098e-03
-1.0905111562301271e+00,-1.5135458235645238e+00,-5.0501660193248954e+00,1.4106399068627607e-03
-1.0769405310705573e+00,-1.4988389863646066e+00,-5.0601660193248881e+00,1.4172952096785469e-03
1.0749840539296518e+00,-1.4967338907348537e+00,-5.0701660193248976e+00,1.4061498531858809e-03
1.0549563631981469e+00,-1.4754049967594698e+00,-5.0801660193248974e+00,1.4221705528439030e-03
-1.0502954529684663e+00,-1.4704988018964573e+00,-5.0901660193249070e+00,1.4149447123119289e-03
1.0488028707855968e+00,-1.4689322635173940e+00,-5.1001660193248899e+00,1.4030620069825890e-03
-1.0398594754734201e+00,-1.4595923969992675e+00,-5.1101660193248888e+00,1.4021361044179036e-03
1.0376864322304116e+00,-1.4573350984508797e+00,-5.1201660193249117e+00,1.3913217035319283e-03
-1.0299930943015139e+00,-1.4493814197877430e+00,-5.1301660193248875e+00,1.3884775232894258e-03
-1.0154660269402045e+00,-1.4345241585682014e+00,-5.1401660193248944e+00,1.3952381270347935e-03
1.0067470943195547e+00,-1.4257083885937725e+00,-5.1501660193248933e+00,1.3935868221073603e-03
9.7142800261608497e-01,-1.3907747147666778e+00,-5.1601660193249019e+00,1.4287708724235596e-03
-9.7046983829067102e-01,-1.3898443861493002e+00,-5.1701660193248982e+00,1.4158709774612275e-03
-9.5750336733602026e-01,-1.3773448818632483e+00,-5.1801660193248997e+00,1.4194143795674722e-03
9.5344509665202803e-01,-1.3734673087982370e+00,-5.1901660193249066e+00,1.4107506672734534e-03
-9.4203225937896762e-01,-1.3626509214886608e+00,-5.2001660193248975e+00,1.4119028564675297e-03
-9.4003516063214132e-01,-1.3607715842456873e+00,-5.2101660193248884e+00,1.4004836978456774e-03
9.2844570823367001e-01,-1.3499442492021001e+00,-5.2201660193248891e+00,1.4016428465229197e-03
-9.0465711826848705e-01,-1.3281407834502612e+00,-5.2301660193248987e+00,1.4182851148615441e-03
-8.9049794080173028e-01,-1.3154318239194005e+00,-5.2401660193248967e+00,1.4221324005587953e-03
-8.7269069874904015e-01,-1.2997330604748836e+00,-5.2501660193248982e+00,1.4302599331434184e-03
8.6367417243928002e-01,-1.2919050707026771e+00,-5.2601660193248856e+00,1.4271567652164492e-03
8.5474924678363740e-01,-1.2842366700719372e+00,-5.2701660193249014e+00,1.4238330836554545e-03
-8.4067005741038392e-01,-1.2723016053465286e+00,-5.2801660193248923e+00,1.4265909603048638e-03
-8.1462478271147953e-01,-1.2507453009372020e+00,-5.2901660193249151e+00,1.4431727070280073e-03
8.1225356134051274e-01,-1.2488164565885125e+00,-5.3001660193248936e+00,1.4315715159657926e-03
8.1093836084068727e-01,-1.2477490451748299e+00,-5.3101660193248952e+00,1.4188408202649469e-03
-8.0721053049859448e-01,-1.2447329529072506e+00,-5.3201660193249030e+00,1.4089662884346130e-03
-8.0533256405667819e-01,-1.2432188019983914e+00,-5.3301660193248930e+00,1.3970605995198024e-03
-7.9591677060827204e-01,-1.2356802855010898e+00,-5.3401660193248937e+00,1.3936259867573042e-03
-7.8713544184548989e-01,-1.2287296345379868e+00,-5.3501660193248943e+00,1.3893828074520974e-03
-7.8369991703536235e-01,-1.2260313126139564e+00,-5.3601660193249012e+00,1.3792749286144429e-03
-7.7140657701969850e-01,-1.2164725861679635e+00,-5.3701660193248957e+00,1.3786664253328243e-03
-7.6573685567227523e-01,-1.2121149987007709e+00,-5.3801660193248910e+00,1.3709093255745237e-03
7.4523401128079203e-01,-1.1966253984181692e+00,-5.3901660193249050e+00,1.3784557643102763e-03
7.3533760496662914e-01,-1.1892992292723688e+00,-5.4001660193248888e+00,1.3747749299137966e-03
7.3305637216892117e-01,-1.1876243550220695e+00,-5.4101660193248966e+00,1.3633772650700259e-03
7.2856058054015027e-01,-1.1843387923918398e+00,-5.4201660193249124e+00,1.3542536181674425e-03
7.1343870579652935e-01,-1.1734359260976528e+00,-5.4301660193248917e+00,1.3554768802510489e-03
-7.0549151499233032e-01,-1.1677976714964262e+00,-5.4401660193249004e+00,1.3495775103331254e-03
-7.0171973182073644e-01,-1.1651438236466225e+00,-5.4501660193248966e+00,1.3396996352128886e-03
-6.9812327747478542e-01,-1.1626265879094075e+00,-5.4601660193248893e+00,1.3297123913556079e-03
-6.8592518077229059e-01,-1.1541852094420892e+00,-5.4701660193248998e+00,1.3276414872872273e-03
6.8362261114276657e-01,-1.1526084698661665e+00,-5.4801660193248960e+00,1.3165053842812205e-03
6.8080144030215306e-01,-1.1506838331920826e+00,-5.4901660193248976e+00,1.3059169353095261e-03
-6.6820061871944947e-01,-1.1421845660618670e+00,-5.5001660193248920e+00,1.3039585726966297e-03
6.6565855809249597e-01,-1.1404891906142298e+00,-5.5101660193248962e+00,1.2931745270221306e-03
6.6545413775375339e-01,-1.1403531373601352e+00,-5.5201660193248889e+00,1.2804814273012907e-03
-6.6435820814963265e-01,-1.1396244470012347e+00,-5.5301660193248949e+00,1.2686645511035329e-03
6.5611949654562762e-01,-1.1341849295069835e+00,-5.5401660193249169e+00,1.2628920014232361e-03
6.5412261794844462e-01,-1.1328767322892028e+00,-5.5501660193248945e+00,1.2519627594259151e-03
-6.5305981886338227e-01,-1.1321820961402762e+00,-5.5601660193249005e+00,1.2403668262839982e-03
6.5129840618007928e-01,-1.1310333395796952e+00,-5.5701660193248888e+00,1.2294364824782869e-03
6.3915680044227718e-01,-1.1231992404091440e+00,-5.5801660193249027e+00,1.2267765266212635e-03
-6.3727051192798756e-01,-1.1219953853198192e+00,-5.5901660193248945e+00,1.2160329428510543e-03
6.3051556990950575e-01,-1.1177134745824939e+00,-5.6001660193248943e+00,1.2090994001374489e-03
-6.2682737288143131e-01,-1.1153948103300579e+00,-5.6101660193248959e+00,1.1998474807332479e-03
6.1980751320643357e-01,-1.1110192093469111e+00,-5.6201660193248966e+00,1.1931180021186316e-03
-6.0525315527100287e-01,-1.1021042236160918e+00,-5.6301660193248981e+00,1.1918241541102230e-03
-5.7610162155913081e-01,-1.0848850718148695e+00,-5.6401660193248970e+00,1.2004592451132156e-03
-5.7219415593609035e-01,-1.0826416086770470e+00,-5.6501660193248862e+00,1.1911838576728114e-03
5.6743458780526745e-01,-1.0799295383522063e+00,-5.6601660193248939e+00,1.1825341509998208e-03
5.6327410490012575e-01,-1.0775773912588584e+00,-5.6701660193248991e+00,1.1735247987689804e-03
5.5967540592709109e-01,-1.0755568126331665e+00,-5.6801660193248944e+00,1.1641980105801580e-03
-5.5491129329006095e-01,-1.0729018043437635e+00,-5.6901660193249093e+00,1.1556783127004173e-03
5.5372083652165138e-01,-1.0722419150324582e+00,-5.7001660193248957e+00,1.1449344021024226e-03
5.5311139642249241e-01,-1.0719046410595592e+00,-5.7101660193248964e+00,1.1339244931871683e-03
5.5310535373043723e-01,-1.0719012987959755e+00,-5.7201660193248935e+00,1.1226455081349972e-03
-5.4794206873081996e-01,-1.0690587879758449e+00,-5.7301660193249049e+00,1.1146388729414607e-03
-5.4597497988433807e-01,-1.0679828719631912e+00,-5.7401660193248940e+00,1.1047359948033084e-03
-5.2706699289031633e-01,-1.0578383401305598e+00,-5.7501660193249133e+00,1.1048956758604100e-03
5.2675567495362874e-01,-1.0576743031812659e+00,-5.7601660193248856e+00,1.0940812352248791e-03
-5.2630910547767951e-01,-1.0574391698876970e+00,-5.7701660193248978e+00,1.0834496701834749e-03
-5.2551199418260630e-01,-1.0570199606482293e+00,-5.7801660193248940e+00,1.0731189329326312e-03
-5.2422657806331130e-01,-1.0563452852073241e+00,-5.7901660193249018e+00,1.0631582660014171e-03
-5.2232584462769194e-01,-1.0553506766163554e+00,-5.8001660193249007e+00,1.0536270900836451e-03
-5.1386802254251163e-01,-1.0509687049292151e+00,-5.8101660193248863e+00,1.0477243795829552e-03
5.1066654148957724e-01,-1.0493286909318025e+00,-5.8201660193248959e+00,1.0390019290178647e-03
-5.0419698151141423e-01,-1.0460458307159501e+00,-5.8301660193249027e+00,1.0320461952960205e-03
-4.9507311758946471e-01,-1.0414872285132155e+00,-5.8401660193248812e+00,1.0264456725570584e-03
4.9414727869504760e-01,-1.0410292991542001e+00,-5.8501660193249023e+00,1.0166978366721656e-03
-4.9295813802143534e-01,-1.0404423955541198e+00,-5.8601660193249074e+00,1.0071724638860819e-03
4.8067138811142396e-01,-1.0344610243078209e+00,-5.8701660193248939e+00,1.0031331333836926e-03
4.7738826776520021e-01,-1.0328883117332688e+00,-5.8801660193248937e+00,9.9471496313372301e-04
-4.7317477330874724e-01,-1.0308857156812317e+00,-5.8901660193248944e+00,9.8679155135351546e-04
4.6579835634025291e-01,-1.0274225870179801e+00,-5.9001660193248942e+00,9.8036205922223956e-04
-4.5634659425896235e-01,-1.0230646396792165e+00,-5.9101660193248859e+00,9.7484637936674193e-04
-4.5417182975506987e-01,-1.0220745581048736e+00,-5.9201660193248999e+00,9.6610254278920913e-04
-4.5058131245838051e-01,-1.0204502922016978e+00,-5.9301660193249086e+00,9.5804451782553074e-04
4.4782982169517993e-01,-1.0192143072331077e+00,-5.9401660193248942e+00,9.4968488674390564e-04
4.4697809386891296e-01,-1.0188332408326828e+00,-5.9501660193249002e+00,9.4059372461591034e-04
-4.3804192450988583e-01,-1.0148788964475017e+00,-5.9601660193248973e+00,9.3492437362312133e-04
4.3444792505331775e-01,-1.0133110324249062e+00,-5.9701660193248847e+00,9.2707410794335733e-04
-4.3112104625133074e-01,-1.0118712108937604e+00,-5.9801660193249111e+00,9.1917205785790911e-04
4.2931344568066221e-01,-1.0110935499544409e+00,-5.9901660193249064e+00,9.1073411009780550e-04
4.2352652621995412e-01,-1.0086258918393103e+00,-6.0001660193248911e+00,9.0389992045292341e-04
-4.2222543579907790e-01,-1.0080756919512002e+00,-6.0101660193249042e+00,8.9539847861041264e-04
4.1374291646104144e-01,-1.0045301330941836e+00,-6.0201660193248863e+00,8.8963779283344211e-04
-4.1055404298208048e-01,-1.0032158437378054e+00,-6.0301660193249038e+00,8.8194411727560422e-04
-4.0543275081918639e-01,-1.0011263903517458e+00,-6.0401660193248912e+00,8.7499497920317474e-04
-3.9697484578787423e-01,-9.9773304672749275e-01,-6.0501660193248936e+00,8.6923324191158014e-04
3.9674168987961411e-01,-9.9764051687760547e-01,-6.0601660193249005e+00,8.6066386005728798e-04
-3.9626952282557787e-01,-9.9745329999354504e-01,-6.0701660193248959e+00,8.5225965402548889e-04
3.9460874550524455e-01,-9.9679656364795088e-01,-6.0801660193248939e+00,8.4433385146528170e-04
3.9308533942627388e-01,-9.9619657466927392e-01,-6.0901660193248954e+00,8.3643429010491041e-04
-3.9131609392835986e-01,-9.9550267531701397e-01,-6.1001660193248943e+00,8.2868645539649908e-04
-3.8127859250172014e-01,-9.9162521518338587e-01,-6.1101660193249021e+00,8.2362828974766658e-04
3.8046842750628185e-01,-9.9131664479789094e-01,-6.1201660193248895e+00,8.1568470865179589e-04
-3.7940705543936254e-01,-9.9091338949192320e-01,-6.1301660193249070e+00,8.0789423214924229e-04
3.7407284271086316e-01,-9.8890377846023259e-01,-6.1401660193248890e+00,8.0146456496916032e-04
-3.7350971882687861e-01,-9.8869328766240638e-01,-6.1501660193248942e+00,7.9365689919667784e-04
-3.6988576679783136e-01,-9.8734627287314936e-01,-6.1601660193248957e+00,7.8681902446494018e-04
3.6915277648608646e-01,-9.8707541882703276e-01,-6.1701660193249035e+00,7.7920106554427127e-04
-3.6729773537648580e-01,-9.8639234583968693e-01,-6.1801660193248864e+00,7.7197502062637544e-04
3.5737693467968135e-01,-9.8279766935386204e-01,-6.1901660193249004e+00,7.6704607347705719e-04
-3.5397554623569538e-01,-9.8158787629976896e-01,-6.2001660193248940e+00,7.6033312707266866e-04
-3.4605574729277094e-01,-9.7881582275051859e-01,-6.2101660193249044e+00,7.5485729330165743e-04
3.4590145754063401e-01,-9.7876244179770699e-01,-6.2201660193248891e+00,7.4738623286206291e-04
3.4451142041042782e-01,-9.7828259202994472e-01,-6.2301660193249182e+00,7.4030476544515171e-04
-3.4420009835967585e-01,-9.7817538648874469e-01,-6.2401660193248949e+00,7.3301718924504518e-04
-3.4119665747488653e-01,-9.7714611216935698e-01,-6.2501660193249009e+00,7.2647089950629313e-04
-3.3582356956826254e-01,-9.7532726757212429e-01,-6.2601660193249007e+00,7.2055177383983633e-04
-3.2663712223692859e-01,-9.7228443744495063e-01,-6.2701660193248960e+00,7.1555617052733911e-04
3.2513484857853081e-01,-9.7179486751343158e-01,-6.2801660193248861e+00,7.0878318167624311e-04
-3.2315535645336024e-01,-9.7115322483558864e-01,-6.2901660193248929e+00,7.0218107601377651e-04
-3.1508797739602418e-01,-9.6857874938309818e-01,-6.3001660193249061e+00,6.9698632394570807e-04
3.0956025561779110e-01,-9.6685230856241555e-01,-6.3101660193248987e+00,6.9124355567247637e-04
3.0814497188784118e-01,-9.6641519448321866e-01,-6.3201660193248861e+00,6.8466477858849779e-04
-3.0162306061848354e-01,-9.6442676798177018e-01,-6.3301660193249081e+00,6.7920145054213218e-04
2.9768679482945909e-01,-9.6324724654125771e-01,-6.3401660193248830e+00,6.7323691242083476e-04
-2.9156342449934747e-01,-9.6144314788623286e-01,-6.3501660193249094e+00,6.6774167906087894e-04
2.8993191402290835e-01,-9.6096879001783297e-01,-6.3601660193248941e+00,6.6141120955103742e-04
2.8713661829534587e-01,-9.6016225141638301e-01,-6.3701660193248877e+00,6.5535841681728304e-04
-2.8688526386955809e-01,-9.6009010994609245e-01,-6.3801660193248928e+00,6.4888430139513364e-04
-2.8336435559581497e-01,-9.5908621164445518e-01,-6.3901660193248988e+00,6.4307305072224766e-04
2.8273311293237013e-01,-9.5890753920755367e-01,-6.4001660193248995e+00,6.3678813327993863e-04
2.8238848001147371e-01,-9.5881015945493475e-01,-6.4101660193248904e+00,6.3051338173496403e-04
-2.7612484322526520e-01,-9.5706099715642812e-01,-6.4201660193248964e+00,6.2533252076627888e-04
-2.7281307433245999e-01,-9.5615201939670369e-01,-6.4301660193248935e+00,6.1967337161360333e-04
-2.6690552376359189e-01,-9.5455781194109812e-01,-6.4401660193249013e+00,6.1448635683330349e-04
-2.6359918159953927e-01,-9.5368079690331287e-01,-6.4501660193249020e+00,6.0890590095249368e-04
2.6155720521357140e-01,-9.5314461843290665e-01,-6.4601660193249000e+00,6.0317050635994701e-04
2.5644953598121317e-01,-9.5182171488582923e-01,-6.4701660193248838e+00,5.9795937912185935e-04
-2.5300339802855898e-01,-9.5094389234033816e-01,-6.4801660193249280e+00,5.9252949140809624e-04
-2.5102907661482282e-01,-9.5044633128638478e-01,-6.4901660193248931e+00,5.8692568318193374e-04
-2.4599820061820149e-01,-9.4919608998703597e-01,-6.5001660193248920e+00,5.8181262670460175e-04
-2.4174085335702378e-01,-9.4815785272423048e-01,-6.5101660193248971e+00,5.7662185396401054e-04
2.3694000417884442e-01,-9.4700881542347493e-01,-6.5201660193249014e+00,5.7154071509941441e-04
2.3679363197665781e-01,-9.4697414470568786e-01,-6.5301660193248852e+00,5.6587340886222440e-04
-2.3359350067585430e-01,-9.4622149441233960e-01,-6.5401660193249009e+00,5.6066470005455035e-04
-2.3287192293445941e-01,-9.4605319887893591e-01,-6.5501660193249043e+00,5.5517941943272178e-04
2.3073697450955200e-01,-9.4555830833625032e-01,-6.5601660193248890e+00,5.4992737843700902e-04
2.2361450239463887e-01,-9.4394025547394045e-01,-6.5701660193248967e+00,5.4533718049407619e-04
2.2345421653670250e-01,-9.4390442607735525e-01,-6.5801660193249019e+00,5.3993032991675363e-04
-2.2196832093093743e-01,-9.4357350038178933e-01,-6.5901660193248821e+00,5.3473486159958110e-04
-2.2140063611997896e-01,-9.4344765347050519e-01,-6.6001660193249112e+00,5.2948079015592391e-04
2.1932212267476775e-01,-9.4298962938062236e-01,-6.6101660193249039e+00,5.2445252515475693e-04
-2.1795437488942493e-01,-9.4269058740005951e-01,-6.6201660193248770e+00,5.1938943136187752e-04
2.1735422318862785e-01,-9.4255996180230539e-01,-6.6301660193249310e+00,5.1428859503854514e-04
2.1329628772075077e-01,-9.4168618581106611e-01,-6.6401660193248597e+00,5.0961643413646057e-04
-2.1261584803956168e-01,-9.4154128205213050e-01,-6.6501660193249164e+00,5.0461878175341382e-04
-2.1260972547186541e-01,-9.4153998031595043e-01,-6.6601660193248859e+00,4.9959839132656845e-04
2.0984015804214778e-01,-9.4095497859691624e-01,-6.6701660193249168e+00,4.9491674675140635e-04
2.0963741765946015e-01,-9.4091245607480289e-01,-6.6801660193248669e+00,4.9001307898991462e-04
-2.0957281037232889e-01,-9.4089891405701753e-01,-6.6901660193249173e+00,4.8514393717219998e-04
-2.0899150230710473e-01,-9.4077725665162970e-01,-6.7001660193248824e+00,4.8037511197674857e-04
2.0821602898623826e-01,-9.4061548999673850e-01,-6.7101660193249124e+00,4.7567224143365769e-04
2.0805953050058509e-01,-9.4058291674940142e-01,-6.7201660193248767e+00,4.7095456382015288e-04
2.0627878708933733e-01,-9.4021400163486357e-01,-6.7301660193249155e+00,4.6644053283914031e-04
-2.0546688321013462e-01,-9.4004685268138299e-01,-6.7401660193248771e+00,4.6187656772444174e-04
-2.0118784197832593e-01,-9.3917680651328739e-01,-6.7501660193249133e+00,4.5767884763909427e-04
1.9952193626937631e-01,-9.3884303415967996e-01,-6.7601660193248811e+00,4.5327613281171851e-04
1.9837836488971561e-01,-9.3861552046149810e-01,-6.7701660193249182e+00,4.4886807195135438e-04
-1.9460807315746453e-01,-9.3787468370237004e-01,-6.7801660193248727e+00,4.4473111115305851e-04
1.9397955744060469e-01,-9.3775256698576592e-01,-6.7901660193249160e+00,4.4035973466177410e-04
1.9013865605333174e-01,-9.3701488689622303e-01,-6.8001660193248785e+00,4.3629981309505761e-04
-1.8959632713878743e-01,-9.3691191626559855e-01,-6.8101660193249165e+00,4.3200303875469566e-04
1.8873306009189972e-01,-9.3674861661916575e-01,-6.8201660193248683e+00,4.2777438640092359e-04
1.8717462853738315e-01,-9.3645570341739315e-01,-6.8301660193249196e+00,4.2364203231037893e-04
-1.8683709204602994e-01,-9.3639258211544785e-01,-6.8401660193248786e+00,4.1945319925451379e-04
-1.8484829429897631e-01,-9.3602297858595995e-01,-6.8501660193249103e+00,4.1543308735083538e-04
1.8347860093227503e-01,-9.3577073113337195e-01,-6.8601660193249190e+00,4.1140322139273587e-04
-1.8193813696064415e-01,-9.3548927547369454e-01,-6.8701660193248753e+00,4.0742434669602430e-04
-1.8161533467675445e-01,-9.3543059752821422e-01,-6.8801660193249150e+00,4.0339407635291548e-04
1.8097944025825369e-01,-9.3531531153143488e-01,-6.8901660193248739e+00,3.9942628383163363e-04
1.7767765840637054e-01,-9.3472320778172491e-01,-6.9001660193249190e+00,3.9568614380450196e-04
1.7603120142954226e-01,-9.3443202457170349e-01,-6.9101660193248833e+00,3.9186308823146548e-04
-1.7301466061765958e-01,-9.3390556902766142e-01,-6.9201660193249088e+00,3.8816828491956780e-04
-1.7221183626171915e-01,-9.3376699090765602e-01,-6.9301660193248731e+00,3.8435920603708461e-04
-1.6858547210540376e-01,-9.3314906333584036e-01,-6.9401660193249235e+00,3.8076998362777823e-04
1.6168015332198049e-01,-9.3200876862244908e-01,-6.9501660193248753e+00,3.7741137390632281e-04
1.6116310725841568e-01,-9.3192530620393321e-01,-6.9601660193249106e+00,3.7368725553159018e-04
-1.5944829870671343e-01,-9.3165041261357218e-01,-6.9701660193248811e+00,3.7007072130131979e-04
1.5708581735351246e-01,-9.3127650964014996e-01,-6.9801660193249200e+00,3.6652547544732976e-04
-1.5565281091933669e-01,-9.3105243140688487e-01,-6.9901660193248638e+00,3.6295980831246020e-04
1.5506939709243617e-01,-9.3096179159064529e-01,-7.0001660193249240e+00,3.5938087061721625e-04
1.5500536673559207e-01,-9.3095186449175715e-01,-7.0101660193248723e+00,3.5580850333589075e-04
1.5478410246083180e-01,-9.3091759182064215e-01,-7.0201660193249227e+00,3.5228022295154791e-04
-1.5397705701001421e-01,-9.3079299967607210e-01,-7.0301660193248745e+00,3.4881843349573441e-04
1.5352713625603520e-01,-9.3072382341682902e-01,-7.0401660193249143e+00,3.4537152277473422e-04
-1.5160516452671821e-01,-9.3043059558892616e-01,-7.0501660193248732e+00,3.4203529826931650e-04
1.4896832585342529e-01,-9.3003431368712564e-01,-7.0601660193249218e+00,3.3876621050973508e-04
1.4869167386274193e-01,-9.2999313957139151e-01,-7.0701660193248737e+00,3.3540924028958619e-04
-1.4735319556180915e-01,-9.2979501475447790e-01,-7.0801660193249205e+00,3.3213766078151380e-04
-1.4482421887239116e-01,-9.2942555981933861e-01,-7.0901660193248635e+00,3.2895434719773400e-04
-1.4476413121734910e-01,-9.2941685947689645e-01,-7.1001660193249299e+00,3.2568403030442614e-04
1.4174561516731010e-01,-9.2898444234291910e-01,-7.1101660193249048e+00,3.2258288026755435e-04
1.4015780967830138e-01,-9.2876063844024892e-01,-7.1201660193248903e+00,3.1944461193045726e-04
1.3528282765372407e-01,-9.2808925436233303e-01,-7.1301660193249061e+00,3.1647849224308541e-04
-1.3524351163078360e-01,-9.2808393635245245e-01,-7.1401660193248810e+00,3.1333114492415555e-04
1.3511529293003890e-01,-9.2806660382512463e-01,-7.1501660193249181e+00,3.1021882477024604e-04
-1.3456915407454489e-01,-9.2799296124750874e-01,-7.1601660193248691e+00,3.0715471472171407e-04
-1.3288371615730477e-01,-9.2776757364322704e-01,-7.1701660193249195e+00,3.0416702199668295e-04
1.3244582359997698e-01,-9.2770948072787762e-01,-7.1801660193248802e+00,3.0115800419808978e-04
1.3152849537159275e-01,-9.2758840518069696e-01,-7.1901660193249199e+00,2.9819753423257012e-04
1.3145755837105161e-01,-9.2757907745977863e-01,-7.2001660193248691e+00,2.9523317303118324e-04
-1.3095886342096463e-01,-9.2751364458759489e-01,-7.2101660193249142e+00,2.9231468024010514e-04
1.3071178113194593e-01,-9.2748131749668228e-01,-7.2201660193248784e+00,2.8941545638271407e-04
1.3047690040955301e-01,-9.2745064340358163e-01,-7.2301660193249093e+00,2.8654451383442782e-04
-1.3044735772611288e-01,-9.2744678920220169e-01,-7.2401660193248807e+00,2.8369444169692147e-04
-1.3033701913328488e-01,-9.2743240191161458e-01,-7.2501660193249204e+00,2.8087567584848637e-04
1.2992453428608258e-01,-9.2737872493806717e-01,-7.2601660193248732e+00,2.7809584312058709e-04
-1.2976592331036813e-01,-9.2735813005963563e-01,-7.2701660193249209e+00,2.7533441366824545e-04
-1.2883584655590585e-01,-9.2723787031222793e-01,-7.2801660193248701e+00,2.7262757462959977e-04
1.2863123255938874e-01,-9.2721152962821329e-01,-7.2901660193249196e+00,2.6992199477379432e-04
1.2753114269665392e-01,-9.2707062881209656e-01,-7.3001660193248741e+00,2.6727388250624771e-04
1.2746898199940526e-01,-9.2706270331932183e-01,-7.3101660193249165e+00,2.6461656014911911e-04
-1.2694632052688792e-01,-9.2699621678099720e-01,-7.3201660193248701e+00,2.6200100034340503e-04
1.2511536653008098e-01,-9.2676546010431771e-01,-7.3301660193249187e+00,2.5945391064701064e-04
-1.2445478224561504e-01,-9.2668302904524125e-01,-7.3401660193248670e+00,2.5689347623021673e-04
-1.2328946250869749e-01,-9.2653867841618121e-01,-7.3501660193249228e+00,2.5437405983843003e-04
1.2224377612696691e-01,-9.2641030303422944e-01,-7.3601660193249163e+00,2.5187532816920436e-04
1.1990565075379384e-01,-9.2612721517468488e-01,-7.3701660193248806e+00,2.4943973014478969e-04
1.1946188532322281e-01,-9.2607410365582887e-01,-7.3801660193249123e+00,2.4697088001050338e-04
-1.1888805341530742e-01,-9.2600571725577996e-01,-7.3901660193248775e+00,2.4453020066363574e-04
1.1803672477614147e-01,-9.2590486683127871e-01,-7.4001660193249128e+00,2.4212150133862112e-04
-1.1674941195283163e-01,-9.2575374522900544e-01,-7.4101660193248815e+00,2.3974858059953137e-04
-1.1553787534128576e-01,-9.2561303295252872e-01,-7.4201660193249213e+00,2.3739644460819595e-04
-1.1521235477255963e-01,-9.2557547597945855e-01,-7.4301660193248713e+00,2.3504313786003368e-04
-1.1415858394750558e-01,-9.2545462377778931e-01,-7.4401660193249155e+00,2.3273254410306299e-04
1.1326089813303886e-01,-9.2535254815629076e-01,-7.4501660193248709e+00,2.3044033773747364e-04
-1.1233544439048027e-01,-9.2524815866654286e-01,-7.4601660193249204e+00,2.2817123550175909e-04
-1.1223923750406656e-01,-9.2523735585108657e-01,-7.4701660193248687e+00,2.2590333415371889e-04
1.1187837529523226e-01,-9.2519691806268989e-01,-7.4801660193249200e+00,2.2366460274127103e-04
-1.1062536426000552e-01,-9.2505751824216897e-01,-7.4901660193248718e+00,2.2146997348239730e-04
-1.1036508385176785e-01,-9.2502875850014332e-01,-7.5001660193249187e+00,2.1927261655987348e-04
1.0944831090783406e-01,-9.2492799901362843e-01,-7.5101660193248811e+00,2.1711269263220324e-04
1.0568731575902962e-01,-9.2452343698951389e-01,-7.5201660193249156e+00,2.1503936441044964e-04
-1.0359646104228719e-01,-9.2430464600358253e-01,-7.5301660193248807e+00,2.1294627261259170e-04
-1.0298626819304345e-01,-9.2424161835150420e-01,-7.5401660193249151e+00,2.1084071017374688e-04
-1.0278403965357104e-01,-9.2422081203709294e-01,-7.5501660193248670e+00,2.0874715326880489e-04
9.7928434216550314e-02,-9.2373352174739209e-01,-7.5601660193249183e+00,2.0677081725575702e-04
-9.7848117570616622e-02,-9.2372565968939613e-01,-7.5701660193248737e+00,2.0471502272330515e-04
-9.7050311206434925e-02,-9.2364791408597235e-01,-7.5801660193249241e+00,2.0269383215488321e-04
9.5985724232726874e-02,-9.2354516226158001e-01,-7.5901660193248759e+00,2.0069761581366960e-04
-9.5058033025367611e-02,-9.2345654745466543e-01,-7.6001660193249183e+00,1.9871824976930045e-04
9.4967980638729910e-02,-9.2344799130663857e-01,-7.6101660193249154e+00,1.9674265349908690e-04
9.4615415595003013e-02,-9.2341457106744707e-01,-7.6201660193248788e+00,1.9479154125926846e-04
-9.4559493245832238e-02,-9.2340928151479373e-01,-7.6301660193249159e+00,1.9285435315003329e-04
9.2263482526065588e-02,-9.2319480773725826e-01,-7.6401660193248722e+00,1.9097637530658687e-04
9.2187873146971883e-02,-9.2318783461102061e-01,-7.6501660193249155e+00,1.8907744707860708e-04
-9.0754254275401028e-02,-9.2305669996788153e-01,-7.6601660193248744e+00,1.8722064454863055e-04
-9.0460590217877473e-02,-9.2303009182462281e-01,-7.6701660193249159e+00,1.8536270010143812e-04
-8.8235677983297858e-02,-9.2283130006792558e-01,-7.6801660193248740e+00,1.8355479597244125e-04
-8.7936208905921659e-02,-9.2280492105171241e-01,-7.6901660193249164e+00,1.8173318911588300e-04
8.5875179891610032e-02,-9.2262580589404763e-01,-7.7001660193248771e+00,1.7995714383654243e-04
8.5466365399871291e-02,-9.2259078244067161e-01,-7.7101660193249213e+00,1.7817278045412945e-04
-8.4687661567269160e-02,-9.2252453264420564e-01,-7.7201660193248687e+00,1.7641161851393800e-04
8.3266865726518424e-02,-9.2240521809729847e-01,-7.7301660193249209e+00,1.7467713386091973e-04
-8.3086908261357201e-02,-9.2239024979555506e-01,-7.7401660193248754e+00,1.7294165596230913e-04
8.2377988957860110e-02,-9.2233159916571017e-01,-7.7501660193249249e+00,1.7123090023942714e-04
8.2018998846929314e-02,-9.2230209071926572e-01,-7.7601660193248740e+00,1.6953212687065105e-04
-8.1610437557831664e-02,-9.2226866439252986e-01,-7.7701660193249085e+00,1.6785086456749647e-04
8.0896149437889767e-02,-9.2221062613027815e-01,-7.7801660193248710e+00,1.6619036567984148e-04
8.0708347104921585e-02,-9.2219545127954372e-01,-7.7901660193249276e+00,1.6453924075150516e-04
-8.0600322897370819e-02,-9.2218673865891965e-01,-7.8001660193248776e+00,1.6290346726117566e-04
-8.0422831440987136e-02,-9.2217244854183222e-01,-7.8101660193249041e+00,1.6128485544208681e-04
-7.9312700678908471e-02,-9.2208378487783049e-01,-7.8201660193248710e+00,1.5969420276215943e-04
-7.8539173306165944e-02,-9.2202273350514741e-01,-7.8301660193249258e+00,1.5811487173067175e-04
-7.7739633046228676e-02,-9.2196025790642067e-01,-7.8401660193248759e+00,1.5655138280608333e-04
7.7232430794897833e-02,-9.2192095681658381e-01,-7.8501660193249148e+00,1.5499976206022968e-04
7.6639201341554317e-02,-9.2187531622447516e-01,-7.8601660193249234e+00,1.5346449270936866e-04
7.3375811094202728e-02,-9.2163053746020551e-01,-7.8701660193248681e+00,1.5197469111787637e-04
7.3219081896777546e-02,-9.2161904961024299e-01,-7.8801660193249283e+00,1.5046424617608194e-04
-7.2957482925004064e-02,-9.2159992979071559e-01,-7.8901660193248713e+00,1.4896995016316521e-04
-7.2764720261543236e-02,-9.2158588489070981e-01,-7.9001660193249208e+00,1.4748974585684192e-04
-7.2195127353151034e-02,-9.2154460084010836e-01,-7.9101660193248717e+00,1.4602822687754673e-04
7.2168963951672271e-02,-9.2154271231226836e-01,-7.9201660193249150e+00,1.4457549477738370e-04
7.1663236124914292e-02,-9.2150634233928708e-01,-7.9301660193248669e+00,1.4314215055003613e-04
7.0177837058323492e-02,-9.2140099704043177e-01,-7.9401660193249226e+00,1.4173279245151052e-04
6.9502046773768866e-02,-9.2135379988621102e-01,-7.9501660193248807e+00,1.4032915058369692e-04
6.8587860524939800e-02,-9.2129067993903380e-01,-7.9601660193249080e+00,1.3894162191660866e-04
-6.8133258165399141e-02,-9.2125960306745591e-01,-7.9701660193248740e+00,1.3756340465321626e-04
6.7659196641665212e-02,-9.2122741607843728e-01,-7.9801660193249182e+00,1.3619900967235852e-04
6.7322572852409474e-02,-9.2120469704107344e-01,-7.9901660193248674e+00,1.3484687043921391e-04
-6.7080612935336223e-02,-9.2118843694922969e-01,-8.0001660193249204e+00,1.3350729248312089e-04
6.6289278377137370e-02,-9.2113566684722026e-01,-8.0101660193248758e+00,1.3218584800385994e-04
6.2816409841178089e-02,-9.2091148330600692e-01,-8.0201660193249342e+00,1.3089991915847291e-04
6.2685790450269674e-02,-9.2090328679552702e-01,-8.0301660193248718e+00,1.2959850545178850e-04
-6.2393894898681475e-02,-9.2088503169365332e-01,-8.0401660193249018e+00,1.2831132109153830e-04
6.0658187692437901e-02,-9.2077824050040502e-01,-8.0501660193248856e+00,1.2704816901595924e-04
6.0341608991201445e-02,-9.2075908752116298e-01,-8.0601660193249156e+00,1.2578642777415176e-04
5.9306388541229792e-02,-9.2069715649424111e-01,-8.0701660193248692e+00,1.2454254471456255e-04
-5.9023833689604989e-02,-9.2068043910504849e-01,-8.0801660193249205e+00,1.2330538701625882e-04
5.8721119252047600e-02,-9.2066261755644607e-01,-8.0901660193248794e+00,1.2208065356274309e-04
-5.8449194830292109e-02,-9.2064668682149420e-01,-8.1001660193249148e+00,1.2086785626222426e-04
5.7996424594454407e-02,-9.2062032526620963e-01,-8.1101660193249181e+00,1.1966835560042463e-04
5.6621427053001223e-02,-9.2054152563409863e-01,-8.1201660193248699e+00,1.1848697192918473e-04
-5.5289688377723932e-02,-9.2046700745379240e-01,-8.1301660193249230e+00,1.1731674876484330e-04
-5.3817007304986342e-02,-9.2038666777097189e-01,-8.1401660193248695e+00,1.1615875939365756e-04
-5.3428195780913498e-02,-9.2036581868554124e-01,-8.1501660193249172e+00,1.1500535815773664e-04
5.2682738148283309e-02,-9.2032626808273976e-01,-8.1601660193248744e+00,1.1386553908598884e-04
-5.2025520421498703e-02,-9.2029186002090335e-01,-8.1701660193249168e+00,1.1273643701739955e-04
-5.1939545215532512e-02,-9.2028739081193767e-01,-8.1801660193248757e+00,1.1161518955704574e-04
5.0875238622310276e-02,-9.2023267758577798e-01,-8.1901660193249164e+00,1.1051064609339741e-04
4.9413209563191070e-02,-9.2015936527300735e-01,-8.2001660193248807e+00,1.0941906826320098e-04
4.8220610599633285e-02,-9.2010114627664019e-01,-8.2101660193249213e+00,1.0833663740966902e-04
4.7677949722044075e-02,-9.2007512607818831e-01,-8.2201660193248713e+00,1.0726146078457742e-04
4.5897067341073461e-02,-9.1999180302859496e-01,-8.2301660193249120e+00,1.0620304020998664e-04
-4.5209866921664718e-02,-9.1996049866687679e-01,-8.2401660193248798e+00,1.0514959389295777e-04
-4.4229236577016315e-02,-9.1991664531743234e-01,-8.2501660193249204e+00,1.0410790333267156e-04
4.3453223724856299e-02,-9.1988262395938070e-01,-8.2601660193248634e+00,1.0307551909598139e-04
4.3245451541935945e-02,-9.1987361717287242e-01,-8.2701660193249236e+00,1.0205081969038623e-04
-4.2919933745129007e-02,-9.1985959298968256e-01,-8.2801660193248807e+00,1.0103681401729035e-04
4.2915453174505735e-02,-9.1985940069392602e-01,-8.2901660193249125e+00,1.0003150015599186e-04
-4.2556601422159945e-02,-9.1984406479564174e-01,-8.3001660193248803e+00,9.9037688919400158e-05
4.1668977447287023e-02,-9.1980668447409075e-01,-8.3101660193249103e+00,9.8055912742593958e-05
-4.0867551920523902e-02,-9.1977361103332778e-01,-8.3201660193248763e+00,9.7083450939598181e-05
-4.0329984290186860e-02,-9.1975178644976285e-01,-8.3301660193249134e+00,9.6119552208849359e-05
-4.0209460724224488e-02,-9.1974693299920596e-01,-8.3401660193248848e+00,9.5163608555166447e-05
-3.9947943314324448e-02,-9.1973645172086171e-01,-8.3501660193249077e+00,9.4217702345799367e-05
3.9679050793311806e-02,-9.1972574616926861e-01,-8.3601660193249305e+00,9.3281219165244211e-05
-3.9551755326510285e-02,-9.1972070330804356e-01,-8.3701660193248717e+00,9.2353521251292239e-05
-3.9096996237808199e-02,-9.1970282019074912e-01,-8.3801660193249141e+00,9.1436223511077278e-05
3.9087464370946554e-02,-9.1970244756881447e-01,-8.3901660193248748e+00,9.0526451617932687e-05
3.8890403585226135e-02,-9.1969476437885034e-01,-8.4001660193249243e+00,8.9626386988143664e-05
3.8841556454364143e-02,-9.1969286588723820e-01,-8.4101660193248691e+00,8.8734757999188896e-05
3.8677427740344016e-02,-9.1968650434164423e-01,-8.4201660193249168e+00,8.7852391280080465e-05
3.8558285380975721e-02,-9.1968190331909982e-01,-8.4301660193248740e+00,8.6978645571102753e-05
3.8396750455865214e-02,-9.1967568785612441e-01,-8.4401660193249217e+00,8.6113728822423860e-05
-3.8012772936212004e-02,-9.1966101808648948e-01,-8.4501660193248753e+00,8.5258133612171311e-05
-3.7773509884806149e-02,-9.1965195165784819e-01,-8.4601660193249177e+00,8.4410566307397813e-05
3.7259025413496571e-02,-9.1963265012072126e-01,-8.4701660193248607e+00,8.3572280197218731e-05
-3.6428378387773741e-02,-9.1960204600932083e-01,-8.4801660193249297e+00,8.2743254360314987e-05
3.5975570564905843e-02,-9.1958565347207477e-01,-8.4901660193248638e+00,8.1921288110060268e-05
-3.5946228402869450e-02,-9.1958459830153505e-01,-8.5001660193249293e+00,8.1106243254750848e-05
3.5808362490110664e-02,-9.1957965204545100e-01,-8.5101660193248705e+00,8.0299619831891215e-05
3.5529903315531387e-02,-9.1956971964814493e-01,-8.5201660193249147e+00,7.9501414900399502e-05
3.5224463681981177e-02,-9.1955891405418111e-01,-8.5301660193248825e+00,7.8711213121780964e-05
3.4967560100404416e-02,-9.1954989776302720e-01,-8.5401660193249089e+00,7.7928726090328640e-05
3.4858736424337150e-02,-9.1954609838589019e-01,-8.5501660193248750e+00,7.7153615445142601e-05
3.4728679201538437e-02,-9.1954157321288110e-01,-8.5601660193249245e+00,7.6386269804911238e-05
-3.4619819963996601e-02,-9.1953779860050922e-01,-8.5701660193248728e+00,7.5626499181256088e-05
-3.4452438215724523e-02,-9.1953201788284367e-01,-8.5801660193249223e+00,7.4874435768152914e-05
3.4393323873819465e-02,-9.1952998299688415e-01,-8.5901660193248723e+00,7.4129573529401130e-05
3.4379311165830442e-02,-9.1952950115145793e-01,-8.6001660193249059e+00,7.3392007312272347e-05
-3.4131170441833343e-02,-9.1952100103120415e-01,-8.6101660193249216e+00,7.2662362274224078e-05
-3.3913371017560860e-02,-9.1951359100022678e-01,-8.6201660193249285e+00,7.1939892764275772e-05
-3.3537348835363426e-02,-9.1950090951679186e-01,-8.6301660193248182e+00,7.1224982103915588e-05
3.2963679804858842e-02,-9.1948183472647804e-01,-8.6401660193249246e+00,7.0517626786877272e-05
-3.2683566453826460e-02,-9.1947264039141030e-01,-8.6501660193249190e+00,6.9816606591057397e-05
-3.2176241530222270e-02,-9.1945618789284511e-01,-8.6601660193249117e+00,6.9123056986048620e-05
-3.2108256798487958e-02,-9.1945400271065825e-01,-8.6701660193248262e+00,6.8435420620976218e-05
-3.1605244930315919e-02,-9.1943797838689212e-01,-8.6801660193249361e+00,6.7755562536716459e-05
-3.1155909665608078e-02,-9.1942387798688519e-01,-8.6901660193249093e+00,6.7082329306067230e-05
3.0939833725921448e-02,-9.1941716928883332e-01,-8.7001660193249268e+00,6.6415294535640161e-05
3.0883647212548222e-02,-9.1941543246591406e-01,-8.7101660193248218e+00,6.5754565517356679e-05
3.0549205062785832e-02,-9.1940515959832358e-01,-8.7201660193249158e+00,6.5100965428864453e-05
3.0492468503610419e-02,-9.1940342795106134e-01,-8.7301660193249244e+00,6.4453311610060916e-05
-3.0345621725065039e-02,-9.1939896101227980e-01,-8.7401660193249224e+00,6.3812275489015746e-05
-3.0122258735408969e-02,-9.1939220786900089e-01,-8.7501660193248281e+00,6.3177759386082752e-05
3.0051140708321419e-02,-9.1939006816227509e-01,-8.7601660193249113e+00,6.2549264013768611e-05
-2.8989561693820411e-02,-9.1935872997693935e-01,-8.7701660193249147e+00,6.1928829144680317e-05
-2.8825408861773788e-02,-9.1935398473136365e-01,-8.7801660193249216e+00,6.1312917943133274e-05
-2.8816624601170838e-02,-9.1935373156004185e-01,-8.7901660193248361e+00,6.0702859584501942e-05
2.8585778477628811e-02,-9.1934710599892555e-01,-8.8001660193249105e+00,6.0099254229693614e-05
2.8277087741812978e-02,-9.1933832947891858e-01,-8.8101660193249192e+00,5.9501778874817742e-05
2.8010795048193930e-02,-9.1933083495295542e-01,-8.8201660193249243e+00,5.8910167784920306e-05
-2.7986915440236175e-02,-9.1933016635126896e-01,-8.8301660193248264e+00,5.8324040817140648e-05
2.7238839659009084e-02,-9.1930950982632409e-01,-8.8401660193249132e+00,5.7744899711226583e-05
2.7172758574038131e-02,-9.1930771203760098e-01,-8.8501660193249236e+00,5.7170431139225683e-05
2.6630494324146249e-02,-9.1929312424731369e-01,-8.8601660193249199e+00,5.6602401542699676e-05
2.6594755968727742e-02,-9.1929217315585754e-01,-8.8701660193249179e+00,5.6039251535581585e-05
-2.6410369843494742e-02,-9.1928728645097457e-01,-8.8801660193248253e+00,5.5481922789356131e-05
2.6358624216102536e-02,-9.1928592116862229e-01,-8.8901660193249210e+00,5.4929943428512079e-05
-2.5962934912707052e-02,-9.1927556962798018e-01,-8.9001660193249155e+00,5.4383944313946067e-05
-2.5823894055059235e-02,-9.1927196938542288e-01,-8.9101660193249224e+00,5.3843008874188872e-05
2.5590990021565396e-02,-9.1926598201848142e-01,-8.9201660193248227e+00,5.3307581155544644e-05
2.5495628907896813e-02,-9.1926354618004402e-01,-8.9301660193249202e+00,5.2777290417408173e-05
2.5387352664673728e-02,-9.1926079147099971e-01,-8.9401660193249217e+00,5.2252291543148273e-05
2.5361719464363872e-02,-9.1926014104043396e-01,-8.9501660193249108e+00,5.1732406203634889e-05
2.5208078125165137e-02,-9.1925625623472174e-01,-8.9601660193248343e+00,5.1217859132402340e-05
2.5133507903852596e-02,-9.1925437924311593e-01,-8.9701660193249229e+00,5.0708328098035607e-05
-2.5063135428411459e-02,-9.1925261301209094e-01,-8.9801660193249120e+00,5.0203860474696582e-05
2.5017613932789451e-02,-9.1925147313678457e-01,-8.9901660193249135e+00,4.9704380373303246e-05
2.4697534469280503e-02,-9.1924351673777016e-01,-9.0001660193248298e+00,4.9210205059667792e-05
2.4583135176781155e-02,-9.1924069790089946e-01,-9.0101660193249202e+00,4.8720692673573468e-05
2.4380689421352006e-02,-9.1923574164166966e-01,-9.0201660193249253e+00,4.8236152751900352e-05
2.4067621829538768e-02,-9.1922815784360434e-01,-9.0301660193249251e+00,4.7756557187431137e-05
-2.3256902814477207e-02,-9.1920897439760052e-01,-9.0401660193248290e+00,4.7282278532190516e-05
-2.3237905244578725e-02,-9.1920853275341752e-01,-9.0501660193249069e+00,4.6811832674242440e-05
2.3153850822319078e-02,-9.1920658303729053e-01,-9.0601660193249227e+00,4.6346137518350534e-05
-2.2697911374915447e-02,-9.1919613022373126e-01,-9.0701660193249172e+00,4.5885465374667152e-05
-2.2639349898967424e-02,-9.1919480271526344e-01,-9.0801660193248264e+00,4.5428957672982500e-05
-2.2613989736755456e-02,-9.1919422889924651e-01,-9.0901660193249256e+00,4.4976957800021232e-05
2.2240083448859378e-02,-9.1918584328924557e-01,-9.1001660193249148e+00,4.4529803000450645e-05
-2.2192176009857959e-02,-9.1918477897136575e-01,-9.1101660193249199e+00,4.4086770979792796e-05
2.2080156724569595e-02,-9.1918229929383022e-01,-9.1201660193249197e+00,4.3648208512429429e-05
2.1765325357339098e-02,-9.1917539732729492e-01,-9.1301660193248377e+00,4.3214199843115143e-05
2.1628128814141091e-02,-9.1917242061133997e-01,-9.1401660193249104e+00,4.2784338726910584e-05
2.1539372044046275e-02,-9.1917050490736540e-01,-9.1501660193249137e+00,4.2358708590314432e-05
-2.1438140509760881e-02,-9.1916832956759764e-01,-9.1601660193249241e+00,4.1937323625498438e-05
2.1423825979367307e-02,-9.1916802279313659e-01,-9.1701660193248227e+00,4.1520053020603894e-05
-2.1405682297151229e-02,-9.1916763425064274e-01,-9.1801660193249273e+00,4.1106937562090175e-05
-2.1394797987903412e-02,-9.1916740132381103e-01,-9.1901660193249111e+00,4.0697926178923357e-05
2.1099531336655149e-02,-9.1916112774465275e-01,-9.2001660193249304e+00,4.0293227829339618e-05
2.1092996694906330e-02,-9.1916098988812511e-01,-9.2101660193248271e+00,3.9892309013073990e-05
2.0516214166925520e-02,-9.1914899015521101e-01,-9.2201660193249193e+00,3.9495847843042471e-05
2.0159520578452148e-02,-9.1914173576831604e-01,-9.2301660193249120e+00,3.9103141259073532e-05
1.9534692119503903e-02,-9.1912933473144132e-01,-9.2401660193249135e+00,3.8714538600059831e-05
1.9469055863368140e-02,-9.1912805470144499e-01,-9.2501660193248334e+00,3.8329371567381943e-05
1.9467313715272036e-02,-9.1912802078498390e-01,-9.2601660193249202e+00,3.7947989235054821e-05
-1.8876726517401379e-02,-9.1911669803534590e-01,-9.2701660193249200e+00,3.7570825835927496e-05
1.8721841039439545e-02,-9.1911378629929252e-01,-9.2801660193249234e+00,3.7197098180653037e-05
1.8660702300837169e-02,-9.1911264353851974e-01,-9.2901660193248219e+00,3.6827022954163870e-05
-1.8558521501473253e-02,-9.1911074199349974e-01,-9.3001660193249194e+00,3.6460657284758583e-05
-1.8295900527308097e-02,-9.1910590262139202e-01,-9.3101660193249209e+00,3.6098042374597245e-05
1.8074112790553987e-02,-9.1910186940992233e-01,-9.3201660193249243e+00,3.5739004994314483e-05
1.8065435321421811e-02,-9.1910171261001572e-01,-9.3301660193248210e+00,3.5383401501099067e-05
1.7865955456907584e-02,-9.1909812881553354e-01,-9.3401660193249239e+00,3.5031456318954435e-05
-1.7774325375203275e-02,-9.1909649595461129e-01,-9.3501660193249112e+00,3.4682944136950489e-05
-1.7705227003718790e-02,-9.1909527016496606e-01,-9.3601660193249216e+00,3.4337885167717397e-05
-1.7697721377642729e-02,-9.1909513730431980e-01,-9.3701660193249214e+00,3.3996222018356388e-05
-1.7529360193071476e-02,-9.1909217186772874e-01,-9.3801660193248235e+00,3.3658053768053088e-05
-1.7463189990672007e-02,-9.1909101413566463e-01,-9.3901660193249157e+00,3.3323189116680608e-05
1.7399714064544335e-02,-9.1908990765810339e-01,-9.4001660193249190e+00,3.2991654349466684e-05
1.7376106504874714e-02,-9.1908949717197386e-01,-9.4101660193249153e+00,3.2663395311667571e-05
1.7343222839127929e-02,-9.1908892632256334e-01,-9.4201660193248333e+00,3.2338407558358103e-05
1.7337940404325885e-02,-9.1908883472207148e-01,-9.4301660193249237e+00,3.2016637959602056e-05
1.7189042361362060e-02,-9.1908626422198980e-01,-9.4401660193249128e+00,3.1698148569100409e-05
-1.7075778293522109e-02,-9.1908432373550419e-01,-9.4501660193249091e+00,3.1382807618849406e-05
1.6851673607139673e-02,-9.1908052208502022e-01,-9.4601660193248378e+00,3.1070661585197330e-05
1.6703141810390870e-02,-9.1907803010650846e-01,-9.4701660193249246e+00,3.0761579993999421e-05
1.6340789547685794e-02,-9.1907204333486037e-01,-9.4801660193249191e+00,3.0455679489573710e-05
1.6172137175931488e-02,-9.1906930164375800e-01,-9.4901660193249171e+00,3.0152723084709759e-05
-1.5761077843043730e-02,-9.1906273842072672e-01,-9.5001660193248281e+00,2.9852894407665374e-05
1.5643054805852950e-02,-9.1906088521516893e-01,-9.5101660193249202e+00,2.9555907918359944e-05
-1.5540214657566769e-02,-9.1905928176914109e-01,-9.5201660193249129e+00,2.9261868640667635e-05
1.5309757490175456e-02,-9.1905572697054350e-01,-9.5301660193249216e+00,2.8970811168098605e-05
1.5249951567018836e-02,-9.1905481314473769e-01,-9.5401660193248290e+00,2.8682572991420578e-05
-1.4962438523522541e-02,-9.1905046991662454e-01,-9.5501660193249105e+00,2.8397299957335682e-05
1.4827206956285310e-02,-9.1904845566640170e-01,-9.5601660193249280e+00,2.8114798731867527e-05
1.4777911143355605e-02,-9.1904772596221995e-01,-9.5701660193249172e+00,2.7835072121738225e-05
-1.4641166306062547e-02,-9.1904571450874040e-01,-9.5801660193248193e+00,2.7558163958434736e-05
-1.4443636108342831e-02,-9.1904284194535457e-01,-9.5901660193249221e+00,2.7284034020482386e-05
1.4410147874181626e-02,-9.1904235881421736e-01,-9.6001660193249201e+00,2.7012566396594094e-05
1.4382815924450792e-02,-9.1904196533029781e-01,-9.6101660193249252e+00,2.6743797393338351e-05
-1.4281464753979801e-02,-9.1904051275109910e-01,-9.6201660193249161e+00,2.6477730624069096e-05
-1.4211214675933552e-02,-9.1903951194462219e-01,-9.6301660193248182e+00,2.6214299037844590e-05
-1.3817458149844662e-02,-9.1903399370820082e-01,-9.6401660193249246e+00,2.5953605622002889e-05
1.3795615115119262e-02,-9.1903369213154174e-01,-9.6501660193249208e+00,2.5695370680378394e-05
1.3786007948063589e-02,-9.1903355964091149e-01,-9.6601660193249206e+00,2.5439700840753651e-05
-1.3433792887760570e-02,-9.1902876602901507e-01,-9.6701660193248262e+00,2.5186692322957680e-05
1.3347480472358987e-02,-9.1902761025081947e-01,-9.6801660193249184e+00,2.4936109367628265e-05
-1.3261169183568053e-02,-9.1902646193739712e-01,-9.6901660193249217e+00,2.4688019283338962e-05
-1.3189786418575799e-02,-9.1902551786622333e-01,-9.7001660193249073e+00,2.4442392462413585e-05
-1.3036196599997718e-02,-9.1902350384423637e-01,-9.7101660193248343e+00,2.4199235331589210e-05
1.3012066976587081e-02,-9.1902318957684104e-01,-9.7201660193249193e+00,2.3958456446255392e-05
1.2924459926731410e-02,-9.1902205346553834e-01,-9.7301660193249244e+00,2.3720092770151905e-05
-1.2501145088822895e-02,-9.1901667194760539e-01,-9.7401660193249100e+00,2.3484200283908959e-05
-1.2462548211246998e-02,-9.1901619018729830e-01,-9.7501660193248352e+00,2.3250539788002483e-05
-1.2207289368846064e-02,-9.1901304159020680e-01,-9.7601660193249096e+00,2.3019265529966956e-05
-1.2000057931920358e-02,-9.1901053332852423e-01,-9.7701660193249271e+00,2.2790277174878607e-05
-1.1779897660318261e-02,-9.1900791562778328e-01,-9.7801660193249109e+00,2.2563569192680867e-05
1.1721063372234476e-02,-9.1900722429662740e-01,-9.7901660193248308e+00,2.2339073371695412e-05
1.1664362018937804e-02,-9.1900656130399394e-01,-9.8001660193249229e+00,2.2116810541033068e-05
1.1662036955541979e-02,-9.1900653418631573e-01,-9.8101660193249209e+00,2.1896745193000577e-05
1.1637537702762539e-02,-9.1900624877523107e-01,-9.8201660193249207e+00,2.1678875125368508e-05
1.1550300175920961e-02,-9.1900523735041639e-01,-9.8301660193248281e+00,2.1463188422132434e-05
-1.1546711987657787e-02,-9.1900519591220242e-01,-9.8401660193249114e+00,2.1249627009604101e-05
1.1434945253230851e-02,-9.1900391161981165e-01,-9.8501660193249254e+00,2.1038216707294339e-05
1.1351218439131170e-02,-9.1900295771336593e-01,-9.8601660193249128e+00,2.0828902822251208e-05
-1.1322449010894124e-02,-9.1900263155914164e-01,-9.8701660193249161e+00,2.0621658502187238e-05
-1.1320649612809503e-02,-9.1900261118716742e-01,-9.8801660193248235e+00,2.0416469987648282e-05
1.1292353791843998e-02,-9.1900229126041955e-01,-9.8901660193249263e+00,2.0213329183797623e-05
1.1238969809312872e-02,-9.1900168985452679e-01,-9.9001660193249155e+00,2.0012215233396800e-05
-1.0910191508668253e-02,-9.1899804877271740e-01,-9.9101660193249259e+00,1.9813162505991114e-05
1.0870918567874727e-02,-9.1899762106859417e-01,-9.9201660193248209e+00,1.9616026634957481e-05
-1.0764321264411712e-02,-9.1899646793948120e-01,-9.9301660193249290e+00,1.9420866303510248e-05
1.0634757123060858e-02,-9.1899508166287269e-01,-9.9401660193249146e+00,1.9227652109881292e-05
1.0566303520938356e-02,-9.1899435601838775e-01,-9.9501660193249215e+00,1.9036347588390313e-05
-9.9497062976754945e-03,-9.1898803096104442e-01,-9.9601660193248200e+00,1.8847051973386608e-05
-9.9337797030228190e-03,-9.1898787262293358e-01,-9.9701660193249140e+00,1.8659523627425069e-05
9.9038698757576427e-03,-9.1898757595259739e-01,-9.9801660193249155e+00,1.8473863745817394e-05
9.6452885335797447e-03,-9.1898504842878748e-01,-9.9901660193249349e+00,1.8290091958835426e-05
-9.5263691749674848e-03,-9.1898390848816836e-01,-1.0000166019324832e+01,1.8108123145277209e-05
9.3071645275503712e-03,-9.1898184428911089e-01,-1.0010166019324906e+01,1.7927981316373795e-05
9.1116449667028483e-03,-9.1898004367033914e-01,-1.0020166019324913e+01,1.7749626882016504e-05
9.0821556408184050e-03,-9.1897977540888154e-01,-1.0030166019324934e+01,1.7573019857813120e-05
8.9427236040408344e-03,-9.1897851878606862e-01,-1.0040166019324820e+01,1.7398187251645957e-05
8.8656424630411054e-03,-9.1897783244148068e-01,-1.0050166019324921e+01,1.7225084218366512e-05
-8.7920279048965804e-03,-9.1897718251067972e-01,-1.0060166019324909e+01,1.7053702850432546e-05
-8.5194048383147956e-03,-9.1897482276273901e-01,-1.0070166019324937e+01,1.6884055513946223e-05
-8.1627457019756433e-03,-9.1897184784203700e-01,-1.0080166019324814e+01,1.6716106083612290e-05
8.0819359947972569e-03,-9.1897119147805151e-01,-1.0090166019324927e+01,1.6549788911693768e-05
-7.9779798830139984e-03,-9.1897035671484639e-01,-1.0100166019324906e+01,1.6385129438304069e-05
-7.9535149201585796e-03,-9.1897016183313207e-01,-1.0110166019324932e+01,1.6222097837741040e-05
-7.9194806732955959e-03,-9.1896989172040677e-01,-1.0120166019324918e+01,1.6060689605514537e-05
7.8736464325901891e-03,-9.1896952978741220e-01,-1.0130166019324829e+01,1.5900888828893333e-05
7.8597823399447070e-03,-9.1896942072255516e-01,-1.0140166019324921e+01,1.5742674058480791e-05
7.7989078825314705e-03,-9.1896894411541952e-01,-1.0150166019324912e+01,1.5586039262782156e-05
-7.7229102828641639e-03,-9.1896835430495805e-01,-1.0160166019324924e+01,1.5430964682267011e-05
-7.7102274979128846e-03,-9.1896825643737423e-01,-1.0170166019324821e+01,1.5277425513433970e-05
-7.6293773972777555e-03,-9.1896763633307454e-01,-1.0180166019324924e+01,1.5125421969025346e-05
-7.3363183521635705e-03,-9.1896544341682163e-01,-1.0190166019324915e+01,1.4974954344604445e-05
7.2758603131637114e-03,-9.1896500170498785e-01,-1.0200166019324918e+01,1.4825957608076432e-05
-7.2408615743434317e-03,-9.1896474767150882e-01,-1.0210166019324834e+01,1.4678440593864367e-05
7.2338031549979819e-03,-9.1896469658738211e-01,-1.0220166019324910e+01,1.4532388412025706e-05
7.0349005300410911e-03,-9.1896327754607321e-01,-1.0230166019324926e+01,1.4387809148185207e-05
-7.0333018330109853e-03,-9.1896326630067660e-01,-1.0240166019324919e+01,1.4244648215362332e-05
6.9341478963136031e-03,-9.1896257383686342e-01,-1.0250166019324823e+01,1.4102921363195555e-05
-6.7610823302772655e-03,-9.1896138875047784e-01,-1.0260166019324917e+01,1.3962611497899013e-05
6.7441090465804963e-03,-9.1896127413675555e-01,-1.0270166019324925e+01,1.3823682776582678e-05
-6.7105352965318929e-03,-9.1896104827532243e-01,-1.0280166019324911e+01,1.3686137925927485e-05
6.7093759667041378e-03,-9.1896104049627081e-01,-1.0290166019324831e+01,1.3549958683639610e-05
6.6807397823539887e-03,-9.1896084877535922e-01,-1.0300166019324918e+01,1.3415136914006353e-05
6.6720390293384816e-03,-9.1896079068574399e-01,-1.0310166019324917e+01,1.3281654842960512e-05
6.5642911065945386e-03,-9.1896007759220555e-01,-1.0320166019324926e+01,1.3149509546013739e-05
6.5218134473606203e-03,-9.1895979965866059e-01,-1.0330166019324832e+01,1.3018673358240759e-05
-6.4959639112281489e-03,-9.1895963140690751e-01,-1.0340166019324913e+01,1.2889137562579732e-05
-6.3627556718507993e-03,-9.1895877496320932e-01,-1.0350166019324915e+01,1.2760899429989420e-05
6.3466001231799810e-03,-9.1895867229990125e-01,-1.0360166019324931e+01,1.2633927656191432e-05
6.2470762598445207e-03,-9.1895804561423766e-01,-1.0370166019324907e+01,1.2508225814334972e-05
-6.2277707292006943e-03,-9.1895792519746722e-01,-1.0380166019324827e+01,1.2383768379193681e-05
6.1529260187830163e-03,-9.1895746188263583e-01,-1.0390166019324919e+01,1.2260553505502748e-05
-6.0826460658244975e-03,-9.1895703192492051e-01,-1.0400166019324926e+01,1.2138564178863894e-05
5.9607873985587853e-03,-9.1895629812654489e-01,-1.0410166019324912e+01,1.2017792265871179e-05
5.8622701490295874e-03,-9.1895571573898960e-01,-1.0420166019324832e+01,1.1898220164232084e-05
-5.7988313373157005e-03,-9.1895534585577876e-01,-1.0430166019324925e+01,1.1779835252670363e-05
-5.7522703230465533e-03,-9.1895507694027412e-01,-1.0440166019324909e+01,1.1662627069759876e-05
-5.7370930122547688e-03,-9.1895498975145506e-01,-1.0450166019324922e+01,1.1546582998227071e-05
-5.7212091377018409e-03,-9.1895489875033809e-01,-1.0460166019324834e+01,1.1431693618063530e-05
-5.7126913669841200e-03,-9.1895485005466671e-01,-1.0470166019324921e+01,1.1317946917169252e-05
5.6273488548251958e-03,-9.1895436616090642e-01,-1.0480166019324907e+01,1.1205336885916762e-05
-5.6219907246838497e-03,-9.1895433602319365e-01,-1.0490166019324928e+01,1.1093842255348103e-05
-5.5995838274958704e-03,-9.1895421030286006e-01,-1.0500166019324826e+01,1.0983458061391924e-05
-5.5319398046790964e-03,-9.1895383381234075e-01,-1.0510166019324917e+01,1.0874174921694057e-05
-5.3646110774609179e-03,-9.1895292215934565e-01,-1.0520166019324920e+01,1.0765984888220430e-05
-5.1924319317855237e-03,-9.1895201330802256e-01,-1.0530166019324913e+01,1.0658871236053594e-05
-5.1289035646890861e-03,-9.1895168545922745e-01,-1.0540166019324840e+01,1.0552817154937244e-05
5.0852532129562677e-03,-9.1895146253345938e-01,-1.0550166019324916e+01,1.0447817198917592e-05
-4.8866208456654452e-03,-9.1895047216498416e-01,-1.0560166019324909e+01,1.0343869925067749e-05
4.8659387794088866e-03,-9.1895037131344193e-01,-1.0570166019324919e+01,1.0240947732451559e-05
-4.7859989852206269e-03,-9.1894998552648277e-01,-1.0580166019324839e+01,1.0139052511461885e-05
-4.7709777723520565e-03,-9.1894991374779156e-01,-1.0590166019324910e+01,1.0038167973872749e-05
4.6533068044523410e-03,-9.1894935926544763e-01,-1.0600166019324927e+01,9.9382920442847095e-06
-4.5447432808385421e-03,-9.1894885997908382e-01,-1.0610166019324909e+01,9.8394092988765925e-06
4.5334466717064301e-03,-9.1894880870270212e-01,-1.0620166019324923e+01,9.7415060400518271e-06
4.5328327778663916e-03,-9.1894880591983552e-01,-1.0630166019324825e+01,9.6445764622603317e-06
4.4739272676644834e-03,-9.1894854064593767e-01,-1.0640166019324919e+01,9.5486138560387736e-06
4.4371200746519002e-03,-9.1894837665061790e-01,-1.0650166019324928e+01,9.4536051110529641e-06
-4.4298234174466600e-03,-9.1894834430109440e-01,-1.0660166019324910e+01,9.3595404713051138e-06
-4.4062415833193338e-03,-9.1894824011578480e-01,-1.0670166019324833e+01,9.2664124530089456e-06
4.3844224747833539e-03,-9.1894814421355819e-01,-1.0680166019324911e+01,9.1742109883792309e-06
-4.3541462473388332e-03,-9.1894801192811104e-01,-1.0690166019324916e+01,9.0829272653636279e-06
-4.3438508871202607e-03,-9.1894796715360427e-01,-1.0700166019324927e+01,8.9925510316659712e-06
-4.2917604865622787e-03,-9.1894774223737652e-01,-1.0710166019324834e+01,8.9030756563285964e-06
-4.2740493076866629e-03,-9.1894766638208170e-01,-1.0720166019324918e+01,8.8144892420293173e-06
4.2499844790024593e-03,-9.1894756381737530e-01,-1.0730166019324907e+01,8.7267845037150849e-06
-4.2361541199843989e-03,-9.1894750513420365e-01,-1.0740166019324917e+01,8.6399520540876249e-06
-4.2353161606442646e-03,-9.1894750158482974e-01,-1.0750166019324839e+01,8.5539831251121923e-06
4.2057637048291494e-03,-9.1894737685750993e-01,-1.0760166019324920e+01,8.4688706272092957e-06
4.1543704068843961e-03,-9.1894716203007831e-01,-1.0770166019324915e+01,8.3846057577549543e-06
-4.0900840047754065e-03,-9.1894689702692256e-01,-1.0780166019324922e+01,8.3011797363560855e-06
4.0676594923621055e-03,-9.1894680556021235e-01,-1.0790166019324817e+01,8.2185823696288223e-06
-3.9875133193037083e-03,-9.1894648276457525e-01,-1.0800166019324926e+01,8.1368087352299023e-06
-3.9624619687263288e-03,-9.1894638318576627e-01,-1.0810166019324919e+01,8.0558469377548067e-06
3.8627884377674610e-03,-9.1894599320059689e-01,-1.0820166019324914e+01,7.9756930318343270e-06
3.8488901284567242e-03,-9.1894593961094995e-01,-1.0830166019324826e+01,7.8963339833643989e-06
3.8408367826491003e-03,-9.1894590864693493e-01,-1.0840166019324926e+01,7.8177643895264253e-06
3.8303744758917332e-03,-9.1894586851765225e-01,-1.0850166019324922e+01,7.7399766447405406e-06
3.7294126525419195e-03,-9.1894548689270594e-01,-1.0860166019324911e+01,7.6629655147261336e-06
-3.6327191252858025e-03,-9.1894513095746111e-01,-1.0870166019324923e+01,7.5867204342608454e-06
3.5094319269861028e-03,-9.1894469068956453e-01,-1.0880166019324829e+01,7.5112346115968114e-06
3.4790860004142209e-03,-9.1894458465303863e-01,-1.0890166019324914e+01,7.4364973670020873e-06
-3.4608517307556409e-03,-9.1894452138069060e-01,-1.0900166019324921e+01,7.3625034477193526e-06
3.4145986976794138e-03,-9.1894436237547261e-01,-1.0910166019324921e+01,7.2892464734203553e-06
-3.3657605822575839e-03,-9.1894419680548800e-01,-1.0920166019324830e+01,7.2167184540390627e-06
-3.3208245681558869e-03,-9.1894404657124573e-01,-1.0930166019324911e+01,7.1449119790456927e-06
-3.2235150105087056e-03,-9.1894372815785097e-01,-1.0940166019324918e+01,7.0738211694056356e-06
3.2129963974744779e-03,-9.1894369430626455e-01,-1.0950166019324925e+01,7.0034357098187526e-06
-3.1723359579678800e-03,-9.1894356449105452e-01,-1.0960166019324824e+01,6.9337512602860585e-06
3.1244201485283044e-03,-9.1894341363397170e-01,-1.0970166019324925e+01,6.8647603181012435e-06
-3.0552179926906847e-03,-9.1894319981183092e-01,-1.0980166019324916e+01,6.7964562648967544e-06
3.0017845432911529e-03,-9.1894303798856158e-01,-1.0990166019324912e+01,6.7288314840259710e-06
-2.9902244806677587e-03,-9.1894300335456180e-01,-1.1000166019324835e+01,6.6618787228140980e-06
-2.9868914949394785e-03,-9.1894299339374075e-01,-1.1010166019324924e+01,6.5955919876761481e-06
-2.9846112459852329e-03,-9.1894298658548434e-01,-1.1020166019324909e+01,6.5299647953338763e-06
2.9568667338205679e-03,-9.1894290416378022e-01,-1.1030166019324918e+01,6.4649910928637350e-06
2.8886379613980136e-03,-9.1894270474797546e-01,-1.1040166019324836e+01,6.4006646330736795e-06
-2.8616433246536274e-03,-9.1894262713459829e-01,-1.1050166019324916e+01,6.3369774476924720e-06
2.8268715465405202e-03,-9.1894252823470979e-01,-1.1060166019324919e+01,6.2739240890504931e-06
-2.7506773391934121e-03,-9.1894231574625163e-01,-1.1070166019324917e+01,6.2114988211910250e-06
2.7264541723722308e-03,-9.1894224940951652e-01,-1.1080166019324830e+01,6.1496937832044591e-06
-2.7202027896338502e-03,-9.1894223238494788e-01,-1.1090166019324920e+01,6.0885034113234582e-06
-2.6995243217162717e-03,-9.1894217634912123e-01,-1.1100166019324915e+01,6.0279221279416557e-06
2.6982469657771042e-03,-9.1894217290168367e-01,-1.1110166019324931e+01,5.9679433211955875e-06
2.6053650426180078e-03,-9.1894192659684215e-01,-1.1120166019324916e+01,5.9085627482816660e-06
-2.5913521585992100e-03,-9.1894189018634442e-01,-1.1130166019324824e+01,5.8497717796264305e-06
-2.5844431500541098e-03,-9.1894187230653734e-01,-1.1140166019324923e+01,5.7915656814412289e-06
2.5713375848213059e-03,-9.1894183852182698e-01,-1.1150166019324914e+01,5.7339388337777855e-06
2.5471453014674957e-03,-9.1894177660793286e-01,-1.1160166019324912e+01,5.6768855405876777e-06
-2.5370796976119346e-03,-9.1894175102003550e-01,-1.1170166019324832e+01,5.6203997294865499e-06
2.5149141551089309e-03,-9.1894169502994327e-01,-1.1180166019324929e+01,5.5644761293370106e-06
2.4990085089752426e-03,-9.1894165515510340e-01,-1.1190166019324913e+01,5.5091088864262386e-06
2.4833138318197502e-03,-9.1894161605713309e-01,-1.1200166019324914e+01,5.4542925503641216e-06
-2.4586170219074231e-03,-9.1894155503216968e-01,-1.1210166019324838e+01,5.4000217622438556e-06
2.4504041993040730e-03,-9.1894153487370944e-01,-1.1220166019324919e+01,5.3462907557239688e-06
2.4500509260995170e-03,-9.1894153400810974e-01,-1.1230166019324917e+01,5.2930942784609477e-06
-2.4442668325353129e-03,-9.1894151985351380e-01,-1.1240166019324921e+01,5.2404271845850442e-06
-2.4174855203996960e-03,-9.1894145475146016e-01,-1.1250166019324830e+01,5.1882844006414726e-06
-2.3746618156417851e-03,-9.1894135214270878e-01,-1.1260166019324902e+01,5.1366606353644274e-06
-2.3704812476876675e-03,-9.1894134222401225e-01,-1.1270166019324925e+01,5.0855500585103517e-06
-2.3645400244090339e-03,-9.1894132815810303e-01,-1.1280166019324914e+01,5.0349480607724230e-06
2.2855112652889762e-03,-9.1894114441421137e-01,-1.1290166019324838e+01,4.9848504064395502e-06
2.2378710688798417e-03,-9.1894103666679994e-01,-1.1300166019324918e+01,4.9352508479200287e-06
2.2266393797392261e-03,-9.1894101159480313e-01,-1.1310166019324919e+01,4.8861444039990490e-06
-2.2251933228582470e-03,-9.1894100837600157e-01,-1.1320166019324907e+01,4.8375264704247840e-06
2.1961035436139902e-03,-9.1894094406872662e-01,-1.1330166019324832e+01,4.7893925857943966e-06
-2.1911797826158902e-03,-9.1894093326775939e-01,-1.1340166019324920e+01,4.7417373845401698e-06
2.1551824053877237e-03,-9.1894085503893974e-01,-1.1350166019324927e+01,4.6945566764957877e-06
-2.1009284431020695e-03,-9.1894073958350098e-01,-1.1360166019324913e+01,4.6478455937097911e-06
-2.0910155833808366e-03,-9.1894071880642447e-01,-1.1370166019324921e+01,4.6015988529519106e-06
-2.0820107836934522e-03,-9.1894070001779116e-01,-1.1380166019324825e+01,4.5558122649433305e-06
2.0794583808294506e-03,-9.1894069470691830e-01,-1.1390166019324928e+01,4.5104811994536881e-06
-2.0678957064108111e-03,-9.1894067072966579e-01,-1.1400166019324908e+01,4.4656012687208073e-06
-2.0330530710423959e-03,-9.1894059928573435e-01,-1.1410166019324913e+01,4.4211681095527072e-06
-2.0166506011028524e-03,-9.1894056607316288e-01,-1.1420166019324826e+01,4.3771768972174653e-06
-1.9816934724022173e-03,-9.1894049618784879e-01,-1.1430166019324929e+01,4.3336235622370354e-06
1.9504759495053985e-03,-9.1894043481155430e-01,-1.1440166019324918e+01,4.2905035506595018e-06
1.8731708141279256e-03,-9.1894028701778896e-01,-1.1450166019324923e+01,4.2478129548308627e-06
1.8701098855119216e-03,-9.1894028128883143e-01,-1.1460166019324815e+01,4.2055465338217091e-06
-1.8617331140496629e-03,-9.1894026565843345e-01,-1.1470166019324935e+01,4.1637007117143717e-06
-1.8369126173685417e-03,-9.1894021975732143e-01,-1.1480166019324903e+01,4.1222713866310765e-06
-1.8269381031550402e-03,-9.1894020148475586e-01,-1.1490166019324933e+01,4.0812541755779116e-06
-1.8080653013178986e-03,-9.1894016718340643e-01,-1.1500166019324825e+01,4.0406451566190259e-06
-1.7782118692264599e-03,-9.1894011365206540e-01,-1.1510166019324924e+01,4.0004402796985785e-06
1.7671738032328625e-03,-9.1894009408496491e-01,-1.1520166019324906e+01,3.9606353113372704e-06
-1.7578384834679582e-03,-9.1894007763140639e-01,-1.1530166019324925e+01,3.9212263960486005e-06
1.7323344612440550e-03,-9.1894003312468231e-01,-1.1540166019324827e+01,3.8822097142855773e-06
1.7241278369597222e-03,-9.1894001894173860e-01,-1.1550166019324914e+01,3.8435811367208057e-06
1.7069757942272542e-03,-9.1893998951652045e-01,-1.1560166019324919e+01,3.8053369773847202e-06
-1.6684303507192814e-03,-9.1893992446325712e-01,-1.1570166019324919e+01,3.7674734869057379e-06
-1.6609701380144162e-03,-9.1893991204423919e-01,-1.1580166019324828e+01,3.7299865456885354e-06
-1.6352742824096720e-03,-9.1893986969432884e-01,-1.1590166019324917e+01,3.6928727158380655e-06
-1.6321697276076336e-03,-9.1893986462234933e-01,-1.1600166019324924e+01,3.6561280369160993e-06
-1.6035701192519177e-03,-9.1893981835190319e-01,-1.1610166019324916e+01,3.6197491226018825e-06
1.5990367887504624e-03,-9.1893981109266532e-01,-1.1620166019324918e+01,3.5837320430608508e-06
1.5890368596702252e-03,-9.1893979515241020e-01,-1.1630166019324824e+01,3.5480733699914913e-06
1.5770412819311043e-03,-9.1893977616294198e-01,-1.1640166019324917e+01,3.5127695167952195e-06
-1.5721895282788563e-03,-9.1893976852329584e-01,-1.1650166019324921e+01,3.4778169026715287e-06
-1.5643249062615308e-03,-9.1893975618954560e-01,-1.1660166019324921e+01,3.4432120887677110e-06
-1.5631902257062049e-03,-9.1893975441518039e-01,-1.1670166019324830e+01,3.4089515620966335e-06
1.5251908540035112e-03,-9.1893969573691003e-01,-1.1680166019324918e+01,3.3750321253534840e-06
1.5200049183269975e-03,-9.1893968784081537e-01,-1.1690166019324923e+01,3.3414500209887061e-06
1.4968078766305938e-03,-9.1893965285024926e-01,-1.1700166019324916e+01,3.3082021535169133e-06
-1.4839370652724876e-03,-9.1893963366794629e-01,-1.1710166019324824e+01,3.2752850549258697e-06
1.4691758980396089e-03,-9.1893961187224915e-01,-1.1720166019324919e+01,3.2426954947869913e-06
-1.4685607092222103e-03,-9.1893961096861776e-01,-1.1730166019324912e+01,3.2104301384141047e-06
-1.4526406384263765e-03,-9.1893958771575168e-01,-1.1740166019324928e+01,3.1784858987090594e-06
1.4019564750624965e-03,-9.1893951537431851e-01,-1.1750166019324828e+01,3.1468596632396203e-06
-1.3823797224970669e-03,-9.1893948812018800e-01,-1.1760166019324918e+01,3.1155479713336201e-06
-1.3763475116924861e-03,-9.1893947979957591e-01,-1.1770166019324913e+01,3.0845477767217499e-06
-1.3695787789968358e-03,-9.1893947050635538e-01,-1.1780166019324925e+01,3.0538560419148542e-06
-1.3580344579673907e-03,-9.1893945476213401e-01,-1.1790166019324820e+01,3.0234697141941895e-06
-1.3154119823770370e-03,-9.1893939778768119e-01,-1.1800166019324919e+01,2.9933858584298181e-06
-1.2816587827395916e-03,-9.1893935395795712e-01,-1.1810166019324919e+01,2.9636013013793766e-06
-1.2603530335533156e-03,-9.1893932687822411e-01,-1.1820166019324926e+01,2.9341130551844495e-06
-1.2563242931632637e-03,-9.1893932180870430e-01,-1.1830166019324830e+01,2.9049181572134477e-06
-1.2470653199819449e-03,-9.1893931021929565e-01,-1.1840166019324917e+01,2.8760137719351622e-06
-1.2403876425813995e-03,-9.1893930191409146e-01,-1.1850166019324911e+01,2.8473969804129524e-06
-1.2400926008034926e-03,-9.1893930154816872e-01,-1.1860166019324920e+01,2.8190649081072611e-06
1.2341533794263731e-03,-9.1893929420062148e-01,-1.1870166019324916e+01,2.7910147641068340e-06
1.2310990280596738e-03,-9.1893929043574796e-01,-1.1880166019324841e+01,2.7632437135989126e-06
-1.2303604575207108e-03,-9.1893928952676718e-01,-1.1890166019324910e+01,2.7357489817435929e-06
-1.1924298904187379e-03,-9.1893924357786128e-01,-1.1900166019324924e+01,2.7085279490085530e-06
-1.1806957404942198e-03,-9.1893922965455532e-01,-1.1910166019324915e+01,2.6815776829573463e-06
1.1760160898420980e-03,-9.1893922414026130e-01,-1.1920166019324835e+01,2.6548955538374848e-06
1.1738519610804978e-03,-9.1893922159755270e-01,-1.1930166019324909e+01,2.6284789083814690e-06
-1.1617938848148637e-03,-9.1893920751585489e-01,-1.1940166019324927e+01,2.6023251429013777e-06
1.1155507828380746e-03,-9.1893915486011402e-01,-1.1950166019324907e+01,2.5764317107547577e-06
-1.0967974344260549e-03,-9.1893913411564554e-01,-1.1960166019324832e+01,2.5507958398139284e-06
-1.0919303647682096e-03,-9.1893912878930017e-01,-1.1970166019324923e+01,2.5254150105868499e-06
-1.0660615845272474e-03,-9.1893910087699049e-01,-1.1980166019324914e+01,2.5002867811679673e-06
-1.0615710520036421e-03,-9.1893909609988866e-01,-1.1990166019324908e+01,2.4754085238458799e-06
-1.0432907243351974e-03,-9.1893907686110721e-01,-1.2000166019324832e+01,2.4507778446450529e-06
-1.0375315585452402e-03,-9.1893907086920701e-01,-1.2010166019324933e+01,2.4263922121854340e-06
1.0043471787985984e-03,-9.1893903698996726e-01,-1.2020166019324913e+01,2.4022492876708931e-06
1.0019901171033812e-03,-9.1893903462543680e-01,-1.2030166019324918e+01,2.3783465135062845e-06
-9.9827466006118968e-04,-9.1893903090948792e-01,-1.2040166019324822e+01,2.3546815790449121e-06
-9.9629354542541196e-04,-9.1893902893375379e-01,-1.2050166019324918e+01,2.3312521104713571e-06
9.9280628463116385e-04,-9.1893902546549888e-01,-1.2060166019324924e+01,2.3080557724044744e-06
9.8961428923566297e-04,-9.1893902230156022e-01,-1.2070166019324917e+01,2.2850902409827591e-06
9.8908452904988820e-04,-9.1893902177744224e-01,-1.2080166019324830e+01,2.2623532143727636e-06
-9.8817909669069674e-04,-9.1893902088230306e-01,-1.2090166019324926e+01,2.2398424257764046e-06
9.4763760232030180e-04,-9.1893898164185217e-01,-1.2100166019324918e+01,2.2175557082821632e-06
9.3737492917760111e-04,-9.1893897196921837e-01,-1.2110166019324915e+01,2.1954906815504608e-06
-9.3624998957654842e-04,-9.1893897091536092e-01,-1.2120166019324907e+01,2.1736451865576095e-06
9.3478939072164471e-04,-9.1893896954894194e-01,-1.2130166019324840e+01,2.1520170585217453e-06
-9.3300240605003544e-04,-9.1893896788008433e-01,-1.2140166019324914e+01,2.1306041345703428e-06
9.1625065143473121e-04,-9.1893895239096757e-01,-1.2150166019324926e+01,2.1094043018894429e-06
-9.0200866023355548e-04,-9.1893893944315108e-01,-1.2160166019324903e+01,2.0884154054358883e-06
-8.6950007163069513e-04,-9.1893891064852673e-01,-1.2170166019324839e+01,2.0676353844879206e-06
-8.4021084471141505e-04,-9.1893888561047121e-01,-1.2180166019324918e+01,2.0470621199204535e-06
8.0962039716079778e-04,-9.1893886037593320e-01,-1.2190166019324915e+01,2.0266935626441471e-06
8.0747034730913470e-04,-9.1893885863752034e-01,-1.2200166019324913e+01,2.0065276282445232e-06
-8.0317260650847365e-04,-9.1893885517645735e-01,-1.2210166019324841e+01,1.9865623516323640e-06
-8.0166633397598026e-04,-9.1893885396779496e-01,-1.2220166019324921e+01,1.9667957283430121e-06
-7.7854620119877137e-04,-9.1893883570043322e-01,-1.2230166019324912e+01,1.9472258194352673e-06
-7.7682634703321216e-04,-9.1893883436292623e-01,-1.2240166019324922e+01,1.9278506013824693e-06
7.7389522030679898e-04,-9.1893883209024552e-01,-1.2250166019324828e+01,1.9086681717299191e-06
7.6311973414611763e-04,-9.1893882380920378e-01,-1.2260166019324920e+01,1.8896766217518549e-06
-7.6154359904152032e-04,-9.1893882260766613e-01,-1.2270166019324909e+01,1.8708740274530575e-06
7.5902741801190667e-04,-9.1893882069465016e-01,-1.2280166019324920e+01,1.8522585233889158e-06
-7.5386997128669571e-04,-9.1893881679330625e-01,-1.2290166019324831e+01,1.8338282502962357e-06
7.4761832838128508e-04,-9.1893881209992190e-01,-1.2300166019324918e+01,1.8155813628513778e-06
7.3412989420986591e-04,-9.1893880210669021e-01,-1.2310166019324921e+01,1.7975160444120816e-06
-7.3380097159148918e-04,-9.1893880186527244e-01,-1.2320166019324917e+01,1.7796304613612876e-06
7.3051880596163845e-04,-9.1893879946220236e-01,-1.2330166019324830e+01,1.7619228466398753e-06
-7.0693317737366922e-04,-9.1893878251059813e-01,-1.2340166019324917e+01,1.7443914509647518e-06
-6.9089041295206034e-04,-9.1893877129812085e-01,-1.2350166019324922e+01,1.7270344853854468e-06
-6.7917044653998315e-04,-9.1893876326958723e-01,-1.2360166019324923e+01,1.7098502188625300e-06
6.7607349291081711e-04,-9.1893876117102335e-01,-1.2370166019324918e+01,1.6928369284733608e-06
-6.6167061582602575e-04,-9.1893875153734139e-01,-1.2380166019324825e+01,1.6759929357456419e-06
-6.5629079988472521e-04,-9.1893874799214648e-01,-1.2390166019324919e+01,1.6593165332821965e-06
6.5132530776059296e-04,-9.1893874474566772e-01,-1.2400166019324923e+01,1.6428060632466139e-06
6.4814591657614304e-04,-9.1893874267990405e-01,-1.2410166019324906e+01,1.6264598731593445e-06
-6.3904287397087856e-04,-9.1893873682123683e-01,-1.2420166019324832e+01,1.6102763364552944e-06
-6.2151634951242553e-04,-9.1893872577462588e-01,-1.2430166019324915e+01,1.5942538368087553e-06
-6.1420829314923079e-04,-9.1893872125925313e-01,-1.2440166019324931e+01,1.5783907532134767e-06
-6.0995483499893285e-04,-9.1893871865578980e-01,-1.2450166019324913e+01,1.5626855068786504e-06
6.0969191423598562e-04,-9.1893871849545461e-01,-1.2460166019324825e+01,1.5471365265356386e-06
6.0418734237071019e-04,-9.1893871515451175e-01,-1.2470166019324926e+01,1.5317422660011811e-06
-6.0145357315483875e-04,-9.1893871350653977e-01,-1.2480166019324912e+01,1.5165011783002173e-06
-5.9492703513880385e-04,-9.1893870960242807e-01,-1.2490166019324914e+01,1.5014117453182257e-06
-5.8534268427519183e-04,-9.1893870394636845e-01,-1.2500166019324830e+01,1.4864724572490576e-06
-5.8452086600243864e-04,-9.1893870346566087e-01,-1.2510166019324931e+01,1.4716818098794459e-06
-5.8414188982916016e-04,-9.1893870324421323e-01,-1.2520166019324915e+01,1.4570383315255016e-06
-5.8379394132554939e-04,-9.1893870304102243e-01,-1.2530166019324918e+01,1.4425405581860962e-06
5.7068539603310543e-04,-9.1893869547425011e-01,-1.2540166019324827e+01,1.4281870506154721e-06
5.6997050127022080e-04,-9.1893869506652559e-01,-1.2550166019324916e+01,1.4139763526009492e-06
-5.6503055431004101e-04,-9.1893869226310310e-01,-1.2560166019324921e+01,1.3999070567423495e-06
-5.6475136204822089e-04,-9.1893869210538992e-01,-1.2570166019324910e+01,1.3859777490106508e-06
5.5700761957994116e-04,-9.1893868776208365e-01,-1.2580166019324832e+01,1.3721870459479769e-06
5.5263946023699582e-04,-9.1893868533852596e-01,-1.2590166019324927e+01,1.3585335600059118e-06
5.4963731370345260e-04,-9.1893868368392773e-01,-1.2600166019324918e+01,1.3450159274519917e-06
-5.4775463262960638e-04,-9.1893868265090828e-01,-1.2610166019324918e+01,1.3316327967394297e-06
-5.3916775085962286e-04,-9.1893867798427120e-01,-1.2620166019324911e+01,1.3183828351792379e-06
-5.3686578495712228e-04,-9.1893867674577501e-01,-1.2630166019324916e+01,1.3052647084035192e-06
-5.3564988576364594e-04,-9.1893867609373947e-01,-1.2640166019324916e+01,1.2922771083961705e-06
-5.3544772133016518e-04,-9.1893867598547063e-01,-1.2650166019324741e+01,1.2794187364642287e-06
-5.1474972434784440e-04,-9.1893866511697886e-01,-1.2660166019324919e+01,1.2666883210987471e-06
-5.1308165154387579e-04,-9.1893866425973003e-01,-1.2670166019324922e+01,1.2540845627908854e-06
5.1269577630742120e-04,-9.1893866406181901e-01,-1.2680166019324925e+01,1.2416062131442375e-06
5.1025788142148600e-04,-9.1893866281489223e-01,-1.2690166019324916e+01,1.2292520264381863e-06
5.0474685669357430e-04,-9.1893866001803415e-01,-1.2700166019324916e+01,1.2170207678147885e-06
5.0194634929297439e-04,-9.1893865860840829e-01,-1.2710166019324921e+01,1.2049112105427845e-06
4.9798565797647110e-04,-9.1893865662819729e-01,-1.2720166019324909e+01,1.1929221460426438e-06
-4.9770871927175536e-04,-9.1893865649032414e-01,-1.2730166019324743e+01,1.1810523725282517e-06
-4.9407621594723360e-04,-9.1893865468899305e-01,-1.2740166019324914e+01,1.1693007071767541e-06
4.9221058836432707e-04,-9.1893865376897110e-01,-1.2750166019324929e+01,1.1576659718081913e-06
-4.9048545466254950e-04,-9.1893865292133003e-01,-1.2760166019324917e+01,1.1461470038973036e-06
-4.8712321674410563e-04,-9.1893865127785357e-01,-1.2770166019324918e+01,1.1347426525255535e-06
-4.8605734665464382e-04,-9.1893865075921155e-01,-1.2780166019324913e+01,1.1234517750636907e-06
-4.8605403421074099e-04,-9.1893865075760151e-01,-1.2790166019324912e+01,1.1122732431288051e-06
-4.7931286920675645e-04,-9.1893864750375276e-01,-1.2800166019324932e+01,1.1012059430264579e-06
-4.7387574534578716e-04,-9.1893864491245048e-01,-1.2810166019324729e+01,1.0902487636423245e-06
4.7386000880472658e-04,-9.1893864490499344e-01,-1.2820166019324930e+01,1.0794006071971522e-06
-4.7336264492627597e-04,-9.1893864466943631e-01,-1.2830166019324908e+01,1.0686603919560455e-06
4.6946858942041087e-04,-9.1893864283371773e-01,-1.2840166019324926e+01,1.0580270453326254e-06
-4.6746462003635246e-04,-9.1893864189492491e-01,-1.2850166019324920e+01,1.0474995013170795e-06
4.6485465417302522e-04,-9.1893864067826425e-01,-1.2860166019324923e+01,1.0370767083930779e-06
4.6248149085897829e-04,-9.1893863957790412e-01,-1.2870166019324920e+01,1.0267576238595087e-06
4.5796063467796864e-04,-9.1893863749731097e-01,-1.2880166019324902e+01,1.0165412169178247e-06
-4.5744121479114564e-04,-9.1893863725957192e-01,-1.2890166019324923e+01,1.0064264630479147e-06
4.5238931183019348e-04,-9.1893863496138417e-01,-1.2900166019324743e+01,9.9641235471147340e-07
-4.4832347883954401e-04,-9.1893863313031032e-01,-1.2910166019324922e+01,9.8649788793388502e-07
-4.4048282196014791e-04,-9.1893862964589768e-01,-1.2920166019324915e+01,9.7668207334601887e-07
4.3361814699065335e-04,-9.1893862664568815e-01,-1.2930166019324918e+01,9.6696392724310854e-07
-4.3291796551237014e-04,-9.1893862634232193e-01,-1.2940166019324920e+01,9.5734247569890610e-07
4.2757815988597546e-04,-9.1893862404488091e-01,-1.2950166019324909e+01,9.4781676108428357e-07
4.2067783570274420e-04,-9.1893862111826019e-01,-1.2960166019324920e+01,9.3838582948245952e-07
-4.1411713588493826e-04,-9.1893861837984059e-01,-1.2970166019324925e+01,9.2904873701580436e-07
4.1200933086874025e-04,-9.1893861750918382e-01,-1.2980166019324731e+01,9.1980454842838368e-07
4.1073015090613675e-04,-9.1893861698296786e-01,-1.2990166019324924e+01,9.1065234073227315e-07
-4.1054387842776572e-04,-9.1893861690647749e-01,-1.3000166019324919e+01,9.0159119861424703e-07
-3.9987483559307709e-04,-9.1893861258328158e-01,-1.3010166019324913e+01,8.9262022015672557e-07
-3.9765252088621921e-04,-9.1893861169710311e-01,-1.3020166019324918e+01,8.8373850135045725e-07
-3.9662306567070154e-04,-9.1893861128826759e-01,-1.3030166019324922e+01,8.7494515669746492e-07
3.9552766469215316e-04,-9.1893861085440620e-01,-1.3040166019324923e+01,8.6623930730379094e-07
3.8716132255075674e-04,-9.1893860758028434e-01,-1.3050166019324914e+01,8.5762008499107361e-07
3.8526412880300100e-04,-9.1893860684756390e-01,-1.3060166019324743e+01,8.4908662318764799e-07
3.8366196803845385e-04,-9.1893860623159229e-01,-1.3070166019324910e+01,8.4063807064324209e-07
3.8350351085828503e-04,-9.1893860617081091e-01,-1.3080166019324921e+01,8.3227358213414148e-07
-3.7812833985992957e-04,-9.1893860412386019e-01,-1.3090166019324931e+01,8.2399232331239323e-07
3.7349299414940717e-04,-9.1893860238184777e-01,-1.3100166019324909e+01,8.1579346412716579e-07
-3.7106417507536398e-04,-9.1893860147765050e-01,-1.3110166019324923e+01,8.0767618426304599e-07
3.6984852520402501e-04,-9.1893860102730529e-01,-1.3120166019324909e+01,7.9963967231291679e-07
-3.6866714155896457e-04,-9.1893860059107013e-01,-1.3130166019324918e+01,7.9168312497799489e-07
-3.6270434565575623e-04,-9.1893859841056069e-01,-1.3140166019324919e+01,7.8380574797558069e-07
-3.5747304847616912e-04,-9.1893859652682963e-01,-1.3150166019324745e+01,7.7600675193678879e-07
-3.5674588434281605e-04,-9.1893859626715246e-01,-1.3160166019324924e+01,7.6828535594261918e-07
-3.4619450643435601e-04,-9.1893859255865762e-01,-1.3170166019324922e+01,7.6064079174374450e-07
3.4301644757221521e-04,-9.1893859146348111e-01,-1.3180166019324909e+01,7.5307229023348559e-07
3.4069671365823606e-04,-9.1893859067046479e-01,-1.3190166019324922e+01,7.4557909633801558e-07
-3.4020794450901720e-04,-9.1893859050406224e-01,-1.3200166019324922e+01,7.3816046049913885e-07
-3.3868255374601555e-04,-9.1893858998627553e-01,-1.3210166019324912e+01,7.3081564157579504e-07
-3.3665568225719632e-04,-9.1893858930186367e-01,-1.3220166019324923e+01,7.2354390493860235e-07
-3.3602269002918120e-04,-9.1893858908896353e-01,-1.3230166019324736e+01,7.1634452294733061e-07
3.3179126411715589e-04,-9.1893858767606096e-01,-1.3240166019324921e+01,7.0921677685305450e-07
-3.3123267409212082e-04,-9.1893858749088164e-01,-1.3250166019324915e+01,7.0215995214551721e-07
-3.2907676888585524e-04,-9.1893858677909934e-01,-1.3260166019324927e+01,6.9517334438179693e-07
-3.2871033759997181e-04,-9.1893858665858252e-01,-1.3270166019324918e+01,6.8825625411500406e-07
3.2572703803065306e-04,-9.1893858568239117e-01,-1.3280166019324904e+01,6.8140799062857947e-07
-3.2421440079370413e-04,-9.1893858519082827e-01,-1.3290166019324918e+01,6.7462786816879201e-07
3.2171698486594714e-04,-9.1893858438424869e-01,-1.3300166019324930e+01,6.6791520926178686e-07
3.1976067049721308e-04,-9.1893858375678261e-01,-1.3310166019324738e+01,6.6126934230322391e-07
-3.1569391564466233e-04,-9.1893858246466364e-01,-1.3320166019324915e+01,6.5468960325654895e-07
3.1418975251598039e-04,-9.1893858199093981e-01,-1.3330166019324921e+01,6.4817533316850808e-07
-3.0897417331662153e-04,-9.1893858036585940e-01,-1.3340166019324910e+01,6.4172588188665620e-07
3.0834358438350425e-04,-9.1893858017122243e-01,-1.3350166019324929e+01,6.3534060279807083e-07
-3.0822377435341076e-04,-9.1893858013428698e-01,-1.3360166019324907e+01,6.2901885819757313e-07
-3.0713687514050602e-04,-9.1893857979986948e-01,-1.3370166019324918e+01,6.2276001619185381e-07
-2.9843427192671984e-04,-9.1893857716484684e-01,-1.3380166019324925e+01,6.1656345212102855e-07
-2.9707859987646571e-04,-9.1893857676118673e-01,-1.3390166019324912e+01,6.1042854351465034e-07
-2.9452566640101918e-04,-9.1893857600602358e-01,-1.3400166019324752e+01,6.0435467847890947e-07
-2.9326630460157767e-04,-9.1893857563590220e-01,-1.3410166019324905e+01,5.9834124917494404e-07
2.8807498080461345e-04,-9.1893857412693680e-01,-1.3420166019324924e+01,5.9238765516480386e-07
-2.8766046304351599e-04,-9.1893857400761048e-01,-1.3430166019324915e+01,5.8649329958096334e-07
2.8666592371748252e-04,-9.1893857372201537e-01,-1.3440166019324923e+01,5.8065759391096193e-07
-2.8606424270695695e-04,-9.1893857354971498e-01,-1.3450166019324927e+01,5.7487995441578943e-07
-2.8421718652517163e-04,-9.1893857302304405e-01,-1.3460166019324916e+01,5.6915980359484728e-07
2.8277096328636843e-04,-9.1893857261304834e-01,-1.3470166019324919e+01,5.6349656915681696e-07
2.8153136051342154e-04,-9.1893857226329290e-01,-1.3480166019324729e+01,5.5788968480716453e-07
2.7591209498855788e-04,-9.1893857069708151e-01,-1.3490166019324928e+01,5.5233859055867858e-07
-2.7300591555323353e-04,-9.1893856989945444e-01,-1.3500166019324915e+01,5.4684273019205286e-07
-2.7061837593701050e-04,-9.1893856925049211e-01,-1.3510166019324920e+01,5.4140155446492923e-07
2.6970644645661602e-04,-9.1893856900412307e-01,-1.3520166019324925e+01,5.3601451912159950e-07
2.6786000821622693e-04,-9.1893856850783151e-01,-1.3530166019324909e+01,5.3068108580686077e-07
2.6217892761644834e-04,-9.1893856700223453e-01,-1.3540166019324916e+01,5.2540072156794877e-07
-2.6067113934688600e-04,-9.1893856660806095e-01,-1.3550166019324925e+01,5.2017289724507454e-07
-2.6066063988380535e-04,-9.1893856660532403e-01,-1.3560166019324743e+01,5.1499709043981230e-07
2.6006101821162298e-04,-9.1893856644920602e-01,-1.3570166019324901e+01,5.0987278385076067e-07
2.5820611526598878e-04,-9.1893856596853840e-01,-1.3580166019324936e+01,5.0479946512729421e-07
2.5670218248087366e-04,-9.1893856558134468e-01,-1.3590166019324911e+01,4.9977662671946977e-07
-2.4390277694352075e-04,-9.1893856237762173e-01,-1.3600166019324927e+01,4.9480376778053685e-07
-2.4315313413261896e-04,-9.1893856219506276e-01,-1.3610166019324902e+01,4.8988038811902716e-07
-2.4247317392081131e-04,-9.1893856202995949e-01,-1.3620166019324929e+01,4.8500599689428411e-07
2.3895591241338481e-04,-9.1893856118330353e-01,-1.3630166019324919e+01,4.8018010699908734e-07
-2.3380736465656912e-04,-9.1893855996628138e-01,-1.3640166019324914e+01,4.7540223568268133e-07
-2.3122760987944155e-04,-9.1893855936644320e-01,-1.3650166019324736e+01,4.7067190468403225e-07
-2.2928031709114718e-04,-9.1893855891807141e-01,-1.3660166019324926e+01,4.6598864119167821e-07
2.2679571919318679e-04,-9.1893855835148863e-01,-1.3670166019324917e+01,4.6135197700222019e-07
2.2604392642648771e-04,-9.1893855818126779e-01,-1.3680166019324920e+01,4.5676144820864707e-07
-2.2459098721178548e-04,-9.1893855785389522e-01,-1.3690166019324918e+01,4.5221659601004417e-07
2.2124235540170039e-04,-9.1893855710742933e-01,-1.3700166019324916e+01,4.4771696603256529e-07
2.1998956585816398e-04,-9.1893855683104397e-01,-1.3710166019324921e+01,4.4326210790973200e-07
-2.1065734924497964e-04,-9.1893855482159881e-01,-1.3720166019324910e+01,4.3885157712518887e-07
2.0928437957405341e-04,-9.1893855453331519e-01,-1.3730166019324745e+01,4.3448493109867998e-07
-2.0547490405487944e-04,-9.1893855374330757e-01,-1.3740166019324914e+01,4.3016173414052560e-07
2.0324914879055439e-04,-9.1893855328844776e-01,-1.3750166019324926e+01,4.2588155356479217e-07
-1.9968471833626069e-04,-9.1893855257033286e-01,-1.3760166019324920e+01,4.2164396160645122e-07
-1.9768854390136257e-04,-9.1893855217371967e-01,-1.3770166019324913e+01,4.1744853425537673e-07
-1.9768835564793006e-04,-9.1893855217368248e-01,-1.3780166019324914e+01,4.1329485193838443e-07
1.9674452851528579e-04,-9.1893855198754426e-01,-1.3790166019324918e+01,4.0918249952714728e-07
1.9609675691370287e-04,-9.1893855186030848e-01,-1.3800166019324918e+01,4.0511106568146565e-07
-1.9539772061041697e-04,-9.1893855172347405e-01,-1.3810166019324740e+01,4.0108014328283630e-07
1.9526192288405050e-04,-9.1893855169694871e-01,-1.3820166019324924e+01,3.9708932918772465e-07
-1.9253220444920589e-04,-9.1893855116766432e-01,-1.3830166019324921e+01,3.9313822455395838e-07
-1.9246007934537075e-04,-9.1893855115378054e-01,-1.3840166019324919e+01,3.8922643386549443e-07
1.8934173093420811e-04,-9.1893855055848506e-01,-1.3850166019324917e+01,3.8535356636871462e-07
-1.8740641647938883e-04,-9.1893855019392190e-01,-1.3860166019324911e+01,3.8151923445708499e-07
1.8641817452582976e-04,-9.1893855000920732e-01,-1.3870166019324918e+01,3.7772305471611515e-07
-1.8600214556340757e-04,-9.1893854993173851e-01,-1.3880166019324918e+01,3.7396464755388836e-07
-1.7715453194734306e-04,-9.1893854832520361e-01,-1.3890166019324917e+01,3.7024363773360298e-07
1.7687321406166577e-04,-9.1893854827540644e-01,-1.3900166019324743e+01,3.6655965200315814e-07
1.7328610132608455e-04,-9.1893854764737593e-01,-1.3910166019324919e+01,3.6291232275273607e-07
-1.6925448984133647e-04,-9.1893854695688060e-01,-1.3920166019324922e+01,3.5930128505496518e-07
-1.6829069234150214e-04,-9.1893854679421805e-01,-1.3930166019324913e+01,3.5572617759239740e-07
-1.6819445012256052e-04,-9.1893854677802600e-01,-1.3940166019324923e+01,3.5218664299127882e-07
1.6677893261008835e-04,-9.1893854654094564e-01,-1.3950166019324920e+01,3.4868232742486060e-07
-1.6502339893146513e-04,-9.1893854624970062e-01,-1.3960166019324918e+01,3.4521288039879822e-07
1.6098129067929827e-04,-9.1893854559082744e-01,-1.3970166019324919e+01,3.4177795507208904e-07
-1.6096326561894190e-04,-9.1893854558792587e-01,-1.3980166019324733e+01,3.3837720759929770e-07
1.6073187816490232e-04,-9.1893854555070775e-01,-1.3990166019324926e+01,3.3501029814059614e-07
-1.5930414030218329e-04,-9.1893854532224406e-01,-1.4000166019324912e+01,3.3167689005413696e-07
-1.5850076037215717e-04,-9.1893854519458495e-01,-1.4010166019324926e+01,3.2837664989845526e-07
-1.5705866835659984e-04,-9.1893854496705207e-01,-1.4020166019324920e+01,3.2510924771304943e-07
1.5645616238672377e-04,-9.1893854487260485e-01,-1.4030166019324911e+01,3.2187435667902474e-07
1.5579092859058685e-04,-9.1893854476874615e-01,-1.4040166019324918e+01,3.1867165335128335e-07
1.5515703782110864e-04,-9.1893854467019265e-01,-1.4050166019324914e+01,3.1550081745210567e-07
1.5441964289784305e-04,-9.1893854455605251e-01,-1.4060166019324750e+01,3.1236153190188783e-07
1.5226269788441032e-04,-9.1893854422530408e-01,-1.4070166019324919e+01,3.0925348283133258e-07
-1.5107440556372839e-04,-9.1893854404507747e-01,-1.4080166019324917e+01,3.0617635931869343e-07
-1.4991292469947176e-04,-9.1893854387028195e-01,-1.4090166019324920e+01,3.0312985369438320e-07
1.4895135085863138e-04,-9.1893854372659189e-01,-1.4100166019324924e+01,3.0011366129765590e-07
1.4791811213140814e-04,-9.1893854357322347e-01,-1.4110166019324916e+01,2.9712748051917061e-07
1.4719737141777176e-04,-9.1893854346687254e-01,-1.4120166019324907e+01,2.9417101272160194e-07
-1.4638186895264278e-04,-9.1893854334716529e-01,-1.4130166019324923e+01,2.9124396227370571e-07
-1.4557539063266220e-04,-9.1893854322943669e-01,-1.4140166019324921e+01,2.8834603646347830e-07
-1.4398986557704070e-04,-9.1893854299988020e-01,-1.4150166019324743e+01,2.8547694552848219e-07
-1.4354215748732150e-04,-9.1893854293551491e-01,-1.4160166019324903e+01,2.8263640247784127e-07
-1.4349921021019943e-04,-9.1893854292935118e-01,-1.4170166019324935e+01,2.7982412328636511e-07
-1.4164426892923862e-04,-9.1893854266488895e-01,-1.4180166019324920e+01,2.7703982681194307e-07
-1.3912264859033662e-04,-9.1893854231089511e-01,-1.4190166019324900e+01,2.7428323457416263e-07
1.3807686035888166e-04,-9.1893854216594917e-01,-1.4200166019324929e+01,2.7155407082968710e-07
1.3756460573990671e-04,-9.1893854209534986e-01,-1.4210166019324907e+01,2.6885206269782766e-07
1.3500701439231520e-04,-9.1893854174678646e-01,-1.4220166019324921e+01,2.6617694006988110e-07
1.3170125188089661e-04,-9.1893854130594932e-01,-1.4230166019324749e+01,2.6352843538026651e-07
1.2612422140764485e-04,-9.1893854058699909e-01,-1.4240166019324919e+01,2.6090628382394546e-07
1.2603625011616134e-04,-9.1893854057590763e-01,-1.4250166019324920e+01,2.5831022292687512e-07
-1.2512489302373060e-04,-9.1893854046145884e-01,-1.4260166019324924e+01,2.5573999329373156e-07
1.1848471533916258e-04,-9.1893853965265337e-01,-1.4270166019324900e+01,2.5319533804826393e-07
1.1630957062822561e-04,-9.1893853939729753e-01,-1.4280166019324929e+01,2.5067600240475281e-07
1.0767616221310785e-04,-9.1893853843041740e-01,-inf,0.0000000000000000e+00
9.8652916784479783e-05,-9.1893853749953847e-01,-inf,0.0000000000000000e+00
-2.6218345143947153e-05,-9.1893853297704031e-01,-inf,0.0000000000000000e+00
-5.4294106287754618e-05,-9.1893853410726445e-01,-inf,0.0000000000000000e+00
1.2913881868620341e-05,-9.1893853271672366e-01,-inf,0.0000000000000000e+00
-4.7885794295112437e-06,-9.1893853264480474e-01,-inf,0.0000000000000000e+00
-6.1356286262172969e-05,-9.1893853451563645e-01,-inf,0.0000000000000000e+00
9.3306433670860335e-05,-9.1893853698638472e-01,-inf,0.0000000000000000e+00
6.0590006839097621e-05,-9.1893853446891394e-01,-inf,0.0000000000000000e+00
9.4792891185283809e-05,-9.1893853712618556e-01,-inf,0.0000000000000000e+00
-6.2637568054316954e-06,-9.1893853265295677e-01,-inf,0.0000000000000000e+00
-5.4035865632079492e-05,-9.1893853409327686e-01,-inf,0.0000000000000000e+00
-3.0308835706465359e-05,-9.1893853309265228e-01,-inf,0.0000000000000000e+00
-8.9223304983490620e-05,-9.1893853661373859e-01,-inf,0.0000000000000000e+00
-6.4424218994922232e-05,-9.1893853470857945e-01,-inf,0.0000000000000000e+00
-8.1747758589134829e-05,-9.1893853597468744e-01,-inf,0.0000000000000000e+00
-1.1493839629820533e-04,-9.1893853923875690e-01,-inf,0.0000000000000000e+00
6.2529249693319430e-05,-9.1893853458829300e-01,-inf,0.0000000000000000e+00
1.1303796669159295e-04,-9.1893853902213041e-01,-inf,0.0000000000000000e+00
-4.2688981553832315e-05,-9.1893853354451405e-01,-inf,0.0000000000000000e+00
-5.7152163524977560e-05,-9.1893853426652439e-01,-inf,0.0000000000000000e+00
-6.0158533133255291e-05,-9.1893853444286400e-01,-inf,0.0000000000000000e+00
-6.3344275701181837e-06,-9.1893853265340197e-01,-inf,0.0000000000000000e+00
-9.7561286412440419e-05,-9.1893853739244180e-01,-inf,0.0000000000000000e+00
1.0360177012024755e-04,-9.1893853800000280e-01,-inf,0.0000000000000000e+00
-1.0294046563884571e-04,-9.1893853793170921e-01,-inf,0.0000000000000000e+00
1.1289650434491435e-04,-9.1893853900614986e-01,-inf,0.0000000000000000e+00
-3.9072696171824244e-05,-9.1893853339667730e-01,-inf,0.0000000000000000e+00
-4.2037800757263372e-05,-9.1893853351692778e-01,-inf,0.0000000000000000e+00
-9.0050822654769277e-06,-9.1893853267388526e-01,-inf,0.0000000000000000e+00
9.0410675779793070e-05,-9.1893853672038461e-01,-inf,0.0000000000000000e+00
-6.1235468808619724e-05,-9.1893853450823082e-01,-inf,0.0000000000000000e+00
1.0789699889939526e-04,-9.1893853845422069e-01,-inf,0.0000000000000000e+00
-3.6681032758680910e-05,-9.1893853330608855e-01,-inf,0.0000000000000000e+00
1.6813491606292692e-06,-9.1893853263475289e-01,-inf,0.0000000000000000e+00
3.0243184777988647e-06,-9.1893853263791270e-01,-inf,0.0000000000000000e+00
-9.1815963606319467e-05,-9.1893853684842508e-01,-inf,0.0000000000000000e+00
-7.5892170152476782e-05,-9.1893853551315019e-01,-inf,0.0000000000000000e+00
3.1183408988190268e-05,-9.1893853311954199e-01,-inf,0.0000000000000000e+00
3.7559209021981524e-05,-9.1893853333868658e-01,-inf,0.0000000000000000e+00
1.0390863159074454e-04,-9.1893853803184133e-01,-inf,0.0000000000000000e+00
-4.4292741108485665e-06,-9.1893853264314873e-01,-inf,0.0000000000000000e+00
-3.9133385426577826e-05,-9.1893853339905041e-01,-inf,0.0000000000000000e+00
8.3720322913198274e-05,-9.1893853613788568e-01,-inf,0.0000000000000000e+00
-6.5603799046233776e-05,-9.1893853478526866e-01,-inf,0.0000000000000000e+00
-2.2153021337108271e-05,-9.1893853287871763e-01,-inf,0.0000000000000000e+00
-3.0727994207004408e-05,-9.1893853310544427e-01,-inf,0.0000000000000000e+00
3.8717544196199241e-05,-9.1893853338286358e-01,-inf,0.0000000000000000e+00
-1.1424194408706226e-04,-9.1893853915895041e-01,-inf,0.0000000000000000e+00
8.0844616163938842e-05,-9.1893853590126540e-01,-inf,0.0000000000000000e+00
5.7762735969342673e-05,-9.1893853430160632e-01,-inf,0.0000000000000000e+00
-3.3783351774948402e-05,-9.1893853320399688e-01,-inf,0.0000000000000000e+00
2.5564803378130976e-07,-9.1893853263337211e-01,-inf,0.0000000000000000e+00
-2.8650213827864830e-05,-9.1893853304375683e-01,-inf,0.0000000000000000e+00
-2.8020736677494139e-05,-9.1893853302592032e-01,-inf,0.0000000000000000e+00
-1.8410880885633461e-05,-9.1893853280281979e-01,-inf,0.0000000000000000e+00
-2.0028197150591241e-05,-9.1893853283390381e-01,-inf,0.0000000000000000e+00
8.5992683132145049e-06,-9.1893853267031322e-01,-inf,0.0000000000000000e+00
1.3631386476734627e-05,-9.1893853272624682e-01,-inf,0.0000000000000000e+00
-9.5514154115783090e-06,-9.1893853267895420e-01,-inf,0.0000000000000000e+00
-4.3148876462632791e-05,-9.1893853356425226e-01,-inf,0.0000000000000000e+00
-2.6500330378236020e-05,-9.1893853298447326e-01,-inf,0.0000000000000000e+00
5.4438923832749757e-05,-9.1893853411513771e-01,-inf,0.0000000000000000e+00
6.1683072265520864e-06,-9.1893853265236347e-01,-inf,0.0000000000000000e+00
-3.6960435913956351e-05,-9.1893853331637643e-01,-inf,0.0000000000000000e+00
9.8326572553356106e-05,-9.1893853746739695e-01,-inf,0.0000000000000000e+00
8.7503648584688878e-05,-9.1893853646178369e-01,-inf,0.0000000000000000e+00
-9.8763825230592834e-05,-9.1893853751048604e-01,-inf,0.0000000000000000e+00
8.7770710991028728e-05,-9.1893853648518831e-01,-inf,0.0000000000000000e+00
-1.0472964925268489e-04,-9.1893853811748916e-01,-inf,0.0000000000000000e+00
-7.9565535452521462e-06,-9.1893853266499281e-01,-inf,0.0000000000000000e+00
8.0637859059878918e-06,-9.1893853266585179e-01,-inf,0.0000000000000000e+00
-7.5282410287607791e-06,-9.1893853266167669e-01,-inf,0.0000000000000000e+00
-5.7332716919872480e-07,-9.1893853263350378e-01,-inf,0.0000000000000000e+00
9.8946877930075288e-05,-9.1893853752858179e-01,-inf,0.0000000000000000e+00
7.2243265158998212e-05,-9.1893853524288416e-01,-inf,0.0000000000000000e+00
8.3767564024147658e-05,-9.1893853614184184e-01,-inf,0.0000000000000000e+00
1.7255587552101200e-05,-9.1893853278221715e-01,-inf,0.0000000000000000e+00
3.6463642825994237e-05,-9.1893853329813813e-01,-inf,0.0000000000000000e+00
-2.9565010174957508e-05,-9.1893853307038442e-01,-inf,0.0000000000000000e+00
6.4618567254108117e-05,-9.1893853472111908e-01,-inf,0.0000000000000000e+00
5.6020400262262552e-05,-9.1893853420248206e-01,-inf,0.0000000000000000e+00
-4.7302027651617733e-05,-9.1893853375208034e-01,-inf,0.0000000000000000e+00
-1.0960009187753919e-04,-9.1893853863942954e-01,-inf,0.0000000000000000e+00
1.0441037454271595e-05,-9.1893853268784709e-01,-inf,0.0000000000000000e+00
1.1334854453634303e-04,-9.1893853905728573e-01,-inf,0.0000000000000000e+00
-4.9926278952175049e-06,-9.1893853264580261e-01,-inf,0.0000000000000000e+00
-2.9243293666610971e-05,-9.1893853306092455e-01,-inf,0.0000000000000000e+00
-3.6345783228757152e-05,-9.1893853329384745e-01,-inf,0.0000000000000000e+00
-1.8273736810853181e-05,-9.1893853280030424e-01,-inf,0.0000000000000000e+00
2.1494287755807356e-05,-9.1893853286434168e-01,-inf,0.0000000000000000e+00
-6.4891855705083478e-05,-9.1893853473881593e-01,-inf,0.0000000000000000e+00
1.6405259273896850e-05,-9.1893853276790571e-01,-inf,0.0000000000000000e+00
8.2451135904883254e-05,-9.1893853603243436e-01,-inf,0.0000000000000000e+00
-6.0415212293368726e-05,-9.1893853445833840e-01,-inf,0.0000000000000000e+00
-8.1658040433347449e-05,-9.1893853596735720e-01,-inf,0.0000000000000000e+00
9.5901566061721817e-05,-9.1893853723189467e-01,-inf,0.0000000000000000e+00
2.9458608621221402e-06,-9.1893853263767855e-01,-inf,0.0000000000000000e+00
-3.8042322598108321e-05,-9.1893853335694864e-01,-inf,0.0000000000000000e+00
1.0299044240763745e-04,-9.1893853793685509e-01,-inf,0.0000000000000000e+00
