cmpt_0,logl,logv,weight
-2.4919947741379294e+00,-4.0239575097987146e+00,-4.6101660193249021e+00,1.7792943317320074e-04
-2.2370835275241636e+00,-3.4212098871933172e+00,-4.6201660193248868e+00,3.2186578807835768e-04
2.1767107265910015e+00,-3.2879733262615023e+00,-4.6301660193248999e+00,3.6407912208384472e-04
2.1302508653352854e+00,-3.1879229072642055e+00,-4.6401660193248961e+00,3.9838609833937416e-04
2.1070419047022257e+00,-3.1387513267189311e+00,-4.6501660193249013e+00,4.1430118607510232e-04
-2.1015744596584045e+00,-3.1272461373775968e+00,-4.6601660193248975e+00,4.1492525735938458e-04
2.0167072577307588e+00,-2.9524926143252981e+00,-4.6701660193249008e+00,4.8923939221503685e-04
-2.0164340554465725e+00,-2.9519416826156948e+00,-4.6801660193248891e+00,4.8463830800101577e-04
-1.8794780033131813e+00,-2.6851573151023906e+00,-4.6901660193248995e+00,6.2652408888743565e-04
-1.8169778073891083e+00,-2.5696427089056053e+00,-4.7001660193248913e+00,6.9624515306712350e-04
-1.7932824233876947e+00,-2.5268694576489610e+00,-4.7101660193249000e+00,7.1944140246630206e-04
-1.7911666075777100e+00,-2.5230774406840606e+00,-4.7201660193248962e+00,7.1498895709711397e-04
-1.7765469922794943e+00,-2.4969981405219981e+00,-4.7301660193248987e+00,7.2657840455570629e-04
1.7640703423007724e+00,-2.4749106189259216e+00,-4.7401660193249038e+00,7.3541423075004027e-04
1.7450684598079704e+00,-2.4415704973416208e+00,-4.7501660193248929e+00,7.5278076848407194e-04
1.7401599170265678e+00,-2.4330168010462954e+00,-4.7601660193248980e+00,7.5169280582166589e-04
1.7305931853883898e+00,-2.4164149192897062e+00,-4.7701660193248987e+00,7.5667181015784499e-04
-1.6395305322215998e+00,-2.2629687156767604e+00,-4.7801660193248923e+00,8.7338443781985247e-04
1.5817545445636738e+00,-2.1699122522572569e+00,-4.7901660193248956e+00,9.4902229015758383e-04
1.5417793678200784e+00,-2.1074803421511801e+00,-4.8001660193248954e+00,1.0001089234377885e-03
1.4965360695094514e+00,-2.0387486363047382e+00,-4.8101660193248987e+00,1.0606061914101550e-03
-1.4708466299157565e+00,-2.0006334370006087e+00,-4.8201660193249003e+00,1.0908484878655764e-03
1.4652130370450671e+00,-1.9923631545967542e+00,-4.8301660193249010e+00,1.0889632589682224e-03
-1.4240337275039419e+00,-1.9328745611677249e+00,-4.8401660193248999e+00,1.1442102928544038e-03
-1.4089659144482016e+00,-1.9115310066717681e+00,-4.8501660193248908e+00,1.1572636001469930e-03
-1.3957414688443739e+00,-1.8929856565592647e+00,-4.8601660193248915e+00,1.1671951968319464e-03
1.3952004000651712e+00,-1.8922306108043463e+00,-4.8701660193248957e+00,1.1564542568927956e-03
-1.3846985425388518e+00,-1.8776335594879496e+00,-4.8801660193249008e+00,1.1617827748080318e-03
-1.3611404335592616e+00,-1.8452901725682869e+00,-4.8901660193249050e+00,1.1880331054456668e-03
1.3442120780421549e+00,-1.8223915880105437e+00,-4.9001660193248906e+00,1.2034563058069740e-03
1.3353818645921440e+00,-1.8105608947741350e+00,-4.9101660193248922e+00,1.2056614830119482e-03
1.3308132716117680e+00,-1.8044705145823481e+00,-4.9201660193249026e+00,1.2009570073439550e-03
-1.3171519273431995e+00,-1.7863831324852919e+00,-4.9301660193248953e+00,1.2107089863819334e-03
1.2681195405559376e+00,-1.7230021172032406e+00,-4.9401660193248880e+00,1.2770939464759685e-03
-1.2640820134053845e+00,-1.7178902009408448e+00,-4.9501660193249064e+00,1.2708666365302958e-03
-1.2630384485674868e+00,-1.7165715939132213e+00,-4.9601660193248920e+00,1.2598814959966496e-03
1.2404151766495926e+00,-1.6882534378646594e+00,-4.9701660193249033e+00,1.2831728781382994e-03
-1.2329795931550844e+00,-1.6790578712017781e+00,-4.9801660193248907e+00,1.2821410661654714e-03
1.2313872351911552e+00,-1.6770957941291982e+00,-4.9901660193248940e+00,1.2718766227599206e-03
-1.2129916438927935e+00,-1.6546128967102103e+00,-5.0001660193249080e+00,1.2878528354291561e-03
1.2054352489445390e+00,-1.6454756023323309e+00,-5.0101660193248980e+00,1.2867422766591064e-03
-1.1999195848022053e+00,-1.6388420376292878e+00,-5.0201660193248872e+00,1.2824178251180851e-03
1.1918856649242555e+00,-1.6292342517593068e+00,-5.0301660193248994e+00,1.2819149413519752e-03
-1.1847289792065274e+00,-1.6207299097192096e+00,-5.0401660193249072e+00,1.2799990681686528e-03
1.1797532423371704e+00,-1.6148473890358725e+00,-5.0501660193248954e+00,1.2747395339225559e-03
1.1613716742386031e+00,-1.5933306154952276e+00,-5.0601660193248881e+00,1.2895052841532749e-03
1.1598583730833238e+00,-1.5915742554390868e+00,-5.0701660193248976e+00,1.2789187625738933e-03
-1.1509666654681223e+00,-1.5813006651427437e+00,-5.0801660193248974e+00,1.2792687102061004e-03
1.1507939072399529e+00,-1.5811018411036382e+00,-5.0901660193249070e+00,1.2667916174490270e-03
-1.1213764862790954e+00,-1.5476811446231644e+00,-5.1001660193248899e+00,1.2968109237636856e-03
-1.0799205672063450e+00,-1.5020527483709765e+00,-5.1101660193248888e+00,1.3438471544768495e-03
-1.0582703553859036e+00,-1.4789066051776429e+00,-5.1201660193249117e+00,1.3616301946897701e-03
-1.0558234790852081e+00,-1.4763201421271359e+00,-5.1301660193248875e+00,1.3515730245932244e-03
1.0545189091916294e+00,-1.4749435975546914e+00,-5.1401660193248944e+00,1.3399679048916098e-03
1.0500119924185090e+00,-1.4702011247446829e+00,-5.1501660193248933e+00,1.3329414742082487e-03
-1.0024390364204980e+00,-1.4213805435031679e+00,-5.1601660193249019e+00,1.3857045576184930e-03
-9.9892397100805308e-01,-1.4178630825605882e+00,-5.1701660193248982e+00,1.3767507268363508e-03
-9.9330118384304056e-01,-1.4122621535453324e+00,-5.1801660193248997e+00,1.3707076044682822e-03
9.8731269214747297e-01,-1.4063317086710847e+00,-5.1901660193249066e+00,1.3651407692647922e-03
-9.8504654589614360e-01,-1.4040968814243011e+00,-5.2001660193248975e+00,1.3545812665998033e-03
9.5007563052928889e-01,-1.3702603844961523e+00,-5.2101660193248884e+00,1.3872576367451822e-03
-9.4968173310402781e-01,-1.3698862297290744e+00,-5.2201660193248891e+00,1.3739681732085115e-03
-9.4555482541386349e-01,-1.3659754965650603e+00,-5.2301660193248987e+00,1.3656271355528798e-03
9.3790848022042661e-01,-1.3587746912680347e+00,-5.2401660193248967e+00,1.3618098244997875e-03
-8.9863891238570281e-01,-1.3227144800602189e+00,-5.2501660193248982e+00,1.3977653455235872e-03
-8.9769557637234776e-01,-1.3218672065525803e+00,-5.2601660193248856e+00,1.3850303504820772e-03
-8.8242824480481519e-01,-1.3082783362479928e+00,-5.2701660193249014e+00,1.3900099750464251e-03
8.4209387151704840e-01,-1.2734995768566251e+00,-5.2801660193248923e+00,1.4248829682450372e-03
8.2116872937761554e-01,-1.2560975736871631e+00,-5.2901660193249151e+00,1.4354690874017380e-03
8.0537528127138502e-01,-1.2432532044748208e+00,-5.3001660193248936e+00,1.4395579037742533e-03
7.9959407444065667e-01,-1.2386138745736446e+00,-5.3101660193248952e+00,1.4318615559853760e-03
-7.7230070003867057e-01,-1.2171627182734497e+00,-5.3201660193249030e+00,1.4483522651065883e-03
-7.6736080987618382e-01,-1.2133598389002558e+00,-5.3301660193248930e+00,1.4394044055285498e-03
-7.6619753029004256e-01,-1.2124678603446197e+00,-5.3401660193248937e+00,1.4263538021423900e-03
7.6394414903518915e-01,-1.2107438640558892e+00,-5.3501660193248943e+00,1.4145980053893792e-03
-7.5999439077447373e-01,-1.2077342696376712e+00,-5.3601660193249012e+00,1.4047438739118038e-03
7.5613094488930122e-01,-1.2048055355429332e+00,-5.3701660193248957e+00,1.3948455943789924e-03
-7.4489200940100442e-01,-1.1963705854680726e+00,-5.3801660193248910e+00,1.3926642987494517e-03
7.4184647774985357e-01,-1.1941066309082715e+00,-5.3901660193249050e+00,1.3819321501692247e-03
7.4030973492274266e-01,-1.1929677844440303e+00,-5.4001660193248888e+00,1.3697407319971677e-03
-7.3491556422917270e-01,-1.1889889759064811e+00,-5.4101660193248966e+00,1.3615180408374061e-03
7.3204516445126144e-01,-1.1868835940315767e+00,-5.4201660193249124e+00,1.3508116927055864e-03
7.2894684794330133e-01,-1.1846202861965767e+00,-5.4301660193248917e+00,1.3404012017759024e-03
-7.2562503116662624e-01,-1.1822043755611231e+00,-5.4401660193249004e+00,1.3302739308830099e-03
-7.1997123574721789e-01,-1.1781178227850275e+00,-5.4501660193248966e+00,1.3224306395001276e-03
7.1767193666256723e-01,-1.1764650369698395e+00,-5.4601660193248893e+00,1.3114379706155059e-03
-7.1486417242955724e-01,-1.1744539251450372e+00,-5.4701660193248998e+00,1.3010027776143276e-03
7.1197818126640289e-01,-1.1723949979330470e+00,-5.4801660193248960e+00,1.2907123325234173e-03
7.0952006978599647e-01,-1.1706478973479020e+00,-5.4901660193248976e+00,1.2801040482322901e-03
-7.0130940060353997e-01,-1.1648559703207877e+00,-5.5001660193248920e+00,1.2747285950663616e-03
6.9794205850264313e-01,-1.1625000911467929e+00,-5.5101660193248962e+00,1.2650215637924611e-03
-6.8177497716262125e-01,-1.1513470923758859e+00,-5.5201660193248889e+00,1.2664809732876921e-03
-6.7397061261468527e-01,-1.1460567259674466e+00,-5.5301660193248949e+00,1.2605303356134365e-03
6.6793601741740150e-01,-1.1420077943150491e+00,-5.5401660193249169e+00,1.2530511101959555e-03
-6.6499705355503791e-01,-1.1400490732517805e+00,-5.5501660193248945e+00,1.2430153808241312e-03
-6.6168983233046919e-01,-1.1378552497381016e+00,-5.5601660193249005e+00,1.2333499574677523e-03
-6.5694933405415745e-01,-1.1347297463904400e+00,-5.5701660193248888e+00,1.2249003739072807e-03
-6.4858877497507439e-01,-1.1292722321451734e+00,-5.5801660193249027e+00,1.2193488996999130e-03
6.3637108504763651e-01,-1.1214226115756927e+00,-5.5901660193248945e+00,1.2167296541026208e-03
6.3484276779212001e-01,-1.1204512025423192e+00,-5.6001660193248943e+00,1.2057937419645884e-03
6.2096533145906252e-01,-1.1117375040703712e+00,-5.6101660193248959e+00,1.2042437247402620e-03
6.1654789486979622e-01,-1.1090041859675281e+00,-5.6201660193248966e+00,1.1955245866350041e-03
6.1087308380693861e-01,-1.1055214948932390e+00,-5.6301660193248981e+00,1.1877583186489893e-03
-6.0844374626682096e-01,-1.1040404288189412e+00,-5.6401660193248970e+00,1.1776828610247350e-03
6.0775904527723734e-01,-1.1036240611914889e+00,-5.6501660193248862e+00,1.1664502918122923e-03
-6.0056700161007770e-01,-1.0992788943447991e+00,-5.6601660193248939e+00,1.1598728247970978e-03
-5.8973738036018752e-01,-1.0928336215303878e+00,-5.6701660193248991e+00,1.1557571127855210e-03
5.7995796381210529e-01,-1.0871141525278811e+00,-5.6801660193248944e+00,1.1508204319841480e-03
5.7983631174899575e-01,-1.0870436068446787e+00,-5.6901660193249093e+00,1.1394499578015020e-03
-5.7927005047791247e-01,-1.0867154283236811e+00,-5.7001660193248957e+00,1.1284825242498880e-03
-5.7652711682868307e-01,-1.0851302908527365e+00,-5.7101660193248964e+00,1.1190263409822320e-03
5.7317259599032733e-01,-1.0832019450304851e+00,-5.7201660193248935e+00,1.1100303026394113e-03
-5.6927843765932218e-01,-1.0809775024252588e+00,-5.7301660193249049e+00,1.1014326673318866e-03
-5.6894099981687019e-01,-1.0807854632696494e+00,-5.7401660193248940e+00,1.0906826628450837e-03
5.6390517664475104e-01,-1.0779330567567134e+00,-5.7501660193249133e+00,1.0829147007361821e-03
5.6138969743993794e-01,-1.0765177288291921e+00,-5.7601660193248856e+00,1.0736580227690726e-03
5.5807060332608271e-01,-1.0746599317817085e+00,-5.7701660193248978e+00,1.0649515741815623e-03
-5.5286014405202066e-01,-1.0717657020739499e+00,-5.7801660193248940e+00,1.0574110951069473e-03
5.4671459332803907e-01,-1.0683869559122610e+00,-5.7901660193249018e+00,1.0504328357425624e-03
5.4013284281091867e-01,-1.0648102765748417e+00,-5.8001660193249007e+00,1.0437071924104314e-03
-5.2676885437113929e-01,-1.0576812456010807e+00,-5.8101660193248863e+00,1.0407150386342063e-03
-5.2518928639547768e-01,-1.0568504259056350e+00,-5.8201660193248959e+00,1.0312161498618210e-03
5.1894312330451642e-01,-1.0535895152458628e+00,-5.8301660193249027e+00,1.0242900560936978e-03
5.1121588013322528e-01,-1.0496093706835334e+00,-5.8401660193248812e+00,1.0181425002933186e-03
-5.0519920025954757e-01,-1.0465516486047828e+00,-5.8501660193249023e+00,1.0110987502177109e-03
-5.0418289226508828e-01,-1.0460387270597342e+00,-5.8601660193249074e+00,1.0015517352946898e-03
-5.0308583572136134e-01,-1.0454862116850698e+00,-5.8701660193248939e+00,9.9213414698153283e-04
-4.9111945593837114e-01,-1.0395376926339404e+00,-5.8801660193248937e+00,9.8812266609271454e-04
4.8797905075231324e-01,-1.0380003096199037e+00,-5.8901660193248944e+00,9.7979584547554688e-04
4.8024304601605378e-01,-1.0342552242567282e+00,-5.9001660193248942e+00,9.7368643294619406e-04
4.7889441083637713e-01,-1.0336084609984999e+00,-5.9101660193248859e+00,9.6462177127349172e-04
-4.7135198279028040e-01,-1.0300248784735038e+00,-5.9201660193248999e+00,9.5845216981987251e-04
-4.6238936193114721e-01,-1.0258404936468861e+00,-5.9301660193249086e+00,9.5289435755117619e-04
4.6131049057623780e-01,-1.0253422169911841e+00,-5.9401660193248942e+00,9.4388309803352603e-04
-4.6127285527621542e-01,-1.0253248561406756e+00,-5.9501660193249002e+00,9.3450752799139984e-04
-4.5876412207203543e-01,-1.0241707924836021e+00,-5.9601660193248973e+00,9.2627738919644014e-04
4.5367195374394265e-01,-1.0218476534402625e+00,-5.9701660193248847e+00,9.1919371146599431e-04
-4.5345275018321002e-01,-1.0217482309576977e+00,-5.9801660193249111e+00,9.1013806490792258e-04
4.5149120124125863e-01,-1.0208606850324768e+00,-5.9901660193249064e+00,9.0188214655684252e-04
4.4699915744112101e-01,-1.0188426560098756e+00,-6.0001660193248911e+00,8.9471200344367783e-04
-4.4506084996523493e-01,-1.0179781127192282e+00,-6.0101660193249042e+00,8.8657562203506128e-04
4.4480922018916180e-01,-1.0178661538159846e+00,-6.0201660193248863e+00,8.7785232508377493e-04
-4.4407315137035103e-01,-1.0175390145173369e+00,-6.0301660193249038e+00,8.6940191752236148e-04
4.4142462871951305e-01,-1.0163663840534194e+00,-6.0401660193248912e+00,8.6176115903586082e-04
4.3317120215621818e-01,-1.0127571778220710e+00,-6.0501660193248936e+00,8.5627138189196350e-04
4.3069707047989514e-01,-1.0116885158933213e+00,-6.0601660193249005e+00,8.4865778312238807e-04
-4.2440654785807430e-01,-1.0089989915657434e+00,-6.0701660193248959e+00,8.4247631331667598e-04
4.2094546132023131e-01,-1.0075360733363907e+00,-6.0801660193248939e+00,8.3531463754215501e-04
4.1450209549026756e-01,-1.0048445262162509e+00,-6.0901660193248954e+00,8.2923203415832380e-04
4.0991891080960224e-01,-1.0029552893530047e+00,-6.1001660193248943e+00,8.2253353125050623e-04
4.0964242519757743e-01,-1.0028419908942159e+00,-6.1101660193249021e+00,8.1444145560225910e-04
-4.0771313206286580e-01,-1.0020535316615953e+00,-6.1201660193248895e+00,8.0697364276766071e-04
-4.0514029653843742e-01,-1.0010078625729659e+00,-6.1301660193249070e+00,7.9977998897735859e-04
4.0250220615392673e-01,-9.9994254561272855e-01,-6.1401660193248890e+00,7.9266603605622607e-04
-3.9714768926277538e-01,-9.9780167617672044e-01,-6.1501660193248942e+00,7.8646078605955523e-04
3.9574539719274693e-01,-9.9724574233296193e-01,-6.1601660193248957e+00,7.7906836058867757e-04
3.9506230946094156e-01,-9.9697564681164585e-01,-6.1701660193249035e+00,7.7152485814937176e-04
-3.8781507490988654e-01,-9.9413879879701994e-01,-6.1801660193248864e+00,7.6601805491073789e-04
3.7919155058412646e-01,-9.9083164865053652e-01,-6.1901660193249004e+00,7.6090832947054961e-04
-3.7864988727895738e-01,-9.9062640120152301e-01,-6.2001660193248940e+00,7.5349180149088214e-04
3.6349378593527182e-01,-9.8500239884011809e-01,-6.2101660193249044e+00,7.5020172707601683e-04
-3.3678658993729510e-01,-9.7565113621413535e-01,-6.2201660193248891e+00,7.4971520100850690e-04
3.3482296599467154e-01,-9.7499174191207394e-01,-6.2301660193249182e+00,7.4274501050789420e-04
-3.3062115981859058e-01,-9.7359370829323444e-01,-6.2401660193248949e+00,7.3638334354736760e-04
3.2893475377117770e-01,-9.7303756875259206e-01,-6.2501660193249009e+00,7.2946177660493958e-04
3.2703675513812946e-01,-9.7241505223897784e-01,-6.2601660193249007e+00,7.2265323423131953e-04
-3.2553116878747873e-01,-9.7192380355941044e-01,-6.2701660193248960e+00,7.1581427086650550e-04
-3.2381606615935277e-01,-9.7136695498479864e-01,-6.2801660193248861e+00,7.0908654378136059e-04
-3.1875576658531002e-01,-9.6974115199903377e-01,-6.2901660193248929e+00,7.0317330722405660e-04
-3.1549529821115763e-01,-9.6870717423001307e-01,-6.3001660193249061e+00,6.9689681933118462e-04
3.1037140708439981e-01,-9.6710373780111458e-01,-6.3101660193248987e+00,6.9106977867874257e-04
3.0990745059785002e-01,-9.6695984660136891e-01,-6.3201660193248861e+00,6.8429197599969237e-04
3.0854360089981725e-01,-9.6653810946145235e-01,-6.3301660193249081e+00,6.7776893714117459e-04
-3.0217562314468616e-01,-9.6459358624477920e-01,-6.3401660193248830e+00,6.7233111672694178e-04
2.9859369225222199e-01,-9.6351762915974681e-01,-6.3501660193249094e+00,6.6635789726309110e-04
-2.9715323923231313e-01,-9.6308855642646762e-01,-6.3601660193248941e+00,6.6001065723305318e-04
-2.8630817524764507e-01,-9.5992471824015757e-01,-6.3701660193248877e+00,6.5551410467337907e-04
2.8558931382196673e-01,-9.5971916071799035e-01,-6.3801660193248928e+00,6.4912504917570449e-04
2.8552983879260041e-01,-9.5970217705380367e-01,-6.3901660193248988e+00,6.4267706193753564e-04
2.7694087882213470e-01,-9.5728665781472766e-01,-6.4001660193248995e+00,6.3782112827136239e-04
-2.7682516153056880e-01,-9.5725461766155218e-01,-6.4101660193248904e+00,6.3149493487708430e-04
-2.7064012916721020e-01,-9.5556157239116157e-01,-6.4201660193248964e+00,6.2627086314553894e-04
2.6929701054956312e-01,-9.5519897257880526e-01,-6.4301660193248935e+00,6.2026423086209662e-04
2.6907846023662718e-01,-9.5514014151499649e-01,-6.4401660193249013e+00,6.1412862742327883e-04
2.6574648483652064e-01,-9.5424912973482301e-01,-6.4501660193249020e+00,6.0855993805803007e-04
2.6484034580806143e-01,-9.5400873701720623e-01,-6.4601660193249000e+00,6.0264952064503752e-04
2.6385776346355810e-01,-9.5374899230333499e-01,-6.4701660193248838e+00,5.9680805533043706e-04
-2.6172515658602147e-01,-9.5318856142832820e-01,-6.4801660193249280e+00,5.9120095040030138e-04
-2.6093241683862783e-01,-9.5298139571196316e-01,-6.4901660193248931e+00,5.8543967312348500e-04
2.5885798713719188e-01,-9.5244226138569876e-01,-6.5001660193248920e+00,5.7992702534482806e-04
2.5788828384046913e-01,-9.5219171610443065e-01,-6.5101660193248971e+00,5.7430052529217469e-04
2.5631324033172276e-01,-9.5178677121801325e-01,-6.5201660193249014e+00,5.6881643226206250e-04
-2.4966222120542353e-01,-9.5010414498195239e-01,-6.5301660193248852e+00,5.6410499394948614e-04
-2.4749315475592792e-01,-9.4956496345886032e-01,-6.5401660193249009e+00,5.5879326526994222e-04
2.4444790432764699e-01,-9.4881592159842865e-01,-6.5501660193249043e+00,5.5364772942888263e-04
-2.4289472137094839e-01,-9.4843745546827485e-01,-6.5601660193248890e+00,5.4834633372490514e-04
-2.4159654395545024e-01,-9.4812297765894837e-01,-6.5701660193248967e+00,5.4306095030874537e-04
2.3884054211127920e-01,-9.4746093491134431e-01,-6.5801660193249019e+00,5.3801347360735185e-04
2.3569271295054245e-01,-9.4671406010233283e-01,-6.5901660193248821e+00,5.3305812914941869e-04
-2.3550873069363726e-01,-9.4667071374980349e-01,-6.6001660193249112e+00,5.2777698885461037e-04
2.3491962274316769e-01,-9.4653214720823553e-01,-6.6101660193249039e+00,5.2259792964300090e-04
-2.3306465694215914e-01,-9.4609809979112258e-01,-6.6201660193248770e+00,5.1762261736857274e-04
-2.3283668611185288e-01,-9.4604499383311424e-01,-6.6301660193249310e+00,5.1249940231960225e-04
2.2870668922628162e-01,-9.4509190748176297e-01,-6.6401660193248597e+00,5.0788377455587017e-04
-2.2258123172255306e-01,-9.4370973499090394e-01,-6.6501660193249164e+00,5.0352572522229726e-04
2.1544096185045111e-01,-9.4214593665486324e-01,-6.6601660193248859e+00,4.9929574821794926e-04
2.1000785826936771e-01,-9.4099018290078285e-01,-6.6701660193249168e+00,4.9489932385854722e-04
2.0770150853496444e-01,-9.4050849095718947e-01,-6.6801660193248669e+00,4.9021106716846756e-04
2.0460056185219416e-01,-9.3986922758845626e-01,-6.6901660193249173e+00,4.8564374059586188e-04
2.0395934495228263e-01,-9.3973823983002158e-01,-6.7001660193248824e+00,4.8087448918450823e-04
2.0046535982268593e-01,-9.3903171287775888e-01,-6.7101660193249124e+00,4.7642619713707138e-04
-1.9668064000326529e-01,-9.3828016970938644e-01,-6.7201660193248767e+00,4.7204030265914635e-04
-1.9361935790248597e-01,-9.3768276051062494e-01,-6.7301660193249155e+00,4.6762270184407776e-04
1.9129075757458130e-01,-9.3723460960006810e-01,-6.7401660193248771e+00,4.6317730504394703e-04
1.9032672536992390e-01,-9.3705066382835867e-01,-6.7501660193249133e+00,4.5865297337123852e-04
-1.8648921962458365e-01,-9.3632764715143257e-01,-6.7601660193248811e+00,4.5441773288841763e-04
1.8505825267838469e-01,-9.3606181107552788e-01,-6.7701660193249182e+00,4.5001581543767160e-04
1.8334900998482836e-01,-9.3574696236454780e-01,-6.7801660193248727e+00,4.4567838243513832e-04
1.8147042789632223e-01,-9.3540429073377662e-01,-6.7901660193249160e+00,4.4139503608012405e-04
1.7334702322416370e-01,-9.3396312786367885e-01,-6.8001660193248785e+00,4.3763332873982951e-04
-1.7152821403348767e-01,-9.3364949673809849e-01,-6.8101660193249165e+00,4.3341471539289973e-04
1.7012862559233743e-01,-9.3341040725630831e-01,-6.8201660193248683e+00,4.2920477299945642e-04
1.6990144568805288e-01,-9.3337178325678460e-01,-6.8301660193249196e+00,4.2495052712442712e-04
-1.6895336143352591e-01,-9.3321115180318326e-01,-6.8401660193248786e+00,4.2078978537764760e-04
-1.6475611537921209e-01,-9.3251082141076358e-01,-6.8501660193249103e+00,4.1689471888676675e-04
-1.6421817923707047e-01,-9.3242233782930872e-01,-6.8601660193249190e+00,4.1278307003328376e-04
1.6398190886381686e-01,-9.3238356585065008e-01,-6.8701660193248753e+00,4.0869165533789819e-04
1.6263944751613671e-01,-9.3216432757751655e-01,-6.8801660193249150e+00,4.0471382445626992e-04
-1.5847963121337572e-01,-9.3149642938810329e-01,-6.8901660193248739e+00,4.0095456203435549e-04
-1.5617645289038937e-01,-9.3113407485205146e-01,-6.9001660193249190e+00,3.9710886561461863e-04
1.5530842038832926e-01,-9.3099888535509845e-01,-6.9101660193248833e+00,3.9321072074858572e-04
1.5201126240839807e-01,-9.3049224458283686e-01,-6.9201660193249088e+00,3.8949549302253584e-04
-1.5169056939075848e-01,-9.3044354705438570e-01,-6.9301660193248731e+00,3.8563872730866685e-04
-1.4989832155684824e-01,-9.3017328603611960e-01,-6.9401660193249235e+00,3.8190475788181316e-04
1.4745368419346053e-01,-9.2980982712445182e-01,-6.9501660193248753e+00,3.7824219256425907e-04
-1.4706475189139601e-01,-9.2975255325777839e-01,-6.9601660193249106e+00,3.7450006831791084e-04
1.4609813467931662e-01,-9.2961086511172730e-01,-6.9701660193248811e+00,3.7082626834158755e-04
1.4321469923774688e-01,-9.2919375767221857e-01,-6.9801660193249200e+00,3.6728965262213106e-04
1.3888019706771623e-01,-9.2858238720212327e-01,-6.9901660193248638e+00,3.6385744322612056e-04
1.3504789384787119e-01,-9.2805749944971239e-01,-7.0001660193249240e+00,3.6042613479689663e-04
1.3370243383203301e-01,-9.2787670303964409e-01,-7.0101660193248723e+00,3.5690435602807319e-04
-1.3207084566272242e-01,-9.2765988677037281e-01,-7.0201660193249227e+00,3.5342971935648968e-04
1.3169056711685878e-01,-9.2760973536711944e-01,-7.0301660193248745e+00,3.4993058396069255e-04
-1.2659075220413069e-01,-9.2695114190514327e-01,-7.0401660193249143e+00,3.4667696048535577e-04
-1.2625122137954969e-01,-9.2690821808325352e-01,-7.0501660193248732e+00,3.4324220004406769e-04
1.2538112811660956e-01,-9.2679874627723635e-01,-7.0601660193249218e+00,3.3986408658826645e-04
-1.2458677418751439e-01,-9.2669946478456477e-01,-7.0701660193248737e+00,3.3651579055560412e-04
1.2450091862732443e-01,-9.2668877200286326e-01,-7.0801660193249205e+00,3.3317096499888135e-04
1.2304594866925395e-01,-9.2650868537529785e-01,-7.0901660193248635e+00,3.2991526648548327e-04
1.2185464565976384e-01,-9.2636280996777276e-01,-7.1001660193249299e+00,3.2668020586775609e-04
1.2112342753060637e-01,-9.2627397498172048e-01,-7.1101660193249048e+00,3.2345841665618269e-04
1.1808693570510513e-01,-9.2591079482545025e-01,-7.1201660193248903e+00,3.2035627755326032e-04
-1.1774184957494005e-01,-9.2587010420400340e-01,-7.1301660193249061e+00,3.1718158538534451e-04
1.1546628728806956e-01,-9.2560476438338501e-01,-7.1401660193248810e+00,3.1410891042453633e-04
-1.1539192179330637e-01,-9.2559618044091574e-01,-7.1501660193249181e+00,3.1098614402064509e-04
-1.1406891796165167e-01,-9.2544439165581049e-01,-7.1601660193248691e+00,3.0793851825227514e-04
1.1402109730328877e-01,-9.2543893794846244e-01,-7.1701660193249195e+00,3.0487614150133397e-04
1.1399629434213954e-01,-9.2543611019520933e-01,-7.1801660193248802e+00,3.0184342674502039e-04
-1.1380983341389356e-01,-9.2541487172418857e-01,-7.1901660193249199e+00,2.9884638143998671e-04
1.1225014573914614e-01,-9.2523858024256922e-01,-7.2001660193248691e+00,2.9592497471524518e-04
-1.1154063977268089e-01,-9.2515918979378897e-01,-7.2101660193249142e+00,2.9300373279352921e-04
-1.1088769736227400e-01,-9.2508657334649314e-01,-7.2201660193248784e+00,2.9010936288651347e-04
-1.1087067264866673e-01,-9.2508468566012336e-01,-7.2301660193249093e+00,2.8722326868179824e-04
1.0812064876518633e-01,-9.2478356997804190e-01,-7.2401660193248807e+00,2.8445098916655233e-04
-1.0687658417263715e-01,-9.2464983475554485e-01,-7.2501660193249204e+00,2.8165831965353466e-04
-1.0664053774632169e-01,-9.2462463477875179e-01,-7.2601660193248732e+00,2.7886279979460517e-04
1.0622083338565555e-01,-9.2457996535591103e-01,-7.2701660193249209e+00,2.7610040154559071e-04
-1.0319721216137753e-01,-9.2426336493227967e-01,-7.2801660193248701e+00,2.7343971407483631e-04
-1.0304307355399889e-01,-9.2424747013706687e-01,-7.2901660193249196e+00,2.7072324651656303e-04
1.0242288091969837e-01,-9.2418375590128488e-01,-7.3001660193248741e+00,2.6804658304490649e-04
1.0009184385930944e-01,-9.2394772123691771e-01,-7.3101660193249165e+00,2.6544212112897828e-04
-9.9871726213999368e-02,-9.2392571348182151e-01,-7.3201660193248701e+00,2.6280671161588723e-04
-9.8973459569479977e-02,-9.2383640548291523e-01,-7.3301660193249187e+00,2.6021497938486052e-04
9.8511821173903669e-02,-9.2379082208883900e-01,-7.3401660193248670e+00,2.5763754080492755e-04
9.4673894044667861e-02,-9.2342010574013000e-01,-7.3501660193249228e+00,2.5516858207467986e-04
9.3308974080930571e-02,-9.2329181495535739e-01,-7.3601660193249163e+00,2.5266202439130767e-04
9.2978908967020574e-02,-9.2326107138968827e-01,-7.3701660193248806e+00,2.5015568580288692e-04
-9.2075822614839681e-02,-9.2317751118843916e-01,-7.3801660193249123e+00,2.4768729107574826e-04
-9.1788371388209750e-02,-9.2315108519438938e-01,-7.3901660193248775e+00,2.4522924169219162e-04
9.0428827041673765e-02,-9.2302721901340590e-01,-7.4001660193249128e+00,2.4281924519766178e-04
9.0246580101463858e-02,-9.2301075524334442e-01,-7.4101660193248815e+00,2.4040711131387128e-04
-8.9361944185048878e-02,-9.2293131116760541e-01,-7.4201660193249213e+00,2.3803393022284872e-04
-8.9285049793365157e-02,-9.2292444269164131e-01,-7.4301660193248713e+00,2.3566707171186288e-04
-8.8839663268615518e-02,-9.2288477551817993e-01,-7.4401660193249155e+00,2.3333140058204421e-04
-8.5850656906031220e-02,-9.2262370027893803e-01,-7.4501660193248709e+00,2.3107003314469486e-04
-8.5333727176211696e-02,-9.2257945513023154e-01,-7.4601660193249204e+00,2.2878097012342142e-04
8.4630004336878173e-02,-9.2251965145036952e-01,-7.4701660193248687e+00,2.2651810764701057e-04
8.3153336883295875e-02,-9.2239577135075290e-01,-7.4801660193249200e+00,2.2429199841124110e-04
-8.1848397011328011e-02,-9.2228811268000144e-01,-7.4901660193248718e+00,2.2208416373721676e-04
-8.1794132240403161e-02,-9.2228367266781974e-01,-7.5001660193249187e+00,2.1987536563347862e-04
7.9127779687281019e-02,-9.2206913539245894e-01,-7.5101660193248811e+00,2.1773427629897426e-04
-7.7704169748532295e-02,-9.2195750163149381e-01,-7.5201660193249156e+00,2.1559185003702726e-04
-7.7638313831500938e-02,-9.2195238652063882e-01,-7.5301660193248807e+00,2.1344776709303990e-04
7.2202913447891454e-02,-9.2154516298852129e-01,-7.5401660193249151e+00,2.1140999992469507e-04
7.1629143304947560e-02,-9.2150389971863977e-01,-7.5501660193248670e+00,2.0931507212448399e-04
-7.1172364453213052e-02,-9.2147128536426992e-01,-7.5601660193249183e+00,2.0723911121762375e-04
-7.0979614833492313e-02,-9.2145758549429491e-01,-7.5701660193248737e+00,2.0517985852547179e-04
-7.0043515428502248e-02,-9.2139157966013085e-01,-7.5801660193249241e+00,2.0315169357627415e-04
6.8674364029491786e-02,-9.2129661677076702e-01,-7.5901660193248759e+00,2.0114940127245149e-04
-6.8469757392331354e-02,-9.2128258647202177e-01,-7.6001660193249183e+00,1.9915072541309842e-04
6.7667258743724062e-02,-9.2122796158628451e-01,-7.6101660193249154e+00,1.9717991322231929e-04
-6.6016469339495051e-02,-9.2111761974536566e-01,-7.6201660193248788e+00,1.9523948219981796e-04
6.5992194413244401e-02,-9.2111601749507721e-01,-7.6301660193249159e+00,1.9329712660332490e-04
-6.4488854693769693e-02,-9.2101793882319649e-01,-7.6401660193248722e+00,1.9139255866527051e-04
6.2666057465451189e-02,-9.2090205001247105e-01,-7.6501660193249155e+00,1.8951013171862436e-04
6.2485873941485193e-02,-9.2089077485445503e-01,-7.6601660193248744e+00,1.8762658990933759e-04
-6.2052840560735040e-02,-9.2086381014416752e-01,-7.6701660193249159e+00,1.8576468316998493e-04
-6.0084801927170250e-02,-9.2074362434465307e-01,-7.6801660193248740e+00,1.8393839914407318e-04
5.8343420607064073e-02,-9.2064050999740588e-01,-7.6901660193249164e+00,1.8212696042710491e-04
-5.8245559741035610e-02,-9.2063480524811270e-01,-7.7001660193248771e+00,1.8031579554557672e-04
5.8042962087619977e-02,-9.2062302535729190e-01,-7.7101660193249213e+00,1.7852372637985859e-04
-5.7531306379754565e-02,-9.2059345824022010e-01,-7.7201660193248687e+00,1.7675261161057145e-04
-5.6491013340653179e-02,-9.2053414992746641e-01,-7.7301660193249209e+00,1.7500427264012291e-04
5.5470358307396050e-02,-9.2047701295871487e-01,-7.7401660193248754e+00,1.7327285103540003e-04
-5.5044333748565433e-02,-9.2045347197225125e-01,-7.7501660193249249e+00,1.7155279583534316e-04
5.4488246438491032e-02,-9.2042301713331032e-01,-7.7601660193248740e+00,1.6985098970176312e-04
-5.3312740763507373e-02,-9.2035965679719789e-01,-7.7701660193249085e+00,1.6817159918784731e-04
-5.2887333683603217e-02,-9.2033706766541989e-01,-7.7801660193248710e+00,1.6650202491096808e-04
5.2801019580386202e-02,-9.2033250646770359e-01,-7.7901660193249276e+00,1.6484605397572462e-04
5.2497338153714823e-02,-9.2031651788995217e-01,-7.8001660193248776e+00,1.6320841778249751e-04
5.1088552406012872e-02,-9.2024355272681047e-01,-7.8101660193249041e+00,1.6159625735915156e-04
-5.1005186850874393e-02,-9.2023929717618580e-01,-7.8201660193248710e+00,1.5998902857288272e-04
5.0993874699177197e-02,-9.2023872026175713e-01,-7.8301660193249258e+00,1.5839720252187008e-04
5.0779686673791014e-02,-9.2022782092268363e-01,-7.8401660193248759e+00,1.5682283327903815e-04
-4.9635986190716380e-02,-9.2017039819590196e-01,-7.8501660193249148e+00,1.5527133586348688e-04
4.8723672860473091e-02,-9.2012553078184667e-01,-7.8601660193249234e+00,1.5373325771664626e-04
-4.8297282618132167e-02,-9.2010484638748735e-01,-7.8701660193248681e+00,1.5220673451565300e-04
-4.8071268616642071e-02,-9.2009395606654609e-01,-7.8801660193249283e+00,1.5069389329864263e-04
4.7609224783735506e-02,-9.2007185177559359e-01,-7.8901660193248713e+00,1.4919776188163385e-04
4.7532492840237146e-02,-9.2006820157114311e-01,-7.9001660193249208e+00,1.4771375853108714e-04
-4.7328522466489470e-02,-9.2005852715276992e-01,-7.9101660193248717e+00,1.4624539690848571e-04
4.6986611899373344e-02,-9.2004240348223065e-01,-7.9201660193249150e+00,1.4479256546462210e-04
-4.6148119411062692e-02,-9.2000335709592829e-01,-7.9301660193248669e+00,1.4335745284757353e-04
4.6121296513629111e-02,-9.2000211962938849e-01,-7.9401660193249226e+00,1.4193119799343616e-04
-4.3672910854320089e-02,-9.1989219420458412e-01,-7.9501660193248807e+00,1.4053440643250475e-04
-4.3496872430169788e-02,-9.1988452158894274e-01,-7.9601660193249080e+00,1.3913713326618501e-04
4.3343869341538908e-02,-9.1987787813808763e-01,-7.9701660193248740e+00,1.3775361081483080e-04
4.2115881056788054e-02,-9.1982540635193422e-01,-7.9801660193249182e+00,1.3639009592975452e-04
-4.1768161753003269e-02,-9.1981082230145195e-01,-7.9901660193248674e+00,1.3503496114262300e-04
-4.1208341724879444e-02,-9.1978759634719665e-01,-8.0001660193249204e+00,1.3369444597459841e-04
-4.0960684527563594e-02,-9.1977742147182273e-01,-8.0101660193248758e+00,1.3236551080606876e-04
-4.0915180762009278e-02,-9.1977555864173344e-01,-8.0201660193249342e+00,1.3104869608889129e-04
-3.9843602812346821e-02,-9.1973228897587345e-01,-8.0301660193248718e+00,1.2975035390885720e-04
-3.9833753060139712e-02,-9.1973189657476762e-01,-8.0401660193249018e+00,1.2845936672394379e-04
3.9684743806309819e-02,-9.1972597207882567e-01,-8.0501660193248856e+00,1.2718192815515110e-04
-3.9620418957450471e-02,-9.1972342143252139e-01,-8.0601660193249156e+00,1.2591676799463152e-04
-3.9474175230011087e-02,-9.1971763788838423e-01,-8.0701660193248692e+00,1.2466459622043297e-04
3.9136163202616245e-02,-9.1970435226845038e-01,-8.0801660193249205e+00,1.2342580253985034e-04
3.8348747797960103e-02,-9.1967384586217527e-01,-8.0901660193248794e+00,1.2220142315434146e-04
3.8200532406899815e-02,-9.1966817297142478e-01,-8.1001660193249148e+00,1.2098618501732622e-04
3.8142418042729012e-02,-9.1966595466041257e-01,-8.1101660193249181e+00,1.1978261807715555e-04
3.8055242237879101e-02,-9.1966263336423126e-01,-8.1201660193248699e+00,1.1859115498902986e-04
3.7998831733764768e-02,-9.1966048823990498e-01,-8.1301660193249230e+00,1.1741140514279570e-04
3.7860954000466178e-02,-9.1965525855225216e-01,-8.1401660193248695e+00,1.1624375005880220e-04
3.7540441270964307e-02,-9.1964317499874881e-01,-8.1501660193249172e+00,1.1508849608968948e-04
3.7231557114813588e-02,-9.1963162705593626e-01,-8.1601660193248744e+00,1.1394466223888945e-04
-3.6815859117546035e-02,-9.1961623637462098e-01,-8.1701660193249168e+00,1.1281263015609091e-04
3.6567003934347440e-02,-9.1960710552170677e-01,-8.1801660193248757e+00,1.1169114556161480e-04
3.5887024746948631e-02,-9.1958247190593356e-01,-8.1901660193249164e+00,1.1058252410838517e-04
-3.5056075233369954e-02,-9.1955299683872327e-01,-8.2001660193248807e+00,1.0948543665211898e-04
3.4484824539454964e-02,-9.1953313419509797e-01,-8.2101660193249213e+00,1.0839819140864395e-04
-3.4371588586880587e-02,-9.1952923568433231e-01,-8.2201660193248713e+00,1.0732002977031952e-04
3.4047591798683496e-02,-9.1951815188698438e-01,-8.2301660193249120e+00,1.0625335531618758e-04
-3.3871043359499337e-02,-9.1951215642246997e-01,-8.2401660193248798e+00,1.0519674746756195e-04
3.3375832243016927e-02,-9.1949550572229644e-01,-8.2501660193249204e+00,1.0415175652644140e-04
3.2759433686137832e-02,-9.1947512288105770e-01,-8.2601660193248634e+00,1.0311753104053669e-04
3.1234038221845790e-02,-9.1942631520516138e-01,-8.2701660193249236e+00,1.0209647743347812e-04
3.1212697717873786e-02,-9.1942564888275313e-01,-8.2801660193248807e+00,1.0108066786168669e-04
-3.1061887726671782e-02,-9.1942095306791161e-01,-8.2901660193249125e+00,1.0007536834601114e-04
3.1007013065044491e-02,-9.1941925006294734e-01,-8.3001660193248803e+00,9.9079770526555610e-05
-3.0840112622613519e-02,-9.1941408890662724e-01,-8.3101660193249103e+00,9.8094416617030953e-05
3.0750728236073263e-02,-9.1941133627686389e-01,-8.3201660193248763e+00,9.7118628194675018e-05
-3.0748365825286748e-02,-9.1941126363380232e-01,-8.3301660193249134e+00,9.6152288682878055e-05
2.9490438456677422e-02,-9.1937337561352306e-01,-8.3401660193248848e+00,9.5199164264626038e-05
-2.8843715491550303e-02,-9.1935451259501821e-01,-8.3501660193249077e+00,9.4253694645668468e-05
2.8482811451666430e-02,-9.1934416790743501e-01,-8.3601660193249305e+00,9.3316820042543513e-05
-2.8108953723954635e-02,-9.1933358927306719e-01,-8.3701660193248717e+00,9.2389279516364575e-05
-2.7525000638342692e-02,-9.1931734546340982e-01,-8.3801660193249141e+00,9.1471476658566369e-05
2.7042995976840831e-02,-9.1930419444904121e-01,-8.3901660193248748e+00,9.0562511239663306e-05
-2.6944974279247969e-02,-9.1930154845279410e-01,-8.4001660193249243e+00,8.9661636440771186e-05
2.6688340480682998e-02,-9.1929466639214585e-01,-8.4101660193248691e+00,8.8770099170972763e-05
-2.6611216244507754e-02,-9.1929261104834548e-01,-8.4201660193249168e+00,8.7887002563934817e-05
2.6474905816840089e-02,-9.1928899295234479e-01,-8.4301660193248740e+00,8.7012827097332300e-05
-2.6409521132953064e-02,-9.1928726403657546e-01,-8.4401660193249217e+00,8.6147183942850901e-05
2.6345314368106568e-02,-9.1928557042791670e-01,-8.4501660193248753e+00,8.5290149588595937e-05
2.5521178972974890e-02,-9.1926419792142477e-01,-8.4601660193249177e+00,8.4443303166386571e-05
-2.5187382841900668e-02,-9.1925573476055167e-01,-8.4701660193248607e+00,8.3603785810411349e-05
-2.5125390831676895e-02,-9.1925417526556175e-01,-8.4801660193249297e+00,8.2772043324879179e-05
2.4938997074573789e-02,-9.1924950942088224e-01,-8.4901660193248638e+00,8.1948830092501838e-05
2.4832859412423469e-02,-9.1924686808663802e-01,-8.5001660193249293e+00,8.1133639909793405e-05
-2.4625436167111308e-02,-9.1924173868654968e-01,-8.5101660193248705e+00,8.0326758731187188e-05
2.3401872201135047e-02,-9.1921235644459864e-01,-8.5201660193249147e+00,7.9529830857821160e-05
2.3270569830073196e-02,-9.1920929234344761e-01,-8.5301660193248825e+00,7.8738737081973098e-05
-2.3094906196662345e-02,-9.1920521997945581e-01,-8.5401660193249089e+00,7.7955591020520347e-05
-2.3040295806167836e-02,-9.1920396024875728e-01,-8.5501660193248750e+00,7.7180017155662609e-05
-2.2777916419087982e-02,-9.1919794937153698e-01,-8.5601660193249245e+00,7.6412522458628064e-05
2.2664529247763410e-02,-9.1919537307635080e-01,-8.5701660193248728e+00,7.5652400059186218e-05
2.2521320445334097e-02,-9.1919213757064022e-01,-8.5801660193249223e+00,7.4899888439943876e-05
-2.2501653681811250e-02,-9.1919169484254759e-01,-8.5901660193248723e+00,7.4154654928143031e-05
-2.2172493368354515e-02,-9.1918434236442437e-01,-8.6001660193249059e+00,7.3417343580760582e-05
2.2158315131847330e-02,-9.1918402809808064e-01,-8.6101660193249216e+00,7.2686851649463992e-05
2.1952136106789116e-02,-9.1917948077316491e-01,-8.6201660193249285e+00,7.1963932633941567e-05
2.1612874491265963e-02,-9.1917209080522710e-01,-8.6301660193248182e+00,7.1248406061668915e-05
-2.1562773714510056e-02,-9.1917100923847106e-01,-8.6401660193249246e+00,7.0539548869430818e-05
-2.1500279970341749e-02,-9.1916966365274100e-01,-8.6501660193249190e+00,6.9837762603555231e-05
2.1347867944087592e-02,-9.1916639836621861e-01,-8.6601660193249117e+00,6.9143091026698913e-05
-2.0881840888958753e-02,-9.1915655827279541e-01,-8.6701660193248262e+00,6.8455779383842980e-05
-2.0762297850849213e-02,-9.1915406913936315e-01,-8.6801660193249361e+00,6.7774801698450862e-05
-2.0742349691764327e-02,-9.1915365516870717e-01,-8.6901660193249093e+00,6.7100458931551214e-05
2.0132595763674418e-02,-9.1914119333943123e-01,-8.7001660193249268e+00,6.6433626089021995e-05
2.0012223650441495e-02,-9.1913877718105708e-01,-8.7101660193248218e+00,6.5772759382008887e-05
-1.9868982971021763e-02,-9.1913592087549090e-01,-8.7201660193249158e+00,6.5118495489431381e-05
-1.8839187504344618e-02,-9.1911599012625145e-01,-8.7301660193249244e+00,6.4471840592589635e-05
1.8618708165209212e-02,-9.1911186078021012e-01,-8.7401660193249224e+00,6.3830598638281894e-05
1.8415390244967189e-02,-9.1910809593227671e-01,-8.7501660193248281e+00,6.3195711491742794e-05
-1.8390025542297316e-02,-9.1910762915306266e-01,-8.7601660193249113e+00,6.2566932860992077e-05
1.8249151914901632e-02,-9.1910504840614604e-01,-8.7701660193249147e+00,6.1944541340198093e-05
-1.8111059404282627e-02,-9.1910253786971219e-01,-8.7801660193249216e+00,6.1328336822361973e-05
-1.7718285715861849e-02,-9.1909550145769392e-01,-8.7901660193248361e+00,6.0718536914237398e-05
-1.7632784212621461e-02,-9.1909399017288396e-01,-8.8001660193249105e+00,6.0114468227442991e-05
-1.7598793262558147e-02,-9.1909339139548862e-01,-8.8101660193249192e+00,5.9516354911536389e-05
-1.7466369643454667e-02,-9.1909106966760035e-01,-8.8201660193249243e+00,5.8924294091540902e-05
1.7415554657922386e-02,-9.1909018340536097e-01,-8.8301660193248264e+00,5.8338039271901245e-05
1.7261641893304105e-02,-9.1908751477376582e-01,-8.8401660193249132e+00,5.7757720216264600e-05
1.7148777423722283e-02,-9.1908557291690363e-01,-8.8501660193249236e+00,5.7183132339193238e-05
-1.6858036601410060e-02,-9.1908062933236667e-01,-8.8601660193249199e+00,5.6614430543206776e-05
1.6805576782150222e-02,-9.1907974633882983e-01,-8.8701660193249179e+00,5.6051157039893407e-05
1.6738907184644585e-02,-9.1907862814020758e-01,-8.8801660193248253e+00,5.5493500761521488e-05
-1.6727792881365878e-02,-9.1907844216068035e-01,-8.8901660193249210e+00,5.4941341421062152e-05
-1.6556062356763983e-02,-9.1907558423372004e-01,-8.9001660193249155e+00,5.4394821396083577e-05
1.6397663799001337e-02,-9.1907297432237200e-01,-8.9101660193249224e+00,5.3853724433271001e-05
-1.6359648096061948e-02,-9.1907235167625301e-01,-8.9201660193248227e+00,5.3317904120114541e-05
1.6049922700943808e-02,-9.1906733264269258e-01,-8.9301660193249202e+00,5.2787647052275592e-05
-1.6002371825215331e-02,-9.1906657058535568e-01,-8.9401660193249217e+00,5.2262441015076544e-05
-1.5959371124834722e-02,-9.1906588339668960e-01,-8.9501660193249108e+00,5.1742456595120342e-05
-1.5933596782926440e-02,-9.1906547238655989e-01,-8.9601660193248343e+00,5.1227631604847514e-05
-1.5254311213780583e-02,-9.1905487963864285e-01,-8.9701660193249229e+00,5.0718445398599856e-05
-1.5148703575207034e-02,-9.1905327424334426e-01,-8.9801660193249120e+00,5.0213869047945127e-05
1.4742597797490695e-02,-9.1904720472824875e-01,-8.9901660193249135e+00,4.9714534445022030e-05
1.4736027789285427e-02,-9.1904710789084276e-01,-9.0001660193248298e+00,4.9219871328539970e-05
1.4732196622365804e-02,-9.1904705144199950e-01,-9.0101660193249202e+00,4.8730128176731269e-05
1.4729684177040014e-02,-9.1904701443131709e-01,-9.0201660193249253e+00,4.8245257085538055e-05
-1.3703550884550974e-02,-9.1903242628676218e-01,-9.0301660193249251e+00,4.7765905567575477e-05
-1.3404316500697781e-02,-9.1902837048376496e-01,-9.0401660193248290e+00,4.7290818667916210e-05
-1.3260809288804722e-02,-9.1902645716483644e-01,-9.0501660193249069e+00,4.6820356742217969e-05
-1.3173918650124981e-02,-9.1902530869963950e-01,-9.0601660193249227e+00,4.6354539645253834e-05
1.2938052478680281e-02,-9.1902222923430998e-01,-9.0701660193249172e+00,4.5893445596360004e-05
1.2833158554678287e-02,-9.1902087761258422e-01,-9.0801660193248264e+00,4.5436859596261870e-05
-1.2497991616422295e-02,-9.1901663253056154e-01,-9.0901660193249256e+00,4.4984946253740201e-05
-1.1837450535099103e-02,-9.1900859525092493e-01,-9.1001660193249148e+00,4.4537696520214014e-05
-1.1766583973849717e-02,-9.1900775888254627e-01,-9.1101660193249199e+00,4.4094575914702113e-05
1.1326212097930168e-02,-9.1900267417358317e-01,-9.1201660193249197e+00,4.3656049531332910e-05
-1.1189451042801273e-02,-9.1900113454065913e-01,-9.1301660193248377e+00,4.3221731126194192e-05
-1.1136007158567919e-02,-9.1900053796105730e-01,-9.1401660193249104e+00,4.2791693244480393e-05
1.0948851339769318e-02,-9.1899847130616963e-01,-9.1501660193249137e+00,4.2365996338346020e-05
-1.0817489819033375e-02,-9.1899704167633189e-01,-9.1601660193249241e+00,4.1944507596473585e-05
-1.0509166534721379e-02,-9.1899375392396676e-01,-9.1701660193248227e+00,4.1527289303802801e-05
-1.0362599931603511e-02,-9.1899222437201067e-01,-9.1801660193249273e+00,4.1114148757457869e-05
-1.0320120445250219e-02,-9.1899178507634172e-01,-9.1901660193249111e+00,4.0705074023619154e-05
-1.0226039668742602e-02,-9.1899081857699283e-01,-9.2001660193249304e+00,4.0300090719823605e-05
1.0143622472292526e-02,-9.1898997917176961e-01,-9.2101660193248271e+00,3.9899131608767265e-05
1.0112567267364411e-02,-9.1898966464170795e-01,-9.2201660193249193e+00,3.9502141040601428e-05
1.0064031657010853e-02,-9.1898917499993615e-01,-9.2301660193249120e+00,3.9109107319431859e-05
-1.0039833113763542e-02,-9.1898893175781560e-01,-9.2401660193249135e+00,3.8719974618009378e-05
9.9916498444827806e-03,-9.1898844916664679e-01,-9.2501660193248334e+00,3.8334722933329549e-05
-9.6506060863175772e-03,-9.1898509973225606e-01,-9.2601660193249202e+00,3.7953413189214581e-05
9.4949384103125006e-03,-9.1898360956104730e-01,-9.2701660193249200e+00,3.7575826412568293e-05
9.4839863452339315e-03,-9.1898350563183773e-01,-9.2801660193249234e+00,3.7201944559119226e-05
-9.4537164981015574e-03,-9.1898321901115265e-01,-9.2901660193248219e+00,3.6831789582656724e-05
-9.4228814853663523e-03,-9.1898292798108305e-01,-9.3001660193249194e+00,3.6465317765492492e-05
9.3726134402935622e-03,-9.1898245557469005e-01,-9.3101660193249209e+00,3.6102498846383602e-05
9.3053176569779846e-03,-9.1898182710168808e-01,-9.3201660193249243e+00,3.5743295444480675e-05
-9.2360864397056930e-03,-9.1898118527970030e-01,-9.3301660193248210e+00,3.5387666425034255e-05
9.2193918398621681e-03,-9.1898103122628794e-01,-9.3401660193249239e+00,3.5035558658219510e-05
9.1616867756132772e-03,-9.1898050088562666e-01,-9.3501660193249112e+00,3.4686967420784276e-05
-9.1358520891796566e-03,-9.1898026453003712e-01,-9.3601660193249216e+00,3.4341834445093483e-05
8.6907526164518578e-03,-9.1897629722385965e-01,-9.3701660193249214e+00,3.4000262372189587e-05
-8.2766118458997007e-03,-9.1897278378516334e-01,-9.3801660193248235e+00,3.3662072378437645e-05
8.2531127611428709e-03,-9.1897258956846350e-01,-9.3901660193249157e+00,3.3327135634607246e-05
-8.1085956808640003e-03,-9.1897140729529736e-01,-9.4001660193249190e+00,3.2995564104125761e-05
-8.0605023904696468e-03,-9.1897101848273288e-01,-9.4101660193249153e+00,3.2667265457190637e-05
-8.0536062012769756e-03,-9.1897096291976210e-01,-9.4201660193248333e+00,3.2342222531964105e-05
-7.9833690795037514e-03,-9.1897039972426930e-01,-9.4301660193249237e+00,3.2020430074603556e-05
7.8885286736030368e-03,-9.1896964707565665e-01,-9.4401660193249128e+00,3.1701845332279416e-05
7.8561419950016961e-03,-9.1896939211686224e-01,-9.4501660193249091e+00,3.1386414703006602e-05
-7.7827320390238819e-03,-9.1896881809233510e-01,-9.4601660193248378e+00,3.1074132496005447e-05
-7.6158913746612114e-03,-9.1896753353405480e-01,-9.4701660193249246e+00,3.0764979230950570e-05
7.4722500429416161e-03,-9.1896644989369158e-01,-9.4801660193249191e+00,3.0458895579370177e-05
-7.4548710838078817e-03,-9.1896632018477753e-01,-9.4901660193249171e+00,3.0155828416018267e-05
7.3689835842785899e-03,-9.1896568359287212e-01,-9.5001660193248281e+00,2.9855791915799424e-05
7.2603117043694987e-03,-9.1896488869636173e-01,-9.5101660193249202e+00,2.9558745318818392e-05
-7.2201615820567501e-03,-9.1896459799997499e-01,-9.5201660193249129e+00,2.9264639395854035e-05
7.1290521775468204e-03,-9.1896394432581452e-01,-9.5301660193249216e+00,2.8973470307797124e-05
-7.0560711544580580e-03,-9.1896342670340780e-01,-9.5401660193248290e+00,2.8685194309469089e-05
7.0521318148729544e-03,-9.1896339891490664e-01,-9.5501660193249105e+00,2.8399772646337271e-05
-7.0266282606920305e-03,-9.1896321938569647e-01,-9.5601660193249280e+00,2.8117195234877268e-05
6.7919041211568767e-03,-9.1896159761413498e-01,-9.5701660193249172e+00,2.7837469613763395e-05
-6.7456997394808108e-03,-9.1896128486582707e-01,-9.5801660193248193e+00,2.7560490782602208e-05
-6.6578090694602021e-03,-9.1896069584414219e-01,-9.5901660193249221e+00,2.7286275389561154e-05
6.6041549180262948e-03,-9.1896034006443006e-01,-9.6001660193249201e+00,2.7014782024378735e-05
-6.5795788858659630e-03,-9.1896017806249708e-01,-9.6101660193249252e+00,2.6745984784906944e-05
-6.3992628214422902e-03,-9.1895900791566842e-01,-9.6201660193249161e+00,2.6479888775094853e-05
6.3593350371859980e-03,-9.1895875320439702e-01,-9.6301660193248182e+00,2.6216416157097556e-05
6.3554685611387270e-03,-9.1895872862365524e-01,-9.6401660193249246e+00,2.5955559095837547e-05
6.3535272754438460e-03,-9.1895871628775938e-01,-9.6501660193249208e+00,2.5697297284699948e-05
-6.2863227479780992e-03,-9.1895829156018538e-01,-9.6601660193249206e+00,2.5441615710273560e-05
-6.2548437789172254e-03,-9.1895809416868879e-01,-9.6701660193248262e+00,2.5188472376258714e-05
-6.1503133758005219e-03,-9.1895744581064975e-01,-9.6801660193249184e+00,2.4937859057164314e-05
6.1417602720202601e-03,-9.1895739324295900e-01,-9.6901660193249217e+00,2.4689724511487399e-05
-5.9528035333585938e-03,-9.1895625056829289e-01,-9.7001660193249073e+00,2.4444085579532578e-05
5.8070901187352812e-03,-9.1895539378116298e-01,-9.7101660193248343e+00,2.4200883599165155e-05
5.7108096465341091e-03,-9.1895483930674893e-01,-9.7201660193249193e+00,2.3960094069189803e-05
-5.6713616136617974e-03,-9.1895461480461593e-01,-9.7301660193249244e+00,2.3721692475385663e-05
5.6417782596050944e-03,-9.1895444746430477e-01,-9.7401660193249100e+00,2.3485661621602383e-05
-5.5917741188812918e-03,-9.1895416660223772e-01,-9.7501660193248352e+00,2.3251981914557199e-05
-5.5877118032757762e-03,-9.1895414389493768e-01,-9.7601660193249096e+00,2.3020621351580434e-05
-5.5555802344954552e-03,-9.1895396486921044e-01,-9.7701660193249271e+00,2.2791566422210753e-05
-5.5091167054920134e-03,-9.1895370781677688e-01,-9.7801660193249109e+00,2.2564792347527263e-05
-5.4654796570102861e-03,-9.1895346836728009e-01,-9.7901660193248308e+00,2.2340274261622483e-05
-5.4532176966068987e-03,-9.1895340142496273e-01,-9.8001660193249229e+00,2.2117986299257312e-05
5.4082810991961678e-03,-9.1895315738556338e-01,-9.8101660193249209e+00,2.1897914002399269e-05
-5.4081969090794347e-03,-9.1895315693024315e-01,-9.8201660193249207e+00,2.1680026127400315e-05
5.3780402070536014e-03,-9.1895299429157384e-01,-9.8301660193248281e+00,2.1464309754038770e-05
5.3756831520790291e-03,-9.1895298161801520e-01,-9.8401660193249114e+00,2.1250736572847442e-05
-5.3321447866999418e-03,-9.1895274851735265e-01,-9.8501660193249254e+00,2.1039293115267270e-05
-5.2923090652120660e-03,-9.1895253690096035e-01,-9.8601660193249128e+00,2.0829953058929685e-05
-5.2780788854906342e-03,-9.1895246169170020e-01,-9.8701660193249161e+00,2.0622693114013656e-05
-5.2430546950175986e-03,-9.1895227744460695e-01,-9.8801660193248235e+00,2.0417497650855486e-05
5.1885805417008317e-03,-9.1895199331735833e-01,-9.8901660193249263e+00,2.0214345898247077e-05
-4.9894697517834444e-03,-9.1895098003754150e-01,-9.9001660193249155e+00,2.0013230074899755e-05
4.9758354950680383e-03,-9.1895091210277646e-01,-9.9101660193249259e+00,1.9814096454504093e-05
-4.8757712752178061e-03,-9.1895041920610354e-01,-9.9201660193248209e+00,1.9616952569802087e-05
-4.8449288155931001e-03,-9.1895026930095358e-01,-9.9301660193249290e+00,1.9421763541817923e-05
4.7994779812208172e-03,-9.1895005012778563e-01,-9.9401660193249146e+00,1.9228517980067516e-05
-4.7221315005151841e-03,-9.1894968189629356e-01,-9.9501660193249215e+00,1.9037198039503139e-05
4.7124080130756963e-03,-9.1894963602798030e-01,-9.9601660193248200e+00,1.8847775618577646e-05
-4.7000593041550262e-03,-9.1894957791207077e-01,-9.9701660193249140e+00,1.8660238202169335e-05
4.6852486774388406e-03,-9.1894950841092415e-01,-9.9801660193249155e+00,1.8474567013781166e-05
4.6747411782918705e-03,-9.1894945923588145e-01,-9.9901660193249349e+00,1.8290742900029596e-05
4.4627416972134251e-03,-9.1894849066506745e-01,-1.0000166019324832e+01,1.8108764506937211e-05
-4.4317710655790848e-03,-9.1894835293072830e-01,-1.0010166019324906e+01,1.7928581758875884e-05
-4.4090704808837488e-03,-9.1894825258459212e-01,-1.0020166019324913e+01,1.7750191170896334e-05
-4.3575417124222596e-03,-9.1894802671822717e-01,-1.0030166019324934e+01,1.7573577787041159e-05
-4.3517495108189091e-03,-9.1894800149524192e-01,-1.0040166019324820e+01,1.7398718205287782e-05
-4.3449929494866254e-03,-9.1894797211520496e-01,-1.0050166019324921e+01,1.7225598572680752e-05
4.2833652977159855e-03,-9.1894770624247635e-01,-1.0060166019324909e+01,1.7054205537360253e-05
4.2803206866132912e-03,-9.1894769320592962e-01,-1.0070166019324937e+01,1.6884513577102950e-05
-4.2273110399750277e-03,-9.1894746771265379e-01,-1.0080166019324814e+01,1.6716513629409391e-05
-4.2127472790043641e-03,-9.1894740625315785e-01,-1.0090166019324927e+01,1.6550182556826426e-05
4.1908896197074023e-03,-9.1894731441124178e-01,-1.0100166019324906e+01,1.6385506993781043e-05
-4.1861253174184801e-03,-9.1894729445592604e-01,-1.0110166019324932e+01,1.6222468798812807e-05
-4.1752349334319167e-03,-9.1894724892671409e-01,-1.0120166019324918e+01,1.6061053268512977e-05
4.1673489334322321e-03,-9.1894721603190599e-01,-1.0130166019324829e+01,1.5901243641397580e-05
4.1150327251221787e-03,-9.1894699938050384e-01,-1.0140166019324921e+01,1.5743027034317755e-05
4.0895191697425757e-03,-9.1894689471685931e-01,-1.0150166019324912e+01,1.5586382929362657e-05
-4.0818430648440736e-03,-9.1894686335474252e-01,-1.0160166019324924e+01,1.5431296311924286e-05
4.0587230282503814e-03,-9.1894676924964946e-01,-1.0170166019324821e+01,1.5277753785870747e-05
4.0219752086894656e-03,-9.1894662077562916e-01,-1.0180166019324924e+01,1.5125739841539717e-05
-4.0188387732971141e-03,-9.1894660816588236e-01,-1.0190166019324915e+01,1.4975236404283656e-05
-3.9964480209210632e-03,-9.1894651843173147e-01,-1.0200166019324918e+01,1.4826231642834719e-05
3.9634000429701766e-03,-9.1894638690328978e-01,-1.0210166019324834e+01,1.4678710103784133e-05
3.8999979972937290e-03,-9.1894613762552890e-01,-1.0220166019324910e+01,1.4532658120570635e-05
3.8896824590272509e-03,-9.1894609744815547e-01,-1.0230166019324926e+01,1.4388056334278515e-05
3.8799315831662281e-03,-9.1894605956788444e-01,-1.0240166019324919e+01,1.4244893321326626e-05
-3.7838227008584642e-03,-9.1894569129045522e-01,-1.0250166019324823e+01,1.4103159458429778e-05
3.7745621011967085e-03,-9.1894565629286740e-01,-1.0260166019324917e+01,1.3962831165820488e-05
3.7160454468237866e-03,-9.1894543713022092e-01,-1.0270166019324925e+01,1.3823901704070716e-05
-3.6908921596383853e-03,-9.1894534397580652e-01,-1.0280166019324911e+01,1.3686352858824371e-05
3.6589163278851842e-03,-9.1894522646768673e-01,-1.0290166019324831e+01,1.3550172964767870e-05
3.6355323556080087e-03,-9.1894514118109383e-01,-1.0300166019324918e+01,1.3415347635188969e-05
-3.5698884099038186e-03,-9.1894490468496903e-01,-1.0310166019324917e+01,1.3281865837015578e-05
3.5399921273561903e-03,-9.1894479840547039e-01,-1.0320166019324926e+01,1.3149710461360481e-05
-3.5267269798315215e-03,-9.1894475153493460e-01,-1.0330166019324832e+01,1.3018869266322209e-05
-3.4951141509154599e-03,-9.1894464054480340e-01,-1.0340166019324913e+01,1.2889330783311861e-05
-3.4904846047472161e-03,-9.1894462437472746e-01,-1.0350166019324915e+01,1.2761080005503541e-05
3.4697269691891927e-03,-9.1894455213595982e-01,-1.0360166019324931e+01,1.2634106050580635e-05
-3.4634500969689284e-03,-9.1894453037662660e-01,-1.0370166019324907e+01,1.2508394867121346e-05
-3.4228927052254634e-03,-9.1894439073057521e-01,-1.0380166019324827e+01,1.2383935988031066e-05
-3.3259052335263576e-03,-9.1894406345615065e-01,-1.0390166019324919e+01,1.2260717778728062e-05
-3.2997490161349929e-03,-9.1894397680512419e-01,-1.0400166019324926e+01,1.2138722650307829e-05
-3.2745368333039976e-03,-9.1894389392907583e-01,-1.0410166019324912e+01,1.2017941337864156e-05
3.2504950213566031e-03,-9.1894381549228144e-01,-1.0420166019324832e+01,1.1898361756829918e-05
-3.2337157070718796e-03,-9.1894376109197651e-01,-1.0430166019324925e+01,1.1779971720069867e-05
3.1846195168027127e-03,-9.1894360353407289e-01,-1.0440166019324909e+01,1.1662760880585262e-05
3.1819536158083934e-03,-9.1894359504774603e-01,-1.0450166019324922e+01,1.1546714568868785e-05
3.1208416354490485e-03,-9.1894340245959627e-01,-1.0460166019324834e+01,1.1431825040892458e-05
3.1056996869661623e-03,-9.1894335531861226e-01,-1.0470166019324921e+01,1.1318077014729450e-05
3.0223074668178813e-03,-9.1894309980455147e-01,-1.0480166019324907e+01,1.1205463129946364e-05
3.0214993722534576e-03,-9.1894309736256774e-01,-1.0490166019324928e+01,1.1093966935976870e-05
2.9525614111133129e-03,-9.1894289144278263e-01,-1.0500166019324826e+01,1.0983582382320484e-05
-2.8918450263242254e-03,-9.1894271401716765e-01,-1.0510166019324917e+01,1.0874295840964146e-05
-2.8717969461696633e-03,-9.1894265624218952e-01,-1.0520166019324920e+01,1.0766095411496710e-05
2.8196099873991970e-03,-9.1894250773357999e-01,-1.0530166019324913e+01,1.0658972555229156e-05
-2.8123578671232006e-03,-9.1894248731172590e-01,-1.0540166019324840e+01,1.0552914221752399e-05
-2.7337378740049066e-03,-9.1894226929472134e-01,-1.0550166019324916e+01,1.0447913248636907e-05
2.6792926216790448e-03,-9.1894212193781577e-01,-1.0560166019324909e+01,1.0343956299092054e-05
-2.6382972452078210e-03,-9.1894201293951649e-01,-1.0570166019324919e+01,1.0241033330479787e-05
2.5996123751147867e-03,-9.1894191162558991e-01,-1.0580166019324839e+01,1.0139134373497491e-05
2.5592516273910534e-03,-9.1894180751778565e-01,-1.0590166019324910e+01,1.0038249345900989e-05
-2.5422433962019129e-03,-9.1894176413408224e-01,-1.0600166019324927e+01,9.9383675272049778e-06
-2.5364441634269479e-03,-9.1894174940783657e-01,-1.0610166019324909e+01,9.8394792629461781e-06
-2.5112249596406511e-03,-9.1894168575873847e-01,-1.0620166019324923e+01,9.7415754285005866e-06
2.5110917574748459e-03,-9.1894168542424670e-01,-1.0630166019324825e+01,9.6446451366689834e-06
-2.5076953205362762e-03,-9.1894167690124984e-01,-1.0640166019324919e+01,9.5486793955113212e-06
-2.4829146897719289e-03,-9.1894161506601779e-01,-1.0650166019324928e+01,9.4536690326198089e-06
-2.4571554535682549e-03,-9.1894155143980094e-01,-1.0660166019324910e+01,9.3596040495812500e-06
2.4260478560146678e-03,-9.1894147548743932e-01,-1.0670166019324833e+01,9.2664751370573018e-06
-2.4189227093739125e-03,-9.1894145822687645e-01,-1.0680166019324911e+01,9.1742723272367691e-06
-2.3478628643996899e-03,-9.1894128886335447e-01,-1.0690166019324916e+01,9.0829883306770749e-06
-2.2459231215406572e-03,-9.1894105471867338e-01,-1.0700166019324927e+01,8.9926131923046749e-06
-2.2176902125186828e-03,-9.1894099170827881e-01,-1.0710166019324834e+01,8.9031357570027270e-06
-2.1850632855504662e-03,-9.1894091988412041e-01,-1.0720166019324918e+01,8.8145487091636150e-06
2.1778952676594341e-03,-9.1894090424723796e-01,-1.0730166019324907e+01,8.7268426205420842e-06
2.1350990894413672e-03,-9.1894081195740029e-01,-1.0740166019324917e+01,8.6400098830078289e-06
-2.1097523339661667e-03,-9.1894075816079479e-01,-1.0750166019324839e+01,8.5540408084420779e-06
-2.0935480213003302e-03,-9.1894072410499816e-01,-1.0760166019324920e+01,8.4689269686970521e-06
-2.0333389032923341e-03,-9.1894059986688725e-01,-1.0770166019324915e+01,8.3846607790867477e-06
1.9485968751471799e-03,-9.1894043114823043e-01,-1.0780166019324922e+01,8.3012334109507802e-06
1.9374888135088046e-03,-9.1894040956479073e-01,-1.0790166019324817e+01,8.2186349358121417e-06
1.9342411617163911e-03,-9.1894040327777526e-01,-1.0800166019324926e+01,8.1368582030015730e-06
-1.9155839136056722e-03,-9.1894036736420448e-01,-1.0810166019324919e+01,8.0558954004382850e-06
1.8858269680256758e-03,-9.1894031080501615e-01,-1.0820166019324914e+01,7.9757383530059252e-06
1.8789521824700520e-03,-9.1894029786399145e-01,-1.0830166019324826e+01,7.8963785326082941e-06
-1.8693554781988560e-03,-9.1894027987829141e-01,-1.0840166019324926e+01,7.8178083940373199e-06
-1.8267565611644870e-03,-9.1894020115310637e-01,-1.0850166019324922e+01,7.7400205101340613e-06
1.8258735641068862e-03,-9.1894019954047557e-01,-1.0860166019324911e+01,7.6630060316310553e-06
1.8248398937464954e-03,-9.1894019765365842e-01,-1.0870166019324923e+01,7.5867578619499359e-06
-1.8240818815502045e-03,-9.1894019627069479e-01,-1.0880166019324829e+01,7.5112683703072432e-06
1.8210102357761437e-03,-9.1894019067247890e-01,-1.0890166019324914e+01,7.4365300428987335e-06
1.7956806567719897e-03,-9.1894014486785003e-01,-1.0900166019324921e+01,7.3625356698807439e-06
-1.7859076834389805e-03,-9.1894012736646635e-01,-1.0910166019324921e+01,7.2892773435101886e-06
-1.7767084926591031e-03,-9.1894011097987338e-01,-1.0920166019324830e+01,7.2167479403524086e-06
-1.7603441726852312e-03,-9.1894008203914257e-01,-1.0930166019324911e+01,7.1449403053347609e-06
1.7459012588190593e-03,-9.1894005671894219e-01,-1.0940166019324918e+01,7.0738471405555903e-06
1.7435487467856547e-03,-9.1894005261445566e-01,-1.0950166019324925e+01,7.0034612142196476e-06
1.7405407081280896e-03,-9.1894004737431778e-01,-1.0960166019324824e+01,6.9337756471415602e-06
-1.7383982269786153e-03,-9.1894004364753723e-01,-1.0970166019324925e+01,6.8647834522893689e-06
-1.7189093198148554e-03,-9.1894000995796432e-01,-1.0980166019324916e+01,6.7964779446336328e-06
1.7163681948318145e-03,-9.1894000559322964e-01,-1.0990166019324912e+01,6.7288518885340916e-06
-1.6992998223301951e-03,-9.1893997644328251e-01,-1.1000166019324835e+01,6.6618988877604683e-06
-1.6850244385591831e-03,-9.1893995228701875e-01,-1.1010166019324924e+01,6.5956120456057704e-06
-1.6801171566949396e-03,-9.1893994403016954e-01,-1.1020166019324909e+01,6.5299846631431970e-06
1.6524412488402413e-03,-9.1893989791437991e-01,-1.1030166019324918e+01,6.4650105282685467e-06
1.6517887793535829e-03,-9.1893989683642530e-01,-1.1040166019324836e+01,6.4006826055990597e-06
1.6469896607877927e-03,-9.1893988892081080e-01,-1.1050166019324916e+01,6.3369947997152456e-06
-1.6344748619783512e-03,-9.1893986838737673e-01,-1.1060166019324919e+01,6.2739407767529512e-06
-1.6150957949395287e-03,-9.1893983690055292e-01,-1.1070166019324917e+01,6.2115142185572480e-06
1.6078588937914473e-03,-9.1893982523845064e-01,-1.1080166019324830e+01,6.1497086911322659e-06
1.5958595662754187e-03,-9.1893980601721714e-01,-1.1090166019324920e+01,6.0885181842895863e-06
-1.5730691934102824e-03,-9.1893976990668313e-01,-1.1100166019324915e+01,6.0279366338067385e-06
-1.5652294693321016e-03,-9.1893975760498525e-01,-1.1110166019324931e+01,5.9679577355667963e-06
1.5511982437378599e-03,-9.1893973574133514e-01,-1.1120166019324916e+01,5.9085756931030859e-06
-1.5495750949721481e-03,-9.1893973322482692e-01,-1.1130166019324824e+01,5.8497843973726559e-06
-1.4974646958022253e-03,-9.1893965383359710e-01,-1.1140166019324923e+01,5.7915785298872222e-06
1.4719563604430718e-03,-9.1893961596110296e-01,-1.1150166019324914e+01,5.7339515778191932e-06
1.4518319200238227e-03,-9.1893958654130148e-01,-1.1160166019324912e+01,5.6768979733588938e-06
1.4493280083592319e-03,-9.1893958290917732e-01,-1.1170166019324832e+01,5.6204119151494451e-06
1.4488126287149333e-03,-9.1893958216235605e-01,-1.1180166019324929e+01,5.5644878863506862e-06
-1.4200422841998007e-03,-9.1893954089338392e-01,-1.1190166019324913e+01,5.5091205341365837e-06
-1.3618239627623992e-03,-9.1893945991559223e-01,-1.1200166019324914e+01,5.4543043106035442e-06
1.3432514402688727e-03,-9.1893943479555540e-01,-1.1210166019324838e+01,5.4000332115798485e-06
-1.3102904814251424e-03,-9.1893939106391231e-01,-1.1220166019324919e+01,5.3463022171667603e-06
1.3050587842977628e-03,-9.1893938422255472e-01,-1.1230166019324917e+01,5.2931056574907995e-06
1.2947445343206958e-03,-9.1893937081504407e-01,-1.1240166019324921e+01,5.2404384464767582e-06
-1.2710882228012870e-03,-9.1893934046597459e-01,-1.1250166019324830e+01,5.1882953701674659e-06
-1.2540532565308204e-03,-9.1893931895812453e-01,-1.1260166019324902e+01,5.1366710791542626e-06
1.2329288800400711e-03,-9.1893929269015107e-01,-1.1270166019324925e+01,5.0855604815280829e-06
1.2228285711406669e-03,-9.1893928028819671e-01,-1.1280166019324914e+01,5.0349583717015999e-06
1.1965954592409555e-03,-9.1893924855368603e-01,-1.1290166019324838e+01,4.9848598570296155e-06
-1.1858408423425458e-03,-9.1893923574259118e-01,-1.1300166019324918e+01,4.9352597359407573e-06
-1.1671243801801290e-03,-9.1893921372299892e-01,-1.1310166019324919e+01,4.8861531886682064e-06
1.1534137817181098e-03,-9.1893919781501543e-01,-1.1320166019324907e+01,4.8375352290694114e-06
1.1469468864966580e-03,-9.1893919037691973e-01,-1.1330166019324832e+01,4.7894009849202983e-06
1.1323448176854337e-03,-9.1893917373573253e-01,-1.1340166019324920e+01,4.7417457277862958e-06
-1.1304411139517793e-03,-9.1893917158189553e-01,-1.1350166019324927e+01,4.6945645795869492e-06
1.1282882487449152e-03,-9.1893916915052565e-01,-1.1360166019324913e+01,4.6478528928455047e-06
1.1249175699562831e-03,-9.1893916535310904e-01,-1.1370166019324921e+01,4.6016060013264602e-06
1.0996752970104185e-03,-9.1893913727621890e-01,-1.1380166019324825e+01,4.5558193845061129e-06
1.0968674092906863e-03,-9.1893913419239626e-01,-1.1390166019324928e+01,4.5104882381305974e-06
1.0676155554995091e-03,-9.1893910253482669e-01,-1.1400166019324908e+01,4.4656082716591645e-06
-1.0650740381150997e-03,-9.1893909982469280e-01,-1.1410166019324913e+01,4.4211747389270197e-06
-1.0634010453941835e-03,-9.1893909804423113e-01,-1.1420166019324826e+01,4.3771833230445081e-06
-1.0587638335791570e-03,-9.1893909312376709e-01,-1.1430166019324929e+01,4.3336296425928698e-06
-1.0480023852105836e-03,-9.1893908178783912e-01,-1.1440166019324918e+01,4.2905093558164872e-06
-1.0309641915850285e-03,-9.1893906407692161e-01,-1.1450166019324923e+01,4.2478181496580962e-06
1.0276651273072434e-03,-9.1893906068114639e-01,-1.1460166019324815e+01,4.2055516671472577e-06
-1.0240995813458218e-03,-9.1893905702331569e-01,-1.1470166019324935e+01,4.1637057441123108e-06
1.0085649667856446e-03,-9.1893904123498560e-01,-1.1480166019324903e+01,4.1222762448228418e-06
9.8743106121640389e-04,-9.1893902014338980e-01,-1.1490166019324933e+01,4.0812589969351423e-06
-9.7481333307434257e-04,-9.1893900776385662e-01,-1.1500166019324825e+01,4.0406498414247266e-06
-9.7067658172905746e-04,-9.1893900373985260e-01,-1.1510166019324924e+01,4.0004447198385617e-06
9.6993717404570475e-04,-9.1893900302240028e-01,-1.1520166019324906e+01,3.9606396326405488e-06
-9.4719236367027436e-04,-9.1893898122002637e-01,-1.1530166019324925e+01,3.9212306953281998e-06
-9.4324340374529660e-04,-9.1893897748739883e-01,-1.1540166019324827e+01,3.8822138124930608e-06
-9.2595540942161099e-04,-9.1893896133004960e-01,-1.1550166019324914e+01,3.8435852017392928e-06
-9.1537137663199198e-04,-9.1893895158571803e-01,-1.1560166019324919e+01,3.8053409270632333e-06
-8.9076582444637257e-04,-9.1893892936521648e-01,-1.1570166019324919e+01,3.7674772359130905e-06
8.8219131864421003e-04,-9.1893892176410086e-01,-1.1580166019324828e+01,3.7299902394219585e-06
-8.8022777714919702e-04,-9.1893892003380928e-01,-1.1590166019324917e+01,3.6928762228151512e-06
-8.7970768040503003e-04,-9.1893891957614093e-01,-1.1600166019324924e+01,3.6561314921276707e-06
-8.7800131403943161e-04,-9.1893891807649319e-01,-1.1610166019324916e+01,3.6197523813744741e-06
-8.7054430509255799e-04,-9.1893891155703300e-01,-1.1620166019324918e+01,3.5837352667569678e-06
-8.6040283009942964e-04,-9.1893890277985446e-01,-1.1630166019324824e+01,3.5480765361962008e-06
8.5865932014189683e-04,-9.1893890128125355e-01,-1.1640166019324917e+01,3.5127725900542914e-06
-8.4939926390115161e-04,-9.1893889337289425e-01,-1.1650166019324921e+01,3.4778199462857204e-06
8.3440558545423065e-04,-9.1893888074968000e-01,-1.1660166019324921e+01,3.4432151030941614e-06
-8.0735683341710308e-04,-9.1893885854586765e-01,-1.1670166019324830e+01,3.4089546160730956e-06
8.0705589243917322e-04,-9.1893885830294619e-01,-1.1680166019324918e+01,3.3750349517211987e-06
7.9640817913309504e-04,-9.1893884976633333e-01,-1.1690166019324923e+01,3.3414528213738773e-06
-7.8954292166715911e-04,-9.1893884432235207e-01,-1.1700166019324916e+01,3.3082048282917250e-06
7.8852005770715396e-04,-9.1893884351528021e-01,-1.1710166019324824e+01,3.2752876429021126e-06
7.8474505424599300e-04,-9.1893884054573960e-01,-1.1720166019324919e+01,3.2426979959649500e-06
7.7794167288295669e-04,-9.1893883522996267e-01,-1.1730166019324912e+01,3.2104326288698300e-06
7.6546232141711185e-04,-9.1893882559962226e-01,-1.1740166019324928e+01,3.1784883210853555e-06
-7.5863250658269698e-04,-9.1893882039497954e-01,-1.1750166019324828e+01,3.1468618502428318e-06
-7.5724443778274865e-04,-9.1893881934290877e-01,-1.1760166019324918e+01,3.1155500549420113e-06
-7.4752977656648075e-04,-9.1893881203372285e-01,-1.1770166019324913e+01,3.0845498364781160e-06
7.4629812614344742e-04,-9.1893881111378606e-01,-1.1780166019324925e+01,3.0538580556054991e-06
-7.3246889309549730e-04,-9.1893880088867919e-01,-1.1790166019324820e+01,3.0234716911614236e-06
-7.2619404375152334e-04,-9.1893879631223407e-01,-1.1800166019324919e+01,2.9933876588784574e-06
7.1752423013256446e-04,-9.1893879005384993e-01,-1.1810166019324919e+01,2.9636029725667943e-06
-6.9211879324502026e-04,-9.1893877214755149e-01,-1.1820166019324926e+01,2.9341146828274081e-06
6.9006112271273044e-04,-9.1893877072551600e-01,-1.1830166019324830e+01,2.9049197580654475e-06
6.8885026413454883e-04,-9.1893876989068268e-01,-1.1840166019324917e+01,2.8760153259281114e-06
6.5975777448539657e-04,-9.1893875027349992e-01,-1.1850166019324911e+01,2.8473985511531440e-06
6.5651044135578819e-04,-9.1893874813631926e-01,-1.1860166019324920e+01,2.8190664682116182e-06
-6.5581111468069383e-04,-9.1893874767744854e-01,-1.1870166019324916e+01,2.7910162894614967e-06
-6.5557983916013471e-04,-9.1893874752580218e-01,-1.1880166019324841e+01,2.7632452137918162e-06
6.3397348483652631e-04,-9.1893873359452916e-01,-1.1890166019324910e+01,2.7357505026350671e-06
6.3122018483917353e-04,-9.1893873185280039e-01,-1.1900166019324924e+01,2.7085293350305362e-06
6.2653272171635460e-04,-9.1893872890496520e-01,-1.1910166019324915e+01,2.6815790257566062e-06
-6.1846903108590476e-04,-9.1893872388531073e-01,-1.1920166019324835e+01,2.6548968819624605e-06
6.1673586398279642e-04,-9.1893872281490241e-01,-1.1930166019324909e+01,2.6284802194214733e-06
6.0819638033495860e-04,-9.1893871758475798e-01,-1.1940166019324927e+01,2.6023264178617011e-06
6.0452148072669219e-04,-9.1893871535644978e-01,-1.1950166019324907e+01,2.5764328431061826e-06
-5.9813176908267386e-04,-9.1893871151414608e-01,-1.1960166019324832e+01,2.5507969177843012e-06
-5.9735011783512725e-04,-9.1893871104692115e-01,-1.1970166019324923e+01,2.5254160655599457e-06
5.9550744718979323e-04,-9.1893870994789928e-01,-1.1980166019324914e+01,2.5002877586029988e-06
5.9532972828574423e-04,-9.1893870984208215e-01,-1.1990166019324908e+01,2.4754094799919305e-06
-5.9208705522249177e-04,-9.1893870791687993e-01,-1.2000166019324832e+01,2.4507787488455598e-06
5.9032805113150419e-04,-9.1893870687694346e-01,-1.2010166019324933e+01,2.4263930953735892e-06
-5.8647610355062364e-04,-9.1893870461044946e-01,-1.2020166019324913e+01,2.4022500861294853e-06
5.8453063221456649e-04,-9.1893870347136941e-01,-1.2030166019324918e+01,2.3783473011055370e-06
-5.7321720686728523e-04,-9.1893869692232255e-01,-1.2040166019324822e+01,2.3546823654784685e-06
-5.6349582127866943e-04,-9.1893869139710982e-01,-1.2050166019324918e+01,2.3312528973545038e-06
5.5660459066057182e-04,-9.1893868753767460e-01,-1.2060166019324924e+01,2.3080565523608677e-06
5.5251783235900950e-04,-9.1893868527131706e-01,-1.2070166019324917e+01,2.2850910111274057e-06
-5.4310125325399920e-04,-9.1893868011282509e-01,-1.2080166019324830e+01,2.2623539873389392e-06
-5.3886413789118860e-04,-9.1893867782061900e-01,-1.2090166019324926e+01,2.2398431941806509e-06
-5.2925566954550754e-04,-9.1893867268912133e-01,-1.2100166019324918e+01,2.2175563934021630e-06
5.2864957039245512e-04,-9.1893867236852356e-01,-1.2110166019324915e+01,2.1954913393210924e-06
-5.2779160409369098e-04,-9.1893867191532819e-01,-1.2120166019324907e+01,2.1736458364776907e-06
5.2652384518040655e-04,-9.1893867124701922e-01,-1.2130166019324840e+01,2.1520177004726653e-06
5.2544608368162689e-04,-9.1893867068013291e-01,-1.2140166019324914e+01,2.1306047677858827e-06
-5.1124327841852390e-04,-9.1893866331818430e-01,-1.2150166019324926e+01,2.1094049116609006e-06
-5.0652844901984866e-04,-9.1893866091887433e-01,-1.2160166019324903e+01,2.0884159871103610e-06
5.0646817319642524e-04,-9.1893866088834475e-01,-1.2170166019324839e+01,2.0676359009009759e-06
-4.9974020895178148e-04,-9.1893865750347770e-01,-1.2180166019324918e+01,2.0470625868696914e-06
-4.9796716651385412e-04,-9.1893865661898888e-01,-1.2190166019324915e+01,2.0266939755970755e-06
4.9581603217499612e-04,-9.1893865555010834e-01,-1.2200166019324913e+01,2.0065280357450670e-06
4.9323897742139405e-04,-9.1893865427568389e-01,-1.2210166019324841e+01,1.9865627507343169e-06
4.9022290665041036e-04,-9.1893865279258857e-01,-1.2220166019324921e+01,1.9667961240135884e-06
4.8291475098544406e-04,-9.1893864923666779e-01,-1.2230166019324912e+01,1.9472261825223594e-06
4.8141592087953833e-04,-9.1893864851398388e-01,-1.2240166019324922e+01,1.9278509596714963e-06
-4.7812203619462611e-04,-9.1893864693368021e-01,-1.2250166019324828e+01,1.9086685251323956e-06
-4.7233465582706478e-04,-9.1893864418335303e-01,-1.2260166019324920e+01,1.8896769611866550e-06
-4.5964278805252017e-04,-9.1893863826908573e-01,-1.2270166019324909e+01,1.8708743723273507e-06
-4.5470983040339077e-04,-9.1893863601385439e-01,-1.2280166019324920e+01,1.8522588654655276e-06
-4.5346452451269087e-04,-9.1893863544837695e-01,-1.2290166019324831e+01,1.8338285828517186e-06
4.4167924806391668e-04,-9.1893863017361854e-01,-1.2300166019324918e+01,1.8155816931534136e-06
4.4092987825771509e-04,-9.1893862984291819e-01,-1.2310166019324921e+01,1.7975163540590043e-06
4.3512293959874139e-04,-9.1893862729932574e-01,-1.2320166019324917e+01,1.7796307720241893e-06
-4.2907064950943905e-04,-9.1893862468415055e-01,-1.2330166019324830e+01,1.7619231545853444e-06
4.2876468822297751e-04,-9.1893862455291841e-01,-1.2340166019324917e+01,1.7443917265047982e-06
4.1815412588330726e-04,-9.1893862005977600e-01,-1.2350166019324922e+01,1.7270347465793030e-06
-4.1453410952938582e-04,-9.1893861855260350e-01,-1.2360166019324923e+01,1.7098504663069133e-06
4.0947272512362643e-04,-9.1893861646729580e-01,-1.2370166019324918e+01,1.6928371734331932e-06
4.0370239034820204e-04,-9.1893861412114941e-01,-1.2380166019324825e+01,1.6759931660542250e-06
-4.0109901704141112e-04,-9.1893861307355018e-01,-1.2390166019324919e+01,1.6593167571548705e-06
3.9897647983753754e-04,-9.1893861222445516e-01,-1.2400166019324923e+01,1.6428062809532815e-06
3.9842730693984325e-04,-9.1893861200549898e-01,-1.2410166019324906e+01,1.6264600856960340e-06
3.9678491859669970e-04,-9.1893861135247523e-01,-1.2420166019324832e+01,1.6102765384946864e-06
3.9277460414266946e-04,-9.1893860976928432e-01,-1.2430166019324915e+01,1.5942540217507250e-06
-3.9202385698421956e-04,-9.1893860947469164e-01,-1.2440166019324931e+01,1.5783909296532056e-06
-3.9124387922524848e-04,-9.1893860916922598e-01,-1.2450166019324913e+01,1.5626856779717263e-06
-3.8495786580048627e-04,-9.1893860672961869e-01,-1.2460166019324825e+01,1.5471366994526551e-06
-3.7312087966465514e-04,-9.1893860224293489e-01,-1.2470166019324926e+01,1.5317424389526256e-06
3.7262302736662859e-04,-9.1893860205729971e-01,-1.2480166019324912e+01,1.5165013473131319e-06
3.6812762412396707e-04,-9.1893860039231334e-01,-1.2490166019324914e+01,1.5014119092875836e-06
-3.5194874419956410e-04,-9.1893859456729876e-01,-1.2500166019324830e+01,1.4864726198380404e-06
3.5067948354685572e-04,-9.1893859412138956e-01,-1.2510166019324931e+01,1.4716819707994312e-06
-3.5037307733286295e-04,-9.1893859401398614e-01,-1.2520166019324915e+01,1.4570384906781401e-06
3.4759833137571779e-04,-9.1893859304563941e-01,-1.2530166019324918e+01,1.4425407168589042e-06
-3.4559134573660657e-04,-9.1893859235002862e-01,-1.2540166019324827e+01,1.4281871978961558e-06
-3.3935368411617249e-04,-9.1893859021380098e-01,-1.2550166019324916e+01,1.4139765008602314e-06
3.3054013672649145e-04,-9.1893858726173050e-01,-1.2560166019324921e+01,1.3999072037345202e-06
3.2660504609308843e-04,-9.1893858596876754e-01,-1.2570166019324910e+01,1.3859778961136566e-06
3.2356778987711573e-04,-9.1893858498139680e-01,-1.2580166019324832e+01,1.3721871869823116e-06
-3.1991520566666603e-04,-9.1893858380620885e-01,-1.2590166019324927e+01,1.3585336979409786e-06
-3.1786162075119238e-04,-9.1893858315134447e-01,-1.2600166019324918e+01,1.3450160626699239e-06
3.1735568172244549e-04,-9.1893858299065379e-01,-1.2610166019324918e+01,1.3316329294503005e-06
-3.1673284476779143e-04,-9.1893858279318696e-01,-1.2620166019324911e+01,1.3183829606775344e-06
-3.1663962473735204e-04,-9.1893858276366547e-01,-1.2630166019324916e+01,1.3052648310750554e-06
-3.1535278445950400e-04,-9.1893858235702885e-01,-1.2640166019324916e+01,1.2922772295299817e-06
3.1390303937695117e-04,-9.1893858190089850e-01,-1.2650166019324741e+01,1.2794188568377998e-06
-3.0593536390313074e-04,-9.1893857943156287e-01,-1.2660166019324919e+01,1.2666884296354676e-06
3.0255464600551863e-04,-9.1893857840299642e-01,-1.2670166019324922e+01,1.2540846704624959e-06
2.9859981868175924e-04,-9.1893857721426531e-01,-1.2680166019324925e+01,1.2416063209747060e-06
2.9762617032383869e-04,-9.1893857692400804e-01,-1.2690166019324916e+01,1.2292521320197336e-06
2.8417286133365426e-04,-9.1893857301044701e-01,-1.2700166019324916e+01,1.2170208737048334e-06
2.7237184932737415e-04,-9.1893856972655164e-01,-1.2710166019324921e+01,1.2049113176375346e-06
-2.6945504321804399e-04,-9.1893856893634962e-01,-1.2720166019324909e+01,1.1929222506521964e-06
-2.6774951507840112e-04,-9.1893856847824085e-01,-1.2730166019324743e+01,1.1810524764751357e-06
2.6552876117263914e-04,-9.1893856788610095e-01,-1.2740166019324914e+01,1.1693008086754416e-06
2.6201196816742127e-04,-9.1893856695847520e-01,-1.2750166019324929e+01,1.1576660723057515e-06
-2.5897445438640131e-04,-9.1893856616722347e-01,-1.2760166019324917e+01,1.1461471033302668e-06
2.5825835163668969e-04,-9.1893856598202761e-01,-1.2770166019324918e+01,1.1347427493143689e-06
2.5778333040186438e-04,-9.1893856585946221e-01,-1.2780166019324913e+01,1.1234518704444670e-06
-2.5644534123939232e-04,-9.1893856551544595e-01,-1.2790166019324912e+01,1.1122733379413770e-06
2.5610897509203978e-04,-9.1893856542924302e-01,-1.2800166019324932e+01,1.1012060334073986e-06
-2.5398235423647125e-04,-9.1893856488685755e-01,-1.2810166019324729e+01,1.0902488508901322e-06
-2.5307295078199997e-04,-9.1893856465629864e-01,-1.2820166019324930e+01,1.0794006938176456e-06
2.5246486007992892e-04,-9.1893856450259226e-01,-1.2830166019324908e+01,1.0686604776271795e-06
-2.5015901516051457e-04,-9.1893856392310591e-01,-1.2840166019324926e+01,1.0580271288221897e-06
2.4920664355499307e-04,-9.1893856368531501e-01,-1.2850166019324920e+01,1.0474995832416115e-06
2.4697457483401021e-04,-9.1893856313155975e-01,-1.2860166019324923e+01,1.0370767888149627e-06
-2.4455931168141309e-04,-9.1893856253796791e-01,-1.2870166019324920e+01,1.0267577029608546e-06
-2.3636339622691615e-04,-9.1893856056716705e-01,-1.2880166019324902e+01,1.0165412951204899e-06
-2.3619009527419722e-04,-9.1893856052622003e-01,-1.2890166019324923e+01,1.0064265402743937e-06
-2.3408235270050540e-04,-9.1893856003061336e-01,-1.2900166019324743e+01,9.9641242937342208e-07
2.3237549692175968e-04,-9.1893855963252524e-01,-1.2910166019324922e+01,9.8649796043929628e-07
-2.2955881112746997e-04,-9.1893855898196330e-01,-1.2920166019324915e+01,9.7668214236221831e-07
-2.2589581457572167e-04,-9.1893855814779901e-01,-1.2930166019324918e+01,9.6696399347809965e-07
2.2587734233870066e-04,-9.1893855814362635e-01,-1.2940166019324920e+01,9.5734254098841722e-07
-2.2587365946920475e-04,-9.1893855814279446e-01,-1.2950166019324909e+01,9.4781682354738688e-07
2.2584069640304747e-04,-9.1893855813534953e-01,-1.2960166019324920e+01,9.3838588858473113e-07
2.2578839577075979e-04,-9.1893855812353931e-01,-1.2970166019324925e+01,9.2904879299684669e-07
2.2522629792677743e-04,-9.1893855799678215e-01,-1.2980166019324731e+01,9.1980460316816350e-07
-2.2453491392570842e-04,-9.1893855784130329e-01,-1.2990166019324924e+01,9.1065239458977117e-07
-2.2195160459183812e-04,-9.1893855726459683e-01,-1.3000166019324919e+01,9.0159125238684334e-07
-2.2193372699212070e-04,-9.1893855726062901e-01,-1.3010166019324913e+01,8.9262026953884412e-07
-2.1738142669424371e-04,-9.1893855626068177e-01,-1.3020166019324918e+01,8.8373855034175882e-07
-2.1114055284969621e-04,-9.1893855492350596e-01,-1.3030166019324922e+01,8.7494520601354158e-07
2.0433944077273986e-04,-9.1893855351064302e-01,-1.3040166019324923e+01,8.6623935697721439e-07
-1.9837863931394665e-04,-9.1893855231038168e-01,-1.3050166019324914e+01,8.5762013239165335e-07
1.9269044362097256e-04,-9.1893855119814305e-01,-1.3060166019324743e+01,8.4908667043882679e-07
1.9093903086253626e-04,-9.1893855086219622e-01,-1.3070166019324910e+01,8.4063811718886573e-07
1.8925164404432973e-04,-9.1893855054143181e-01,-1.3080166019324921e+01,8.3227362843300484e-07
1.8866821611510107e-04,-9.1893855043118733e-01,-1.3090166019324931e+01,8.2399236755474508e-07
1.8428678367096994e-04,-9.1893854961414878e-01,-1.3100166019324909e+01,8.1579350717471139e-07
-1.8218185157572816e-04,-9.1893854922845297e-01,-1.3110166019324923e+01,8.0767622646347913e-07
-1.8143729911810670e-04,-9.1893854909308625e-01,-1.3120166019324909e+01,7.9963971384157953e-07
-1.7796969188013209e-04,-9.1893854846994505e-01,-1.3130166019324918e+01,7.9168316624141117e-07
-1.7304735348360701e-04,-9.1893854760603277e-01,-1.3140166019324919e+01,7.8380578779646322e-07
1.6638344463317751e-04,-9.1893854647506479e-01,-1.3150166019324745e+01,7.7600679077729770e-07
-1.6502381989635245e-04,-9.1893854624977001e-01,-1.3160166019324924e+01,7.6828539437024242e-07
1.6380551699108045e-04,-9.1893854604946312e-01,-1.3170166019324922e+01,7.6064082712053601e-07
-1.6167324731311333e-04,-9.1893854570245892e-01,-1.3180166019324909e+01,7.5307232469484507e-07
-1.6106202114666971e-04,-9.1893854560382682e-01,-1.3190166019324922e+01,7.4557912993875857e-07
1.6085000313047860e-04,-9.1893854556970123e-01,-1.3200166019324922e+01,7.3816049366790764e-07
1.5960443274811852e-04,-9.1893854537012698e-01,-1.3210166019324912e+01,7.3081567418197524e-07
-1.5731432853949065e-04,-9.1893854500723848e-01,-1.3220166019324923e+01,7.2354393698770899e-07
-1.5709169115462319e-04,-9.1893854497223915e-01,-1.3230166019324736e+01,7.1634455455010531e-07
1.5698870371252385e-04,-9.1893854495606597e-01,-1.3240166019324921e+01,7.0921680715079209e-07
1.5632295481829661e-04,-9.1893854485177262e-01,-1.3250166019324915e+01,7.0215998208499205e-07
1.5386336884694611e-04,-9.1893854447030765e-01,-1.3260166019324927e+01,6.9517337379374145e-07
1.5179895162946281e-04,-9.1893854415480036e-01,-1.3270166019324918e+01,6.8825628336849836e-07
1.5069342702697037e-04,-9.1893854398759389e-01,-1.3280166019324904e+01,6.8140801903974789e-07
1.4970236776924858e-04,-9.1893854383873896e-01,-1.3290166019324918e+01,6.7462789606606470e-07
-1.4307553126676349e-04,-9.1893854286864329e-01,-1.3300166019324930e+01,6.6791523699069153e-07
-1.4100189292924208e-04,-9.1893854257410634e-01,-1.3310166019324738e+01,6.6126936953606617e-07
-1.4018686709828544e-04,-9.1893854245951834e-01,-1.3320166019324915e+01,6.5468962944750246e-07
1.3953279365477075e-04,-9.1893854236803973e-01,-1.3330166019324921e+01,6.4817535885109528e-07
1.3907743153223430e-04,-9.1893854230460548e-01,-1.3340166019324910e+01,6.4172590631154824e-07
1.3677175180364776e-04,-9.1893854198659553e-01,-1.3350166019324929e+01,6.3534062705831522e-07
-1.3559007582165483e-04,-9.1893854182567380e-01,-1.3360166019324907e+01,6.2901888229441375e-07
-1.3481948474783508e-04,-9.1893854172148615e-01,-1.3370166019324918e+01,6.2276003990554872e-07
1.3341827763550064e-04,-9.1893854153355792e-01,-1.3380166019324925e+01,6.1656347408997895e-07
-1.3296304778711755e-04,-9.1893854147292553e-01,-1.3390166019324912e+01,6.1042856505561267e-07
1.3100212736426916e-04,-9.1893854121411811e-01,-1.3400166019324752e+01,6.0435469950556112e-07
1.2780833736185826e-04,-9.1893854080082504e-01,-1.3410166019324905e+01,5.9834127001820787e-07
-1.2604963832758869e-04,-9.1893854057759516e-01,-1.3420166019324924e+01,5.9238767503901975e-07
-1.2536773151954148e-04,-9.1893854049187351e-01,-1.3430166019324915e+01,5.8649331923771824e-07
-1.2333741595013030e-04,-9.1893854023939858e-01,-1.3440166019324923e+01,5.8065761335289731e-07
-1.2279103030926548e-04,-9.1893854017215804e-01,-1.3450166019324927e+01,5.7487997360387804e-07
1.2153097538922445e-04,-9.1893854001822850e-01,-1.3460166019324916e+01,5.6915982237986255e-07
1.2145841855151307e-04,-9.1893854000941322e-01,-1.3470166019324919e+01,5.6349658752885391e-07
1.2082654922274507e-04,-9.1893853993286700e-01,-1.3480166019324729e+01,5.5788970284397612e-07
-1.1932754086584071e-04,-9.1893853975287043e-01,-1.3490166019324928e+01,5.5233860765036054e-07
1.1834730762551576e-04,-9.1893853963638206e-01,-1.3500166019324915e+01,5.4684274674119412e-07
1.1699400958347820e-04,-9.1893853947713866e-01,-1.3510166019324920e+01,5.4140157058426945e-07
1.1696733940559351e-04,-9.1893853947401871e-01,-1.3520166019324925e+01,5.3601453495016464e-07
-1.1358073759330415e-04,-9.1893853908363143e-01,-1.3530166019324909e+01,5.3068110142172734e-07
1.1342242274128433e-04,-9.1893853906566247e-01,-1.3540166019324916e+01,5.2540073624584422e-07
-1.1303731965878751e-04,-9.1893853902205724e-01,-1.3550166019324925e+01,5.2017291159456578e-07
1.1229807671157575e-04,-9.1893853893876853e-01,-1.3560166019324743e+01,5.1499710468800793e-07
1.1226240791263744e-04,-9.1893853893476363e-01,-1.3570166019324901e+01,5.0987279787962612e-07
-1.1183995164744804e-04,-9.1893853888742683e-01,-1.3580166019324936e+01,5.0479947879782545e-07
-1.1024193648717019e-04,-9.1893853870998177e-01,-1.3590166019324911e+01,4.9977664014914867e-07
1.1010047869759989e-04,-9.1893853869439712e-01,-1.3600166019324927e+01,4.9480377949908648e-07
1.0840209133959894e-04,-9.1893853850884621e-01,-1.3610166019324902e+01,4.8988039972244076e-07
1.0680032793487302e-04,-9.1893853833649453e-01,-1.3620166019324929e+01,4.8500600838575691e-07
-1.0534865004228903e-04,-9.1893853818250848e-01,-1.3630166019324919e+01,4.8018011804361125e-07
1.0362822925487309e-04,-9.1893853800274439e-01,-1.3640166019324914e+01,4.7540224612419676e-07
-9.9154274582890015e-05,-9.1893853754912458e-01,-1.3650166019324736e+01,4.7067191495283168e-07
-9.6605796355232016e-05,-9.1893853729967945e-01,-1.3660166019324926e+01,4.6598865126560363e-07
-9.6145713835595406e-05,-9.1893853725533858e-01,-1.3670166019324917e+01,4.6135198673497111e-07
9.6066344945023525e-05,-9.1893853724771080e-01,-1.3680166019324920e+01,4.5676145777028902e-07
9.6027571545126243e-05,-9.1893853724398666e-01,-1.3690166019324918e+01,4.5221660533018692e-07
9.1520093697994260e-05,-9.1893853682130322e-01,-1.3700166019324916e+01,4.4771697511500841e-07
8.8219102275429096e-05,-9.1893853652464452e-01,-1.3710166019324921e+01,4.4326211691078982e-07
8.7334633843199987e-05,-9.1893853644700862e-01,-1.3720166019324910e+01,4.3885158518890706e-07
8.6769944629682712e-05,-9.1893853639785106e-01,-1.3730166019324745e+01,4.3448493897826617e-07
8.6117812685583545e-05,-9.1893853634147826e-01,-1.3740166019324914e+01,4.3016174162612675e-07
8.4869871445874911e-05,-9.1893853623478705e-01,-1.3750166019324926e+01,4.2588156082763213e-07
-8.3726383496394055e-05,-9.1893853613839316e-01,-1.3760166019324920e+01,4.2164396853487966e-07
-8.3640189265256197e-05,-9.1893853613118015e-01,-1.3770166019324913e+01,4.1744854095231075e-07
8.3545639804106424e-05,-9.1893853612327647e-01,-1.3780166019324914e+01,4.1329485857193439e-07
-8.1919108621200182e-05,-9.1893853598870967e-01,-1.3790166019324918e+01,4.0918250607359033e-07
-8.1828466049894142e-05,-9.1893853598128838e-01,-1.3800166019324918e+01,4.0511107211423269e-07
-8.1478208083586801e-05,-9.1893853595268871e-01,-1.3810166019324740e+01,4.0108014960818527e-07
-8.0267336319642704e-05,-9.1893853585476215e-01,-1.3820166019324924e+01,3.9708933547848779e-07
-8.0088299305958676e-05,-9.1893853584040730e-01,-1.3830166019324921e+01,3.9313823057968931e-07
7.9547280774562945e-05,-9.1893853579722440e-01,-1.3840166019324919e+01,3.8922643984267237e-07
-7.9035567387082174e-05,-9.1893853575664997e-01,-1.3850166019324917e+01,3.8535357207265434e-07
-7.9005248530458481e-05,-9.1893853575425410e-01,-1.3860166019324911e+01,3.8151923996609580e-07
7.8389836580108801e-05,-9.1893853570582273e-01,-1.3870166019324918e+01,3.7772306011883285e-07
-7.8302013689752413e-05,-9.1893853569894213e-01,-1.3880166019324918e+01,3.7396465287645107e-07
7.8065462054847487e-05,-9.1893853568044770e-01,-1.3890166019324917e+01,3.7024364241524296e-07
7.7932625061181984e-05,-9.1893853567008654e-01,-1.3900166019324743e+01,3.6655965662375971e-07
-7.7772949119616193e-05,-9.1893853565765526e-01,-1.3910166019324919e+01,3.6291232710395300e-07
7.7276590537811763e-05,-9.1893853561917516e-01,-1.3920166019324922e+01,3.5930128912861752e-07
7.7198333370699469e-05,-9.1893853561313077e-01,-1.3930166019324913e+01,3.5572618156980249e-07
7.6496382216208886e-05,-9.1893853555918770e-01,-1.3940166019324923e+01,3.5218664694240413e-07
7.5828276642077959e-05,-9.1893853550830329e-01,-1.3950166019324920e+01,3.4868233127174777e-07
7.4826395568860414e-05,-9.1893853543283421e-01,-1.3960166019324918e+01,3.4521288413291957e-07
7.4547858587724981e-05,-9.1893853541203108e-01,-1.3970166019324919e+01,3.4177795855097729e-07
7.4425825005465778e-05,-9.1893853540294113e-01,-1.3980166019324733e+01,3.3837721104566464e-07
-7.2419053472903323e-05,-9.1893853525559910e-01,-1.3990166019324926e+01,3.3501030158956358e-07
7.2310389548962685e-05,-9.1893853524773572e-01,-1.4000166019324912e+01,3.3167689339561857e-07
-7.1923322044219440e-05,-9.1893853521982161e-01,-1.4010166019324926e+01,3.2837665317393490e-07
-7.1466856506281816e-05,-9.1893853518709523e-01,-1.4020166019324920e+01,3.2510925089260375e-07
-6.9888378793496724e-05,-9.1893853507553225e-01,-1.4030166019324911e+01,3.2187435983245084e-07
6.7630381959048904e-05,-9.1893853492027378e-01,-1.4040166019324918e+01,3.1867165648971232e-07
6.7118207416624231e-05,-9.1893853488576638e-01,-1.4050166019324914e+01,3.1550082053909999e-07
6.6697796304410678e-05,-9.1893853485763743e-01,-1.4060166019324750e+01,3.1236153493129947e-07
-6.6451261244679052e-05,-9.1893853484122456e-01,-1.4070166019324919e+01,3.0925348573339181e-07
-6.6066107340339837e-05,-9.1893853481570476e-01,-1.4080166019324917e+01,3.0617636214450921e-07
-6.5483700218660503e-05,-9.1893853477739695e-01,-1.4090166019324920e+01,3.0312985645070797e-07
6.5170168453247636e-05,-9.1893853475691489e-01,-1.4100166019324924e+01,3.0011366398957838e-07
6.4559804958787305e-05,-9.1893853471732367e-01,-1.4110166019324916e+01,2.9712748315050165e-07
-6.4068193129722362e-05,-9.1893853468570619e-01,-1.4120166019324907e+01,2.9417101530476645e-07
6.3996668815253480e-05,-9.1893853468112630e-01,-1.4130166019324923e+01,2.9124396479763715e-07
-6.3498725765941385e-05,-9.1893853464938358e-01,-1.4140166019324921e+01,2.8834603893750288e-07
6.2513757728347016e-05,-9.1893853458732444e-01,-1.4150166019324743e+01,2.8547694793007302e-07
-6.2149895358592515e-05,-9.1893853456464425e-01,-1.4160166019324903e+01,2.8263640484375390e-07
6.1989053279510367e-05,-9.1893853455466079e-01,-1.4170166019324935e+01,2.7982412562980574e-07
-6.0440274500489732e-05,-9.1893853445985285e-01,-1.4180166019324920e+01,2.7703982908506499e-07
-6.0323197388079851e-05,-9.1893853445278351e-01,-1.4190166019324900e+01,2.7428323672951113e-07
6.0176851952136145e-05,-9.1893853444396623e-01,-1.4200166019324929e+01,2.7155407292662257e-07
-5.9809085950113627e-05,-9.1893853442190288e-01,-1.4210166019324907e+01,2.6885206476084988e-07
5.9755700976894897e-05,-9.1893853441871132e-01,-1.4220166019324921e+01,2.6617694202044594e-07
-5.9482602776455225e-05,-9.1893853440242945e-01,-1.4230166019324749e+01,2.6352843719954071e-07
-5.9469983528879307e-05,-9.1893853440167894e-01,-1.4240166019324919e+01,2.6090628543773450e-07
5.9210558801697532e-05,-9.1893853438628459e-01,-1.4250166019324920e+01,2.5831022452571799e-07
5.9019023281735547e-05,-9.1893853437496198e-01,-1.4260166019324924e+01,2.5573999485029214e-07
-5.8766025645015435e-05,-9.1893853436006234e-01,-1.4270166019324900e+01,2.5319533938832336e-07
1.6984373987654862e-05,-9.1893853277757398e-01,-inf,0.0000000000000000e+00
-5.0848824237404191e-06,-9.1893853264626746e-01,-inf,0.0000000000000000e+00
2.9823014872162179e-05,-9.1893853307804563e-01,-inf,0.0000000000000000e+00
-2.0424411939044406e-06,-9.1893853263542524e-01,-inf,0.0000000000000000e+00
-3.4842799891141377e-05,-9.1893853324034980e-01,-inf,0.0000000000000000e+00
-2.2585022136086355e-06,-9.1893853263588987e-01,-inf,0.0000000000000000e+00
-3.0638128095886451e-06,-9.1893853263803293e-01,-inf,0.0000000000000000e+00
5.5995284708742728e-05,-9.1893853420107541e-01,-inf,0.0000000000000000e+00
-3.3122449645563634e-05,-9.1893853318188778e-01,-inf,0.0000000000000000e+00
-4.7511737284752672e-05,-9.1893853376202206e-01,-inf,0.0000000000000000e+00
1.6602954824248761e-05,-9.1893853277116855e-01,-inf,0.0000000000000000e+00
1.9987364133620158e-05,-9.1893853283308680e-01,-inf,0.0000000000000000e+00
3.9711498536220274e-05,-9.1893853342184106e-01,-inf,0.0000000000000000e+00
-8.0313266134090394e-06,-9.1893853266559056e-01,-inf,0.0000000000000000e+00
-1.3773322479053774e-05,-9.1893853272819170e-01,-inf,0.0000000000000000e+00
4.2617945035761596e-05,-9.1893853354148414e-01,-inf,0.0000000000000000e+00
-3.3901145710633703e-05,-9.1893853320798335e-01,-inf,0.0000000000000000e+00
-4.2903467978803935e-05,-9.1893853355369326e-01,-inf,0.0000000000000000e+00
-6.2221169125108909e-06,-9.1893853265269687e-01,-inf,0.0000000000000000e+00
-1.8505990359056753e-05,-9.1893853280457527e-01,-inf,0.0000000000000000e+00
4.8675880283975247e-05,-9.1893853381801016e-01,-inf,0.0000000000000000e+00
-2.5719058922519860e-06,-9.1893853263664682e-01,-inf,0.0000000000000000e+00
2.6168818802283839e-05,-9.1893853297574302e-01,-inf,0.0000000000000000e+00
-5.7562907311917392e-06,-9.1893853264990688e-01,-inf,0.0000000000000000e+00
-5.7961338515455646e-05,-9.1893853431309780e-01,-inf,0.0000000000000000e+00
-3.1886492772553583e-05,-9.1893853314171370e-01,-inf,0.0000000000000000e+00
-1.3696068530899135e-05,-9.1893853272713066e-01,-inf,0.0000000000000000e+00
-3.3343606185691638e-05,-9.1893853318923746e-01,-inf,0.0000000000000000e+00
1.2061377979861716e-05,-9.1893853270607784e-01,-inf,0.0000000000000000e+00
5.7962267517004749e-06,-9.1893853265013759e-01,-inf,0.0000000000000000e+00
-1.8189155150883560e-05,-9.1893853279876214e-01,-inf,0.0000000000000000e+00
3.5864491072778044e-05,-9.1893853327647035e-01,-inf,0.0000000000000000e+00
4.1844251676237428e-06,-9.1893853264209413e-01,-inf,0.0000000000000000e+00
-3.7238911009172869e-05,-9.1893853332670772e-01,-inf,0.0000000000000000e+00
-5.4892297464472029e-06,-9.1893853264840530e-01,-inf,0.0000000000000000e+00
4.9343361436383744e-05,-9.1893853385072310e-01,-inf,0.0000000000000000e+00
-1.5153056557025748e-05,-9.1893853274814707e-01,-inf,0.0000000000000000e+00
-1.5536900278897460e-05,-9.1893853275403714e-01,-inf,0.0000000000000000e+00
1.6688433719257971e-05,-9.1893853277259141e-01,-inf,0.0000000000000000e+00
-2.6840288321358983e-05,-9.1893853299354000e-01,-inf,0.0000000000000000e+00
-9.0981925373117504e-06,-9.1893853267472803e-01,-inf,0.0000000000000000e+00
4.4117258169451662e-05,-9.1893853360650568e-01,-inf,0.0000000000000000e+00
1.3024579958864058e-05,-9.1893853271815928e-01,-inf,0.0000000000000000e+00
-2.2941845013772987e-05,-9.1893853289650362e-01,-inf,0.0000000000000000e+00
-3.0807672993193981e-05,-9.1893853310789586e-01,-inf,0.0000000000000000e+00
3.4504840321382689e-05,-9.1893853322863150e-01,-inf,0.0000000000000000e+00
-9.7776561243241003e-06,-9.1893853268114079e-01,-inf,0.0000000000000000e+00
1.9547342026949834e-05,-9.1893853282438875e-01,-inf,0.0000000000000000e+00
-5.2659469286819201e-05,-9.1893853401984937e-01,-inf,0.0000000000000000e+00
-1.1377812116971243e-05,-9.1893853269806680e-01,-inf,0.0000000000000000e+00
1.2528231503403510e-05,-9.1893853271181780e-01,-inf,0.0000000000000000e+00
5.1215191242101436e-05,-9.1893853394483738e-01,-inf,0.0000000000000000e+00
-3.8783863973426037e-05,-9.1893853338543352e-01,-inf,0.0000000000000000e+00
-5.7474355641824826e-05,-9.1893853428499028e-01,-inf,0.0000000000000000e+00
4.3433679911377134e-05,-9.1893853357658173e-01,-inf,0.0000000000000000e+00
2.5125781927419593e-06,-9.1893853263649594e-01,-inf,0.0000000000000000e+00
-4.0533896114841958e-05,-9.1893853345483778e-01,-inf,0.0000000000000000e+00
1.5850533734642128e-05,-9.1893853275895920e-01,-inf,0.0000000000000000e+00
-4.4761786060128813e-05,-9.1893853363514821e-01,-inf,0.0000000000000000e+00
4.7129133989152200e-05,-9.1893853374391710e-01,-inf,0.0000000000000000e+00
5.5370611989587018e-05,-9.1893853416629179e-01,-inf,0.0000000000000000e+00
-5.8783843561674041e-06,-9.1893853265061720e-01,-inf,0.0000000000000000e+00
4.6110527216769493e-07,-9.1893853263344583e-01,-inf,0.0000000000000000e+00
1.1262586469776065e-05,-9.1893853269676240e-01,-inf,0.0000000000000000e+00
1.0379958943239074e-05,-9.1893853268721126e-01,-inf,0.0000000000000000e+00
-6.7257775827236747e-06,-9.1893853265595749e-01,-inf,0.0000000000000000e+00
-2.2694773734205121e-05,-9.1893853289086580e-01,-inf,0.0000000000000000e+00
-1.8191314877382295e-05,-9.1893853279880144e-01,-inf,0.0000000000000000e+00
4.0128001297607983e-05,-9.1893853343846776e-01,-inf,0.0000000000000000e+00
2.2207353024482557e-05,-9.1893853287992278e-01,-inf,0.0000000000000000e+00
-5.4186563130570318e-05,-9.1893853410143123e-01,-inf,0.0000000000000000e+00
-5.8864950290447106e-07,-9.1893853263351277e-01,-inf,0.0000000000000000e+00
4.6135309089253999e-05,-9.1893853369757283e-01,-inf,0.0000000000000000e+00
-2.9103407078886004e-05,-9.1893853305684359e-01,-inf,0.0000000000000000e+00
4.4828961036652688e-05,-9.1893853363815736e-01,-inf,0.0000000000000000e+00
-5.0369290716329135e-05,-9.1893853390187219e-01,-inf,0.0000000000000000e+00
1.8171098936294784e-05,-9.1893853279843385e-01,-inf,0.0000000000000000e+00
9.2310087304236718e-06,-9.1893853267594527e-01,-inf,0.0000000000000000e+00
-1.1503068756132408e-05,-9.1893853269949977e-01,-inf,0.0000000000000000e+00
3.1669188948662758e-05,-9.1893853313480822e-01,-inf,0.0000000000000000e+00
1.6875360858846226e-05,-9.1893853277572835e-01,-inf,0.0000000000000000e+00
4.2699140427273697e-05,-9.1893853354494781e-01,-inf,0.0000000000000000e+00
3.3223564559196732e-05,-9.1893853318524210e-01,-inf,0.0000000000000000e+00
-5.1873095521968681e-05,-9.1893853397874847e-01,-inf,0.0000000000000000e+00
1.1884895812747166e-05,-9.1893853270396486e-01,-inf,0.0000000000000000e+00
3.9166669750103234e-05,-9.1893853340035347e-01,-inf,0.0000000000000000e+00
5.7313906789931194e-05,-9.1893853427578143e-01,-inf,0.0000000000000000e+00
-9.2261174668649393e-06,-9.1893853267590009e-01,-inf,0.0000000000000000e+00
4.2266723863651533e-05,-9.1893853352657739e-01,-inf,0.0000000000000000e+00
-1.6768704414352816e-06,-9.1893853263474545e-01,-inf,0.0000000000000000e+00
-2.9596043985054618e-05,-9.1893853307130235e-01,-inf,0.0000000000000000e+00
3.1759620519296232e-06,-9.1893853263838288e-01,-inf,0.0000000000000000e+00
-1.1644296689107065e-05,-9.1893853270113424e-01,-inf,0.0000000000000000e+00
3.7643206248790818e-05,-9.1893853334184494e-01,-inf,0.0000000000000000e+00
-3.9114911327681320e-05,-9.1893853339832765e-01,-inf,0.0000000000000000e+00
1.3259699565271139e-05,-9.1893853272124926e-01,-inf,0.0000000000000000e+00
1.6774428620968869e-05,-9.1893853277403015e-01,-inf,0.0000000000000000e+00
-6.3868170348601181e-06,-9.1893853265373515e-01,-inf,0.0000000000000000e+00
-5.5324901724075387e-05,-9.1893853416376181e-01,-inf,0.0000000000000000e+00
-1.1858973874737480e-05,-9.1893853270365711e-01,-inf,0.0000000000000000e+00
