cmpt_0,logl,logv,weight
3.1763592753292262e+00,-5.9635676556183430e+00,-4.6101660193249021e+00,2.5579132516852719e-05
2.9193504717208354e+00,-5.1802421210016707e+00,-4.6201660193248868e+00,5.5428972016171232e-05
2.6545176967624817e+00,-4.4421706338459348e+00,-4.6301660193248999e+00,1.1479798193797324e-04
-2.4093838144723656e+00,-3.8215037153540430e+00,-4.6401660193248961e+00,2.1141876255069495e-04
-2.2954846648959402e+00,-3.5535634560195528e+00,-4.6501660193249013e+00,2.7363116395872668e-04
-2.1797773424911084e+00,-3.2946531640521388e+00,-4.6601660193248975e+00,3.5096670962240389e-04
2.1770956918276156e+00,-3.2888113583205216e+00,-4.6701660193249008e+00,3.4951035186972626e-04
1.9835022128591009e+00,-2.8860790468418145e+00,-4.6801660193248891e+00,5.1763247970000874e-04
-1.9644184269229248e+00,-2.8484084106505088e+00,-4.6901660193248995e+00,5.3215570654208632e-04
1.8667185616711017e+00,-2.6612576268770529e+00,-4.7001660193248913e+00,6.3529338242556321e-04
1.8299397025087165e+00,-2.5932781900421844e+00,-4.7101660193249000e+00,6.7321608043610886e-04
1.7835209786673782e+00,-2.5094120733066605e+00,-4.7201660193248962e+00,7.2482660833414242e-04
-1.7759418984707116e+00,-2.4959233460052168e+00,-4.7301660193248987e+00,7.2735974685692885e-04
1.7299837902581441e+00,-2.4153604899113068e+00,-4.7401660193249038e+00,7.8053848644584812e-04
-1.6233531675137536e+00,-2.2365762858718079e+00,-4.7501660193248929e+00,9.2405191281856776e-04
1.5187420915807159e+00,-2.0722273030028235e+00,-4.7601660193248980e+00,1.0782743688424663e-03
1.4999845783105739e+00,-2.0439154002181148e+00,-4.7701660193248987e+00,1.0982015194447507e-03
1.4712445345916481e+00,-2.0012187729162370e+00,-4.7801660193248923e+00,1.1347024826425770e-03
1.4509879302294815e+00,-1.9716215194691569e+00,-4.7901660193248956e+00,1.1571588577215578e-03
-1.4509459076820677e+00,-1.9715605461430090e+00,-4.8001660193248954e+00,1.1457147906205117e-03
1.4291444824772168e+00,-1.9401655085308753e+00,-4.8101660193248987e+00,1.1704915059201240e-03
-1.4035452459992031e+00,-1.9039081614168212e+00,-4.8201660193249003e+00,1.2016325592502728e-03
-1.3261839109770868e+00,-1.7983204155005803e+00,-4.8301660193249010e+00,1.3221627518226985e-03
-1.3080010096046222e+00,-1.7743718531966950e+00,-4.8401660193248999e+00,1.3407342430350000e-03
-1.3005270086937013e+00,-1.7646237828042328e+00,-4.8501660193248908e+00,1.3403965149269923e-03
-1.2988666477729509e+00,-1.7624658169818108e+00,-4.8601660193248915e+00,1.3299261876358530e-03
1.2978396558979197e+00,-1.7611324188439548e+00,-4.8701660193248957e+00,1.3184500482579869e-03
1.2489563376372961e+00,-1.6988844992955232e+00,-4.8801660193249008e+00,1.3891676576804764e-03
1.2368766221738714e+00,-1.6838704218734624e+00,-4.8901660193249050e+00,1.3961505436039222e-03
-1.2364383140543864e+00,-1.6833283848641662e+00,-4.9001660193248906e+00,1.3830080520022040e-03
-1.2255294415736426e+00,-1.6698997387152417e+00,-4.9101660193248922e+00,1.3877580355868466e-03
-1.2236100466966318e+00,-1.6675493058218063e+00,-4.9201660193249026e+00,1.3771827869711922e-03
1.2170852898223206e+00,-1.6595868339842805e+00,-4.9301660193248953e+00,1.3743795950189397e-03
-1.2143405267143899e+00,-1.6562499900438303e+00,-4.9401660193248880e+00,1.3652523312527752e-03
1.1556602711243784e+00,-1.5867138637609752e+00,-4.9501660193249064e+00,1.4490025104782968e-03
1.1439319727850850e+00,-1.5732287118133277e+00,-4.9601660193248920e+00,1.4540613146299566e-03
-1.1241647816153819e+00,-1.5508117607455190e+00,-4.9701660193249033e+00,1.4722288822992932e-03
1.1146615866580691e+00,-1.5401737590188815e+00,-4.9801660193248907e+00,1.4731684665645452e-03
-1.0977410361449214e+00,-1.5214562238516023e+00,-4.9901660193248940e+00,1.4860670045225574e-03
1.0869421728693613e+00,-1.5096601762143238e+00,-5.0001660193249080e+00,1.4887384499583536e-03
1.0216886550691315e+00,-1.4408623865818249e+00,-5.0101660193248980e+00,1.5788975859106526e-03
-1.0001987961496772e+00,-1.4191373485429712e+00,-5.0201660193248872e+00,1.5975191762570434e-03
-9.9541196716364078e-01,-1.4143610248196339e+00,-5.0301660193248994e+00,1.5891960109211854e-03
9.9354345771239971e-01,-1.4125028338148948e+00,-5.0401660193249072e+00,1.5763096110330116e-03
-9.5865306842222464e-01,-1.3784463854310127e+00,-5.0501660193248954e+00,1.6146898166371922e-03
9.4866960316131532e-01,-1.3689255406144631e+00,-5.0601660193248881e+00,1.6139163149703629e-03
-9.4562197536407255e-01,-1.3660389927790648e+00,-5.0701660193248976e+00,1.6024765348692418e-03
-9.3003550598781026e-01,-1.3514215538323406e+00,-5.0801660193248974e+00,1.6098929817508904e-03
8.9256277777119764e-01,-1.3172726887646578e+00,-5.0901660193249070e+00,1.6492432904881723e-03
8.9059680234779603e-01,-1.3155198648093991e+00,-5.1001660193248899e+00,1.6356976242546217e-03
8.7922270709402817e-01,-1.3054548169682150e+00,-5.1101660193248888e+00,1.6358040263144864e-03
-8.6385108937350408e-01,-1.2920578849392343e+00,-5.1201660193249117e+00,1.6413701899920116e-03
-8.5933507998261394e-01,-1.2881669224777021e+00,-5.1301660193248875e+00,1.6313735638587928e-03
-8.5744046358916637e-01,-1.2865406069333418e+00,-5.1401660193248944e+00,1.6177699919037818e-03
8.3713440051160981e-01,-1.2693355348933055e+00,-5.1501660193248933e+00,1.6294682339704871e-03
8.2667622806304197e-01,-1.2606353256556089e+00,-5.1601660193249019e+00,1.6273516420737795e-03
-8.2348141716100398e-01,-1.2579993548380872e+00,-5.1701660193248982e+00,1.6154117937442146e-03
-8.1746879493828406e-01,-1.2530661479822647e+00,-5.1801660193248997e+00,1.6072475371087455e-03
8.1378876693100433e-01,-1.2500646112248817e+00,-5.1901660193249066e+00,1.5960385429153446e-03
8.0829522247072749e-01,-1.2456091159678409e+00,-5.2001660193248975e+00,1.5872137867027568e-03
8.0825311555999935e-01,-1.2455750820395624e+00,-5.2101660193248884e+00,1.5714742281805237e-03
-8.0673997335308156e-01,-1.2443532249362048e+00,-5.2201660193248891e+00,1.5577399716721562e-03
-7.9930842213675934e-01,-1.2383855094827174e+00,-5.2301660193248987e+00,1.5514713677478493e-03
7.8700005480627078e-01,-1.2286230757658760e+00,-5.2401660193248967e+00,1.5511028342388908e-03
7.8120189405764007e-01,-1.2240767322729615e+00,-5.2501660193248982e+00,1.5426666770348627e-03
-7.7166028252129337e-01,-1.2166683284437605e+00,-5.2601660193248856e+00,1.5386738840700949e-03
7.5865134785972033e-01,-1.2067144664380247e+00,-5.2701660193249014e+00,1.5386028943809062e-03
7.5782217491645398e-01,-1.2060857570308918e+00,-5.2801660193248923e+00,1.5242515498895331e-03
7.5451675856462164e-01,-1.2035863021107711e+00,-5.2901660193249151e+00,1.5128616012362380e-03
-7.4699459489145048e-01,-1.1979389950318606e+00,-5.3001660193248936e+00,1.5062908897726368e-03
7.4689995109730034e-01,-1.1978683011079143e+00,-5.3101660193248952e+00,1.4914084747879067e-03
-7.3780723698676109e-01,-1.1911182921083587e+00,-5.3201660193249030e+00,1.4865692785983576e-03
7.3045845385028751e-01,-1.1857233090340158e+00,-5.3301660193248930e+00,1.4797393399704948e-03
-7.2041332306477945e-01,-1.1784362106579587e+00,-5.3401660193248937e+00,1.4757303931100653e-03
-7.1952464150889961e-01,-1.1777963875025947e+00,-5.3501660193248943e+00,1.4619817409431833e-03
7.1789956377324105e-01,-1.1766284244662444e+00,-5.3601660193249012e+00,1.4491263175197805e-03
7.1039118002699531e-01,-1.1712663469634128e+00,-5.3701660193248957e+00,1.4424209434926113e-03
7.1031051805479983e-01,-1.1712090486629785e+00,-5.3801660193248910e+00,1.4281504435500320e-03
6.9853132884580516e-01,-1.1629115413228828e+00,-5.3901660193249050e+00,1.4257210964622067e-03
6.9487477349837978e-01,-1.1603640080555517e+00,-5.4001660193248888e+00,1.4151354509993064e-03
6.8978449051525859e-01,-1.1568398543110370e+00,-5.4101660193248966e+00,1.4060008604128325e-03
-6.8250410118518900e-01,-1.1518444567006407e+00,-5.4201660193249124e+00,1.3989819631915349e-03
6.7770518603298924e-01,-1.1485806922213437e+00,-5.4301660193248917e+00,1.3895897607578164e-03
6.7530455464872752e-01,-1.1469566533979976e+00,-5.4401660193249004e+00,1.3779992195944114e-03
6.6326061439924011e-01,-1.1388958539399683e+00,-5.4501660193248966e+00,1.3753295920691099e-03
6.4398249952587905e-01,-1.1262952624811389e+00,-5.4601660193248893e+00,1.3789109172227354e-03
6.3350895907734484e-01,-1.1196053332489699e+00,-5.4701660193248998e+00,1.3743541702421927e-03
-6.1777790737855487e-01,-1.1097633040558526e+00,-5.4801660193248960e+00,1.3741370795524292e-03
6.0128627175418936e-01,-1.0997111229333658e+00,-5.4901660193248976e+00,1.3742087854385192e-03
5.9606549604989001e-01,-1.0965855704239402e+00,-5.5001660193248920e+00,1.3647942562212980e-03
-5.7354559407551287e-01,-1.0834158068750559e+00,-5.5101660193248962e+00,1.3691271948739921e-03
5.6900350685782775e-01,-1.0808210280415924e+00,-5.5201660193248889e+00,1.3590259523187937e-03
-5.6359902410923857e-01,-1.0777604626217825e+00,-5.5301660193248949e+00,1.3496277275277945e-03
5.5282451002434341e-01,-1.0717460020751672e+00,-5.5401660193249169e+00,1.3442594378435470e-03
-5.5232698033990191e-01,-1.0714710792390367e+00,-5.5501660193248945e+00,1.3312497736111160e-03
5.4879816670586146e-01,-1.0695282465231968e+00,-5.5601660193249005e+00,1.3205667666683163e-03
5.3804448971034102e-01,-1.0636844690871701e+00,-5.5701660193248888e+00,1.3150895873480922e-03
-5.3173868574681027e-01,-1.0603115475932121e+00,-5.5801660193249027e+00,1.3064031998868894e-03
5.2836484379827786e-01,-1.0585232367143287e+00,-5.5901660193248945e+00,1.2957193492086972e-03
5.2609465825456647e-01,-1.0573263273553339e+00,-5.6001660193248943e+00,1.2843630728346697e-03
-5.2302173071244451e-01,-1.0557143980320598e+00,-5.6101660193248959e+00,1.2736348022541985e-03
5.2075835484871114e-01,-1.0545331647057075e+00,-5.6201660193248966e+00,1.2624522945413293e-03
-5.0961939630317366e-01,-1.0487944971775451e+00,-5.6301660193248981e+00,1.2570840117269212e-03
5.0665493847649146e-01,-1.0472881459746481e+00,-5.6401660193248970e+00,1.2464519978367360e-03
5.0591908449063039e-01,-1.0469155926592584e+00,-5.6501660193248862e+00,1.2345094281531013e-03
-5.0293612722875392e-01,-1.0454109066692681e+00,-5.6601660193248939e+00,1.2240663045267623e-03
-5.0247049227839480e-01,-1.0451768304385856e+00,-5.6701660193248991e+00,1.2121703483549270e-03
-4.9608879491096775e-01,-1.0419905788514476e+00,-5.6801660193248944e+00,1.2039389995840144e-03
-4.8605365031688752e-01,-1.0370626081265251e+00,-5.6901660193249093e+00,1.1978480455390353e-03
4.8568904766523358e-01,-1.0368854581443203e+00,-5.7001660193248957e+00,1.1861393642992985e-03
-4.7946027921754181e-01,-1.0338796123070211e+00,-5.7101660193248964e+00,1.1778722671039990e-03
-4.7469295803039341e-01,-1.0316052348351619e+00,-5.7201660193248935e+00,1.1688075310324641e-03
4.6517966310898995e-01,-1.0271345921184363e+00,-5.7301660193249049e+00,1.1623626111507961e-03
4.6351855353334165e-01,-1.0263632573681600e+00,-5.7401660193248940e+00,1.1516849019987884e-03
-4.6250815713771237e-01,-1.0258954303428010e+00,-5.7501660193249133e+00,1.1407589988293751e-03
4.5402796420414032e-01,-1.0220092287730176e+00,-5.7601660193248856e+00,1.1338059048187543e-03
-4.4455292110968658e-01,-1.0177521824669171e+00,-5.7701660193248978e+00,1.1273131715876501e-03
-4.3795081892862575e-01,-1.0148389925334664e+00,-5.7801660193248940e+00,1.1193523589565211e-03
4.3640747475049441e-01,-1.0141642746423911e+00,-5.7901660193249018e+00,1.1089626014317007e-03
-4.3478150370897156e-01,-1.0134560106170567e+00,-5.8001660193249007e+00,1.0987061377019634e-03
4.2594599985171688e-01,-1.0096535300281788e+00,-5.8101660193248863e+00,1.0919179418018244e-03
4.2212347968909697e-01,-1.0080326486857552e+00,-5.8201660193248959e+00,1.0828068565424617e-03
4.2191957525707002e-01,-1.0079465966258927e+00,-5.8301660193249027e+00,1.0721250028978397e-03
-4.1665037195178484e-01,-1.0057372988571198e+00,-5.8401660193248812e+00,1.0638048482519481e-03
-4.1394924530914928e-01,-1.0046155214793466e+00,-5.8501660193249023e+00,1.0544019542391948e-03
4.1325236029707424e-01,-1.0043272892788908e+00,-5.8601660193249074e+00,1.0442114114809524e-03
4.1214496515876625e-01,-1.0038702687861998e+00,-5.8701660193248939e+00,1.0342939198536951e-03
-4.0938388947893206e-01,-1.0027361171157887e+00,-5.8801660193248937e+00,1.0251645564076230e-03
4.0352223768760997e-01,-1.0003536307875476e+00,-5.8901660193248944e+00,1.0173850193665188e-03
-4.0132922750415145e-01,-9.9947110705787900e-01,-5.9001660193248942e+00,1.0081511941517779e-03
-4.0113368311402786e-01,-9.9939264849765208e-01,-5.9101660193248859e+00,9.9819823628819393e-04
3.9863133853245092e-01,-9.9839200466342626e-01,-5.9201660193248999e+00,9.8925539509773911e-04
3.9787613419506140e-01,-9.9809124171434271e-01,-5.9301660193249086e+00,9.7970675463785080e-04
3.9200582262348388e-01,-9.9577281511869664e-01,-5.9401660193248942e+00,9.7220989598601393e-04
-3.8704702426262605e-01,-9.9384123212861641e-01,-5.9501660193249002e+00,9.6439726130437687e-04
-3.8086044708005418e-01,-9.9146587270834885e-01,-5.9601660193248973e+00,9.5707204038688362e-04
-3.6474254367168468e-01,-9.8545709421538485e-01,-5.9701660193248847e+00,9.5325976675052866e-04
3.6262665925470999e-01,-9.8468757963445519e-01,-5.9801660193249111e+00,9.4450120146459212e-04
-3.5581577566683065e-01,-9.8224096574003361e-01,-5.9901660193249064e+00,9.3739389511869587e-04
-3.5376538413691505e-01,-9.8151350614010902e-01,-6.0001660193248911e+00,9.2874204665306399e-04
3.5131953190297366e-01,-9.8065123938160170e-01,-6.0101660193249042e+00,9.2029410587741913e-04
3.5097956443588019e-01,-9.8053185995913950e-01,-6.0201660193248863e+00,9.1124580402907344e-04
-3.4860485487379478e-01,-9.7970120505412928e-01,-6.0301660193249038e+00,9.0292846732537512e-04
-3.4582539141396457e-01,-9.7873613330665032e-01,-6.0401660193248912e+00,8.9480731566126022e-04
3.3591851412979118e-01,-9.7535915670092277e-01,-6.0501660193248936e+00,8.8890056773245889e-04
-3.3455606066288857e-01,-9.7490241149647461e-01,-6.0601660193249005e+00,8.8045791240736328e-04
-3.3100376215705873e-01,-9.7372027791440285e-01,-6.0701660193248959e+00,8.7272828165942107e-04
3.3078309444733256e-01,-9.7364726041941596e-01,-6.0801660193248939e+00,8.6410758283274433e-04
-3.2265769034575487e-01,-9.7099252520296797e-01,-6.0901660193248954e+00,8.5778373742730291e-04
3.2016748887287960e-01,-9.7019214309892221e-01,-6.1001660193248943e+00,8.4992864214310996e-04
-3.1372333648723583e-01,-9.6814969856168120e-01,-6.1101660193249021e+00,8.4319212648018861e-04
3.0899785886715292e-01,-9.6667837102558196e-01,-6.1201660193248895e+00,8.3603139617585925e-04
3.0816186100551579e-01,-9.6642039892253084e-01,-6.1301660193249070e+00,8.2792629913482313e-04
-3.0458539694278508e-01,-9.6532466464873645e-01,-6.1401660193248890e+00,8.2058694762589680e-04
3.0030287603817862e-01,-9.6402944131174029e-01,-6.1501660193248942e+00,8.1347492072545390e-04
2.9901248837144734e-01,-9.6364276673438187e-01,-6.1601660193248957e+00,8.0569219048591989e-04
2.9380659809980592e-01,-9.6209969117682992e-01,-6.1701660193249035e+00,7.9890724283989529e-04
-2.9251030845730519e-01,-9.6171967291023341e-01,-6.1801660193248864e+00,7.9125861855618292e-04
2.9236445902327035e-01,-9.6167702108332420e-01,-6.1901660193249004e+00,7.8341887728790684e-04
-2.8704448058808385e-01,-9.6013579955138084e-01,-6.2001660193248940e+00,7.7682005887471490e-04
-2.8360172036449371e-01,-9.5915350053018966e-01,-6.2101660193249044e+00,7.6984641822982157e-04
2.6910709501478924e-01,-9.5514784692698884e-01,-6.2201660193248891e+00,7.6524549566518686e-04
-2.6834914340043015e-01,-9.5494416401521176e-01,-6.2301660193249182e+00,7.5778550800141488e-04
-2.6732249757334259e-01,-9.5466919148776430e-01,-6.2401660193248949e+00,7.5045174145823613e-04
2.6679138945492753e-01,-9.5452735537698485e-01,-6.2501660193249009e+00,7.4309001139047349e-04
2.6337519122730108e-01,-9.5362177831034822e-01,-6.2601660193249007e+00,7.3636267354441269e-04
-2.6118723526310827e-01,-9.5304791856553261e-01,-6.2701660193248960e+00,7.2945422685107746e-04
2.6026512130558510e-01,-9.5280749931744491e-01,-6.2801660193248861e+00,7.2236968672314552e-04
2.5811460586729695e-01,-9.5225010751435446e-01,-6.2901660193248929e+00,7.1558073594267556e-04
-2.5393526818386786e-01,-9.5118009284714589e-01,-6.3001660193249061e+00,7.0921905758921928e-04
-2.5343320751420273e-01,-9.5105272796880791e-01,-6.3101660193248987e+00,7.0225164655782451e-04
2.4657452422477438e-01,-9.4933803063167643e-01,-6.3201660193248861e+00,6.9645731615769566e-04
-2.4382664019143940e-01,-9.4866424786686232e-01,-6.3301660193249081e+00,6.8999219833913326e-04
2.4276568185517028e-01,-9.4840612077664233e-01,-6.3401660193248830e+00,6.8330301751140467e-04
-2.4260937425067861e-01,-9.4836818687049240e-01,-6.3501660193249094e+00,6.7652970181491861e-04
2.4239307783213934e-01,-9.4831573472380826e-01,-6.3601660193248941e+00,6.6983325207882114e-04
-2.4168109500680773e-01,-9.4814340847518430e-01,-6.3701660193248877e+00,6.6328259101302678e-04
-2.3733724865607941e-01,-9.4710301743315828e-01,-6.3801660193248928e+00,6.5736638140792591e-04
2.3692301115987324e-01,-9.4700478924187015e-01,-6.3901660193248988e+00,6.5088940917455663e-04
2.2805279883293866e-01,-9.4494257216110789e-01,-6.4001660193248995e+00,6.4574324194023429e-04
2.2655522139755213e-01,-9.4460216680458642e-01,-6.4101660193248904e+00,6.3953565364061830e-04
-2.2417037288388764e-01,-9.4406471067279008e-01,-6.4201660193248964e+00,6.3351256129265063e-04
2.2384552089540799e-01,-9.4399194124580776e-01,-6.4301660193248935e+00,6.2725464928646199e-04
2.2049891925714193e-01,-9.4324841933012327e-01,-6.4401660193249013e+00,6.2147526998682491e-04
-2.1856702350809434e-01,-9.4282430451593335e-01,-6.4501660193249020e+00,6.1555249730976835e-04
-2.1525071775985283e-01,-9.4210496838140534e-01,-6.4601660193249000e+00,6.0986618866403733e-04
-2.0850656942155232e-01,-9.4067602737931177e-01,-6.4701660193248838e+00,6.0466132703195473e-04
-2.0452714820833773e-01,-9.3985420981045709e-01,-6.4801660193249280e+00,5.9913702536770785e-04
-2.0391237269197762e-01,-9.3972866050177550e-01,-6.4901660193248931e+00,5.9324998980899281e-04
-1.9966219408911617e-01,-9.3887102850757942e-01,-6.5001660193248920e+00,5.8785099747533855e-04
-1.9404336886535070e-01,-9.3776494713364678e-01,-6.5101660193248971e+00,5.8264587979720277e-04
-1.8940463918598144e-01,-9.3687559130592535e-01,-6.5201660193249014e+00,5.7736170816217254e-04
-1.8900306715142126e-01,-9.3679961232966180e-01,-6.5301660193248852e+00,5.7166029569314118e-04
-1.8849330304208661e-01,-9.3670339527919744e-01,-6.5401660193249009e+00,5.6602663950574932e-04
1.8453493993385103e-01,-9.3596510466153449e-01,-6.5501660193249043e+00,5.6080846716670006e-04
-1.8417705558404052e-01,-9.3589912653514284e-01,-6.5601660193248890e+00,5.5526496381695070e-04
1.8100039808932594e-01,-9.3531910468758672e-01,-6.5701660193248967e+00,5.5005893880665977e-04
1.8033329358438066e-01,-9.3519858102083464e-01,-6.5801660193249019e+00,5.4465140034601388e-04
-1.7631732919452697e-01,-9.3448243292048505e-01,-6.5901660193248821e+00,5.3961833666706202e-04
1.7553565372436949e-01,-9.3434491549756038e-01,-6.6001660193249112e+00,5.3432251810884657e-04
-1.7538476870803388e-01,-9.3431844118072471e-01,-6.6101660193249039e+00,5.2901992547783308e-04
-1.7357414467515753e-01,-9.3400252448319576e-01,-6.6201660193248770e+00,5.2392157870243396e-04
1.6935133942045311e-01,-9.3327847071509018e-01,-6.6301660193249310e+00,5.1908418071582095e-04
1.6845813300735812e-01,-9.3312760392150185e-01,-6.6401660193248597e+00,5.1399674601135216e-04
-1.6805396200328038e-01,-9.3305959970583952e-01,-6.6501660193249164e+00,5.0891700026082837e-04
1.6781607386384503e-01,-9.3301964995687725e-01,-6.6601660193248859e+00,5.0387332071096381e-04
-1.6396134020123521e-01,-9.3238019317363208e-01,-6.6701660193249168e+00,4.9917879863275636e-04
1.6382877608289820e-01,-9.3235846656974963e-01,-6.6801660193248669e+00,4.9422262426003461e-04
-1.6123565966862674e-01,-9.3193700160772808e-01,-6.6901660193249173e+00,4.8951129537271108e-04
1.5938922451651338e-01,-9.3164099507932718e-01,-6.7001660193248824e+00,4.8478405461087738e-04
1.5873287860893362e-01,-9.3153659600907868e-01,-6.7101660193249124e+00,4.8001048270407019e-04
1.5725225365608364e-01,-9.3130266827329811e-01,-6.7201660193248767e+00,4.7534548208641973e-04
-1.5281165886896120e-01,-9.3061423417648137e-01,-6.7301660193249155e+00,4.7093981496587373e-04
1.5128042817647988e-01,-9.3038141660796903e-01,-6.7401660193248771e+00,4.6636245024617775e-04
1.5103722913405904e-01,-9.3034465492558660e-01,-6.7501660193249133e+00,4.6173904032501217e-04
-1.5008051536435230e-01,-9.3020061317935421e-01,-6.7601660193248811e+00,4.5721051276706822e-04
1.4860562678930911e-01,-9.2998034879006120e-01,-6.7701660193249182e+00,4.5276090827598965e-04
1.4430868727888460e-01,-9.2935103124541696e-01,-6.7801660193248727e+00,4.4853804602758897e-04
1.4378279124747359e-01,-9.2927527816279676e-01,-6.7901660193249160e+00,4.4410865922549339e-04
1.4354988786325140e-01,-9.2924181778611548e-01,-6.8001660193248785e+00,4.3970441666204885e-04
-1.4240552627713371e-01,-9.2907819959047322e-01,-6.8101660193249165e+00,4.3540051823447786e-04
-1.4122661080700027e-01,-9.2891101043335544e-01,-6.8201660193248683e+00,4.3114028664816440e-04
-1.4075056232576566e-01,-9.2884389303084913e-01,-6.8301660193249196e+00,4.2687901916804396e-04
-1.3719341110997707e-01,-9.2834954865933506e-01,-6.8401660193248786e+00,4.2284047911164886e-04
1.3717196893447992e-01,-9.2834660716402040e-01,-6.8501660193249103e+00,4.1863437745614173e-04
-1.3619118957952517e-01,-9.2821255269288250e-01,-6.8601660193249190e+00,4.1452446093505991e-04
1.3453417527217690e-01,-9.2798825479142188e-01,-6.8701660193248753e+00,4.1049193578844150e-04
-1.3388011580319686e-01,-9.2790047533707820e-01,-6.8801660193249150e+00,4.0644314857468439e-04
1.3233325417939779e-01,-9.2769457771419406e-01,-6.8901660193248739e+00,4.0248183319679243e-04
1.3230406423068444e-01,-9.2769071533931802e-01,-6.9001660193249190e+00,3.9847861111433103e-04
-1.3029227569815718e-01,-9.2742657118664173e-01,-6.9101660193248833e+00,3.9461790493303177e-04
-1.2983314625471470e-01,-9.2736685556653853e-01,-6.9201660193249088e+00,3.9071472224868383e-04
-1.2901224487797397e-01,-9.2726061229756662e-01,-6.9301660193248731e+00,3.8686814575880673e-04
1.2831737409840660e-01,-9.2717120688109467e-01,-6.9401660193249235e+00,3.8305298887244860e-04
-1.2581580904806472e-01,-9.2685334153654897e-01,-6.9501660193248753e+00,3.7936211485661885e-04
1.2534399959326706e-01,-9.2679409175035798e-01,-6.9601660193249106e+00,3.7560965287685647e-04
1.2521746918820909e-01,-9.2677823992828956e-01,-6.9701660193248811e+00,3.7187816928517346e-04
-1.2485864193926483e-01,-9.2673337286679824e-01,-6.9801660193249200e+00,3.6819443910766480e-04
-1.2373414526923932e-01,-9.2659360198609408e-01,-6.9901660193248638e+00,3.6458179758381843e-04
-1.2070677473396133e-01,-9.2622359536667709e-01,-7.0001660193249240e+00,3.6108772822115157e-04
-1.2040136256171696e-01,-9.2618677668669847e-01,-7.0101660193248723e+00,3.5750800802485301e-04
-1.2012289204986004e-01,-9.2615328723055068e-01,-7.0201660193249227e+00,3.5396259772538854e-04
-1.1987152618860383e-01,-9.2612312402873198e-01,-7.0301660193248745e+00,3.5045118160175788e-04
-1.1832439256749046e-01,-9.2593886357157229e-01,-7.0401660193249143e+00,3.4702807174238047e-04
-1.1773726955456543e-01,-9.2586956495442163e-01,-7.0501660193248732e+00,3.4359889483810577e-04
-1.1639082372375836e-01,-9.2571194455688699e-01,-7.0601660193249218e+00,3.4023365224817740e-04
1.1496276296718479e-01,-9.2554675106786399e-01,-7.0701660193248737e+00,3.3690392058168927e-04
-1.1471868824679379e-01,-9.2551872134987201e-01,-7.0801660193249205e+00,3.3356102005162118e-04
1.1360910663236301e-01,-9.2539204718824131e-01,-7.0901660193248635e+00,3.3028386822962536e-04
-1.1021517502602285e-01,-9.2501222503634795e-01,-7.1001660193249299e+00,3.2712171331073349e-04
-1.1019419154915831e-01,-9.2500991255892573e-01,-7.1101660193249048e+00,3.2386754681456664e-04
1.0818776888314045e-01,-9.2479082930129541e-01,-7.1201660193248903e+00,3.2071526652968142e-04
1.0747044612631398e-01,-9.2471348102863393e-01,-7.1301660193249061e+00,3.1754865719876304e-04
1.0492496168158186e-01,-9.2444315642528019e-01,-7.1401660193248810e+00,3.1447399383544331e-04
-1.0478046094432616e-01,-9.2442800513119217e-01,-7.1501660193249181e+00,3.1134964262946878e-04
-1.0414231788247547e-01,-9.2436134382030677e-01,-7.1601660193248691e+00,3.0827221106795918e-04
1.0035266334068628e-01,-9.2397386115312408e-01,-7.1701660193249195e+00,3.0532313582224953e-04
9.9397155212229596e-02,-9.2387842986548152e-01,-7.1801660193248802e+00,3.0231396869534683e-04
-9.9206725037075394e-02,-9.2385951977963043e-01,-7.1901660193249199e+00,2.9931155440054183e-04
9.6384930602880642e-02,-9.2358356005700049e-01,-7.2001660193248691e+00,2.9641514202832754e-04
-9.4836991269347082e-02,-9.2343556008985062e-01,-7.2101660193249142e+00,2.9350919822321048e-04
-9.3926869892526105e-02,-9.2334966107724326e-01,-7.2201660193248784e+00,2.9061369526208884e-04
-9.3838760570828850e-02,-9.2334138912607411e-01,-7.2301660193249093e+00,2.8772442071196814e-04
-9.2844648624849188e-02,-9.2324859702247530e-01,-7.2401660193248807e+00,2.8488794901708871e-04
9.1897461346506434e-02,-9.2316110433430576e-01,-7.2501660193249204e+00,2.8207794523958397e-04
-9.0794535632503864e-02,-9.2306035648370044e-01,-7.2601660193248732e+00,2.7929936018156925e-04
-9.0118191108177037e-02,-9.2299917681764443e-01,-7.2701660193249209e+00,2.7653720305021069e-04
-8.9442706315601556e-02,-9.2293853148986893e-01,-7.2801660193248701e+00,2.7380221622699141e-04
-8.8578701917075911e-02,-9.2286162584999654e-01,-7.2901660193249196e+00,2.7109868687197266e-04
8.6066704917566239e-02,-9.2264227148102318e-01,-7.3001660193248741e+00,2.6846009130296268e-04
-8.5955522817378227e-02,-9.2263270858474389e-01,-7.3101660193249165e+00,2.6579141048631066e-04
-8.4939450776115033e-02,-9.2254588778241353e-01,-7.3201660193248701e+00,2.6316958936700084e-04
8.3554264702868655e-02,-9.2242919020835801e-01,-7.3301660193249187e+00,2.6058141564540087e-04
-8.3501196903906338e-02,-9.2242475757553188e-01,-7.3401660193248670e+00,2.5798973080908043e-04
8.1548151267740621e-02,-9.2226358312093260e-01,-7.3501660193249228e+00,2.5546386102703910e-04
8.1036931882202609e-02,-9.2222202479777982e-01,-7.3601660193249163e+00,2.5293246436941644e-04
-7.9256184888823883e-02,-9.2207930405490524e-01,-7.3701660193248806e+00,2.5045148637027750e-04
-7.8829177586777918e-02,-9.2204555225284335e-01,-7.3801660193249123e+00,2.4796782166271311e-04
-7.7935342167602326e-02,-9.2197549141273005e-01,-7.3901660193248775e+00,2.4551770118617851e-04
7.6747677181639717e-02,-9.2188363560972808e-01,-7.4001660193249128e+00,2.4309708809454648e-04
7.6039085965399544e-02,-9.2182950393056617e-01,-7.4101660193248815e+00,2.4069126032236622e-04
7.5802661036248331e-02,-9.2181155434342765e-01,-7.4201660193249213e+00,2.3830061962637551e-04
7.5376882337944415e-02,-9.2177936982883357e-01,-7.4301660193248713e+00,2.3593708224169945e-04
-7.5207468585292869e-02,-9.2176661429884332e-01,-7.4401660193249155e+00,2.3359244862512893e-04
-7.4275409673864923e-02,-9.2169695087444969e-01,-7.4501660193248709e+00,2.3128427641988685e-04
-7.3966523018607511e-02,-9.2167405589707052e-01,-7.4601660193249204e+00,2.2898820203798490e-04
7.3329964907817846e-02,-9.2162717451003040e-01,-7.4701660193248687e+00,2.2672036007404344e-04
-7.2713978087289924e-02,-9.2158219393797891e-01,-7.4801660193249200e+00,2.2447455156550654e-04
-7.2711083501073387e-02,-9.2158198346528952e-01,-7.4901660193248718e+00,2.2224103923402356e-04
7.1007502885399865e-02,-9.2145956536634954e-01,-7.5001660193249187e+00,2.2005664121271541e-04
-7.0224268064164042e-02,-9.2140425654591329e-01,-7.5101660193248811e+00,2.1787909135035085e-04
6.9925315889066350e-02,-9.2138330753443232e-01,-7.5201660193249156e+00,2.1571567715168987e-04
6.9622105521134098e-02,-9.2136215142193745e-01,-7.5301660193248807e+00,2.1357378864443025e-04
-6.8109971035901523e-02,-9.2125801671059515e-01,-7.5401660193249151e+00,2.1147071423581701e-04
6.7865020885048866e-02,-9.2124136316320349e-01,-7.5501660193248670e+00,2.0937003219671872e-04
-6.7588609255479618e-02,-9.2122264268388443e-01,-7.5601660193249183e+00,2.0729064611233944e-04
6.6204111386062442e-02,-9.2113002481554851e-01,-7.5701660193248737e+00,2.0524707838788598e-04
-6.5507218931276562e-02,-9.2108413049939453e-01,-7.5801660193249241e+00,2.0321416199640596e-04
-6.5322542111548115e-02,-9.2107204988729696e-01,-7.5901660193248759e+00,2.0119457783899784e-04
-6.4733935050262897e-02,-9.2103377380688534e-01,-7.6001660193249183e+00,1.9920028280084979e-04
-6.4270458165937128e-02,-9.2100387852976917e-01,-7.6101660193249154e+00,1.9722410285084624e-04
6.3292385839887944e-02,-9.2094149568599204e-01,-7.6201660193248788e+00,1.9527387159828406e-04
6.2672946333909532e-02,-9.2090248173442601e-01,-7.6301660193249159e+00,1.9333840685953430e-04
6.1423769728332245e-02,-9.2082497237715910e-01,-7.6401660193248722e+00,1.9142949457069488e-04
-6.1287757837756668e-02,-9.2081662726372926e-01,-7.6501660193249155e+00,1.8952632088644185e-04
5.8959292123316784e-02,-9.2067663169718073e-01,-7.6601660193248744e+00,1.8766677316202010e-04
-5.8811404425873876e-02,-9.2066792327861136e-01,-7.6701660193249159e+00,1.8580107559578466e-04
5.8747848130213165e-02,-9.2066418746330481e-01,-7.6801660193248740e+00,1.8395301121722248e-04
-5.8602231572159151e-02,-9.2065564340595796e-01,-7.6901660193249164e+00,1.8212420424625983e-04
-5.8307575172391352e-02,-9.2063841929458146e-01,-7.7001660193248771e+00,1.8031514387709024e-04
-5.6947015801969481e-02,-9.2056001393771436e-01,-7.7101660193249213e+00,1.7853497576770223e-04
-5.5746649967374093e-02,-9.2049237712463194e-01,-7.7201660193248687e+00,1.7677047886474192e-04
5.5657299404874142e-02,-9.2048740012186137e-01,-7.7301660193249209e+00,1.7501245424709171e-04
5.3315163713251255e-02,-9.2035978597422485e-01,-7.7401660193248754e+00,1.7329316447983945e-04
5.2026896808470710e-02,-9.2029193162909906e-01,-7.7501660193249249e+00,1.7158051077133092e-04
-5.0440232772166194e-02,-9.2021064117439466e-01,-7.7601660193248740e+00,1.6988706579928602e-04
4.9842905110248248e-02,-9.2018069022825411e-01,-7.7701660193249085e+00,1.6820169897529530e-04
4.9652512043099423e-02,-9.2017121860943452e-01,-7.7801660193248710e+00,1.6652964140464061e-04
-4.9444447285399505e-02,-9.2016090931701877e-01,-7.7901660193249276e+00,1.6487434351602156e-04
-4.7861765504842335e-02,-9.2008390693195974e-01,-7.8001660193248776e+00,1.6324638626468159e-04
4.7848704323244645e-02,-9.2008328188604616e-01,-7.8101660193249041e+00,1.6162215860273445e-04
4.7816103004526697e-02,-9.2008172248660924e-01,-7.8201660193248710e+00,1.6001424078074665e-04
4.7206651797535304e-02,-9.2005276662030633e-01,-7.8301660193249258e+00,1.5842665979723348e-04
4.7078671332615118e-02,-9.2004673328056163e-01,-7.8401660193248759e+00,1.5685123452762758e-04
-4.5160253970693190e-02,-9.1995825690268818e-01,-7.8501660193249148e+00,1.5530427881963301e-04
-4.5087032233884210e-02,-9.1995495287116913e-01,-7.8601660193249234e+00,1.5375948345125123e-04
-4.4864329806181671e-02,-9.1994493667781840e-01,-7.8701660193248681e+00,1.5223107579653055e-04
-4.4757903840255929e-02,-9.1994016761142627e-01,-7.8801660193249283e+00,1.5071707006180280e-04
4.4499800012551272e-02,-9.1992864873391800e-01,-7.8901660193248713e+00,1.4921912898482705e-04
-4.4127691567660443e-02,-9.1991215921488478e-01,-7.9001660193249208e+00,1.4773680993247071e-04
-4.3763634686219056e-02,-9.1989616049381384e-01,-7.9101660193248717e+00,1.4626914421280238e-04
4.3560672196464020e-02,-9.1988729871444341e-01,-7.9201660193249150e+00,1.4481502522362881e-04
4.3243582151154682e-02,-9.1987353633197133e-01,-7.9301660193248669e+00,1.4337606482970569e-04
-4.3223750182078371e-02,-9.1987267892324087e-01,-7.9401660193249226e+00,1.4194957085700147e-04
4.3068746762810806e-02,-9.1986599110719902e-01,-7.9501660193248807e+00,1.4053808891748842e-04
-4.2696377861459668e-02,-9.1985002297458374e-01,-7.9601660193249080e+00,1.3914193338728699e-04
4.1676262337499992e-02,-9.1980698805455152e-01,-7.9701660193248740e+00,1.3776337652595064e-04
4.1426479476239710e-02,-9.1979660923423712e-01,-7.9801660193249182e+00,1.3639402362795259e-04
-4.1069328681871166e-02,-9.1978187751252927e-01,-7.9901660193248674e+00,1.3503886975763725e-04
-4.0932704186063026e-02,-9.1977627576933130e-01,-8.0001660193249204e+00,1.3369595948155110e-04
4.0931641179386496e-02,-9.1977623225815852e-01,-8.0101660193248758e+00,1.3236566821703648e-04
4.0502244507144805e-02,-9.1975874853839779e-01,-8.0201660193249342e+00,1.3105089904953053e-04
4.0397381816557644e-02,-9.1975450686215587e-01,-8.0301660193248718e+00,1.2974747116227352e-04
-4.0131821621651409e-02,-9.1974381418667550e-01,-8.0401660193249018e+00,1.2845783580418756e-04
3.9683741563935768e-02,-9.1972593230559607e-01,-8.0501660193248856e+00,1.2718193321358730e-04
3.9489257823460695e-02,-9.1971823337506331e-01,-8.0601660193249156e+00,1.2591742125975353e-04
3.8751016905375212e-02,-9.1968935328893986e-01,-8.0701660193248692e+00,1.2466812235846947e-04
3.8402837293995212e-02,-9.1967592158945399e-01,-8.0801660193249205e+00,1.2342931166910550e-04
-3.8394034022394635e-02,-9.1967558355759582e-01,-8.0901660193248794e+00,1.2220121080567256e-04
3.7947491485639015e-02,-9.1965853868836578e-01,-8.1001660193249148e+00,1.2098735063809401e-04
-3.7687337286839741e-02,-9.1964870032922552e-01,-8.1101660193249181e+00,1.1978468486394875e-04
-3.6855292201742232e-02,-9.1961768891497742e-01,-8.1201660193248699e+00,1.1859648512295629e-04
-3.6849631354907889e-02,-9.1961748029883572e-01,-8.1301660193249230e+00,1.1741645487417750e-04
-3.5643511085888625e-02,-9.1957376257460444e-01,-8.1401660193248695e+00,1.1625322384289112e-04
3.5435658617893773e-02,-9.1956637558418142e-01,-8.1501660193249172e+00,1.1509733515822581e-04
3.5110049544724464e-02,-9.1955489042285599e-01,-8.1601660193248744e+00,1.1395340630411806e-04
3.4675165384447509e-02,-9.1953971618055885e-01,-8.1701660193249168e+00,1.1282126293072969e-04
-3.4195800252586124e-02,-9.1952320901079687e-01,-8.1801660193248757e+00,1.1170051645211398e-04
-3.3736612675771410e-02,-9.1950761215075694e-01,-8.1901660193249164e+00,1.1059080259892579e-04
3.3712721775431040e-02,-9.1950680643809324e-01,-8.2001660193248807e+00,1.0949049394509935e-04
-3.3132789346043093e-02,-9.1948742349826407e-01,-8.2101660193249213e+00,1.0840314647875768e-04
3.2934784879991678e-02,-9.1948088266088512e-01,-8.2201660193248713e+00,1.0732521914369541e-04
-3.2669043143168444e-02,-9.1947216582328462e-01,-8.2301660193249120e+00,1.0625824160210316e-04
-3.2526418983857108e-02,-9.1946751659929615e-01,-8.2401660193248798e+00,1.0520144353658254e-04
-3.1388715485269315e-02,-9.1943115836324707e-01,-8.2501660193249204e+00,1.0415845863254340e-04
-3.1216465750612273e-02,-9.1942576650031904e-01,-8.2601660193248634e+00,1.0312262067426149e-04
3.1142977432285217e-02,-9.1942347515501333e-01,-8.2701660193249236e+00,1.0209676739300562e-04
-3.0383909333517194e-02,-9.1940012360653312e-01,-8.2801660193248807e+00,1.0108324800658366e-04
-2.9783243687700266e-02,-9.1938205343561996e-01,-8.2901660193249125e+00,1.0007926131675838e-04
2.9562752209834883e-02,-9.1937551079244950e-01,-8.3001660193248803e+00,9.9084104298216943e-05
2.8820017877654452e-02,-9.1935382934857368e-01,-8.3101660193249103e+00,9.8100327921328410e-05
2.8191779525660744e-02,-9.1933592084975124e-01,-8.3201660193248763e+00,9.7125952713688433e-05
2.8060911583218592e-02,-9.1933224001278002e-01,-8.3301660193249134e+00,9.6159887285129984e-05
-2.8033747119019604e-02,-9.1933147812210603e-01,-8.3401660193248848e+00,9.5203152954351241e-05
-2.7915709136037678e-02,-9.1932817604162342e-01,-8.3501660193249077e+00,9.4256176995818311e-05
2.7869115514283602e-02,-9.1932687643311373e-01,-8.3601660193249305e+00,9.3318433641891618e-05
-2.7770944996870481e-02,-9.1932414532634910e-01,-8.3701660193248717e+00,9.2390152039917658e-05
-2.6319652270020144e-02,-9.1928489468114682e-01,-8.3801660193249141e+00,9.1474445027701470e-05
2.6169375871217662e-02,-9.1928095075008398e-01,-8.3901660193248748e+00,9.0564616271875757e-05
-2.5752594978116890e-02,-9.1927013070739294e-01,-8.4001660193249243e+00,8.9664453451488937e-05
-2.5419734185845574e-02,-9.1926161407637896e-01,-8.4101660193248691e+00,8.8773033276810383e-05
-2.5100715303484865e-02,-9.1925355558771271e-01,-8.4201660193249168e+00,8.7890435098332743e-05
-2.4783119976365127e-02,-9.1924563415122096e-01,-8.4301660193248740e+00,8.7016599950990236e-05
2.4673710489424620e-02,-9.1924292862799739e-01,-8.4401660193249217e+00,8.6151003398116650e-05
-2.3744552680612967e-02,-9.1922043452434066e-01,-8.4501660193248753e+00,8.5295705220489091e-05
2.3384403288835759e-02,-9.1921194779192694e-01,-8.4601660193249177e+00,8.4447715455182552e-05
-2.2460238608682244e-02,-9.1919076379251896e-01,-8.4701660193248607e+00,8.3609217805765630e-05
2.2274165149695491e-02,-9.1918660184989742e-01,-8.4801660193249297e+00,8.2777636703547914e-05
-2.2228164439099446e-02,-9.1918557828050529e-01,-8.4901660193248638e+00,8.1954069342136113e-05
-2.1899262186311858e-02,-9.1917832147549183e-01,-8.5001660193249293e+00,8.1139201536472349e-05
-2.1881121487722924e-02,-9.1917792437211976e-01,-8.5101660193248705e+00,8.0331884891785484e-05
2.1841997609744784e-02,-9.1917706906313157e-01,-8.5201660193249147e+00,7.9532637306816448e-05
2.1840176650764764e-02,-9.1917702929140777e-01,-8.5301660193248825e+00,7.8741277474925304e-05
2.1038253403644021e-02,-9.1915983668647738e-01,-8.5401660193249089e+00,7.7959128982228466e-05
2.0947334711712850e-02,-9.1915792804910168e-01,-8.5501660193248750e+00,7.7183570003393806e-05
-2.0793823455291724e-02,-9.1915472418028443e-01,-8.5601660193249245e+00,7.6415825475911658e-05
2.0550420503655846e-02,-9.1914969252477796e-01,-8.5701660193248728e+00,7.5655855981482330e-05
-2.0527411251823828e-02,-9.1914921993969023e-01,-8.5801660193249223e+00,7.4903103034695004e-05
2.0483769580795726e-02,-9.1914832504145905e-01,-8.5901660193248723e+00,7.4157871070518316e-05
2.0430534158083491e-02,-9.1914723599633175e-01,-8.6001660193249059e+00,7.3420067882279982e-05
-1.9700992746056478e-02,-9.1913259719092955e-01,-8.6101660193249216e+00,7.2690590096317293e-05
1.9606934725980036e-02,-9.1913074857801391e-01,-8.6201660193249285e+00,7.1967439679802804e-05
1.9396525665931797e-02,-9.1912664523729404e-01,-8.6301660193248182e+00,7.1251644059522592e-05
1.9319087722986232e-02,-9.1912514620856367e-01,-8.6401660193249246e+00,7.0542784101058581e-05
-1.9176046081380460e-02,-9.1912239300499710e-01,-8.6501660193249190e+00,6.9841063957858497e-05
1.8774336303602007e-02,-9.1911477048515988e-01,-8.6601660193249117e+00,6.9146660830128335e-05
1.8638802641490013e-02,-9.1911223511529372e-01,-8.6701660193248262e+00,6.8458813627377631e-05
-1.8331537796134348e-02,-9.1910655527232499e-01,-8.6801660193249361e+00,6.7778022017871603e-05
-1.8173270871783803e-02,-9.1910366652042907e-01,-8.6901660193249093e+00,6.7103813276630852e-05
1.8082694720774308e-02,-9.1910202455752188e-01,-8.7001660193249268e+00,6.6436228264195345e-05
1.7689908852967187e-02,-9.1909499907095260e-01,-8.7101660193248218e+00,6.5775638852139389e-05
1.7278361612029940e-02,-9.1908780352333752e-01,-8.7201660193249158e+00,6.5121628894395452e-05
-1.7196507519249164e-02,-9.1908639256876923e-01,-8.7301660193249244e+00,6.4473748829836996e-05
-1.7162128658513541e-02,-9.1908580196338518e-01,-8.7401660193249224e+00,6.3832262009832309e-05
-1.6678735934273679e-02,-9.1907762274952209e-01,-8.7501660193248281e+00,6.3197637295550884e-05
-1.6559754944886318e-02,-9.1907564537525677e-01,-8.7601660193249113e+00,6.2568934019872839e-05
-1.6482538771084972e-02,-9.1907436967550959e-01,-8.7701660193249147e+00,6.1946441749247201e-05
1.6407925223410738e-02,-9.1907314263840800e-01,-8.7801660193249216e+00,6.1330139609504849e-05
1.6247187554070834e-02,-9.1907051818504804e-01,-8.7901660193248361e+00,6.0720053880949074e-05
1.5907583769152099e-02,-9.1906505824402573e-01,-8.8001660193249105e+00,6.0116207480120932e-05
-1.5628548000820190e-02,-9.1906065838964646e-01,-8.8101660193249192e+00,5.9518303092614126e-05
-1.5525277210842802e-02,-9.1905904974957620e-01,-8.8201660193249243e+00,5.8926180872814445e-05
-1.5444109417432187e-02,-9.1905779289118827e-01,-8.8301660193248264e+00,5.8339928901591983e-05
1.5340046605624323e-02,-9.1905619114827086e-01,-8.8401660193249132e+00,5.7759529425797514e-05
-1.4972377029638627e-02,-9.1905061867029825e-01,-8.8501660193249236e+00,5.7185131167436317e-05
-1.4949358882250439e-02,-9.1905027429883468e-01,-8.8601660193249199e+00,5.6616149102227643e-05
-1.4750426005967210e-02,-9.1904732016701818e-01,-8.8701660193249179e+00,5.6052974593809726e-05
1.4738503407856707e-02,-9.1904714437469115e-01,-8.8801660193248253e+00,5.5495247933390781e-05
1.4683304052557911e-02,-9.1904633234228938e-01,-8.8901660193249210e+00,5.4943105605881061e-05
-1.4614779132423310e-02,-9.1904532851788423e-01,-8.9001660193249155e+00,5.4396467175239715e-05
1.4592099749335775e-02,-9.1904499732088674e-01,-8.9101660193249224e+00,5.3855231120075645e-05
1.4530321508946849e-02,-9.1904409775491613e-01,-8.9201660193248227e+00,5.3319410581264966e-05
-1.4411350950483411e-02,-9.1904237615144846e-01,-8.9301660193249202e+00,5.2788964463165917e-05
-1.4283176165077916e-02,-9.1904053719402079e-01,-8.9401660193249217e+00,5.2263801601365829e-05
1.4260731773035301e-02,-9.1904021686869064e-01,-8.9501660193249108e+00,5.1743784661374581e-05
1.4033156588247525e-02,-9.1903699737525457e-01,-8.9601660193248343e+00,5.1229090333005162e-05
-1.3867835362297359e-02,-9.1903469106215741e-01,-8.9701660193249229e+00,5.0719469342149943e-05
-1.3857144322621910e-02,-9.1903454285772845e-01,-8.9801660193249120e+00,5.0214809632098727e-05
-1.3601142627730347e-02,-9.1903102817372939e-01,-8.9901660193249135e+00,4.9715338661403663e-05
-1.2876332373473284e-02,-9.1902143260103553e-01,-9.0001660193248298e+00,4.9221135079224114e-05
1.2839885428091988e-02,-9.1902096396224275e-01,-9.0101660193249202e+00,4.8731399439545579e-05
-1.2652285760601010e-02,-9.1901857280082344e-01,-9.0201660193249253e+00,4.8246629278826799e-05
1.2615660580768486e-02,-9.1901811007928402e-01,-9.0301660193249251e+00,4.7766589399084887e-05
1.2541297834657555e-02,-9.1901717470902822e-01,-9.0401660193248290e+00,4.7291348128233026e-05
-1.2428378921809386e-02,-9.1901576493465154e-01,-9.0501660193249069e+00,4.6820857358925983e-05
1.1804555752749128e-02,-9.1900820640159930e-01,-9.0601660193249227e+00,4.6355332421185480e-05
-1.1710749048200610e-02,-9.1900710345497438e-01,-9.0701660193249172e+00,4.5894139775741001e-05
1.1697280080527081e-02,-9.1900694581398057e-01,-9.0801660193248264e+00,4.5437492617848503e-05
1.1569972834398451e-02,-9.1900546476903378e-01,-9.0901660193249256e+00,4.4985448637697559e-05
1.1464491855937151e-02,-9.1900424992009688e-01,-9.1001660193249148e+00,4.4537890051660247e-05
1.1319207382244362e-02,-9.1900259486122060e-01,-9.1101660193249199e+00,4.4094803620620442e-05
-1.1264682585584218e-02,-9.1900197917021642e-01,-9.1201660193249197e+00,4.3656079872444864e-05
1.1120568689030568e-02,-9.1900036615732317e-01,-9.1301660193248377e+00,4.3221764337064884e-05
-1.1106300449888310e-02,-9.1900020758818102e-01,-9.1401660193249104e+00,4.2791707381697486e-05
1.1051667351693002e-02,-9.1899960230896571e-01,-9.1501660193249137e+00,4.2365948422312825e-05
1.1044795284394945e-02,-9.1899952638477655e-01,-9.1601660193249241e+00,4.1944403376730845e-05
-1.1010942489363998e-02,-9.1899915306059154e-01,-9.1701660193248227e+00,4.1527065092899499e-05
1.0806339482940398e-02,-9.1899692111984976e-01,-9.1801660193249273e+00,4.1113955655121956e-05
-1.0799083271959843e-02,-9.1899684273309679e-01,-9.1901660193249111e+00,4.0704868151847145e-05
1.0790852028828249e-02,-9.1899675387709345e-01,-9.2001660193249304e+00,4.0299851527400880e-05
-1.0789469988187569e-02,-9.1899673896465250e-01,-9.2101660193248271e+00,3.9898861899812937e-05
1.0775016896355776e-02,-9.1899658312789789e-01,-9.2201660193249193e+00,3.9501867746529586e-05
-1.0364789757015904e-02,-9.1899224706669302e-01,-9.2301660193249120e+00,3.9108987173827897e-05
-1.0048384679122708e-02,-9.1898901765066932e-01,-9.2401660193249135e+00,3.8719971292240410e-05
-9.9937486287819781e-03,-9.1898847013916707e-01,-9.2501660193248334e+00,3.8334722129353828e-05
-9.9214223840739003e-03,-9.1898774994440102e-01,-9.2601660193249202e+00,3.7953312604751262e-05
9.8468143713907313e-03,-9.1898701250997183e-01,-9.2701660193249200e+00,3.7575698544167821e-05
-9.6768199274505275e-03,-9.1898535305529361e-01,-9.2801660193249234e+00,3.7201875831437694e-05
-9.5570374779839883e-03,-9.1898420111601731e-01,-9.2901660193248219e+00,3.6831753409994751e-05
-9.4570279340527620e-03,-9.1898325032201222e-01,-9.3001660193249194e+00,3.6465306011229977e-05
-9.3116302754166422e-03,-9.1898188586253249e-01,-9.3101660193249209e+00,3.6102519414421997e-05
-9.2953376488998513e-03,-9.1898173428434304e-01,-9.3201660193249243e+00,3.5743298762078614e-05
-9.1970700741225760e-03,-9.1898082568231365e-01,-9.3301660193248210e+00,3.5387679150348906e-05
-9.1961852651870762e-03,-9.1898081754505534e-01,-9.3401660193249239e+00,3.5035566144661668e-05
9.1463343689760432e-03,-9.1898036034953401e-01,-9.3501660193249112e+00,3.4686972295555435e-05
-9.1315135835843171e-03,-9.1898022490350306e-01,-9.3601660193249216e+00,3.4341835805941352e-05
9.1311049658167661e-03,-9.1898022117228784e-01,-9.3701660193249214e+00,3.4000128957175301e-05
-9.0990639785417694e-03,-9.1897992911598225e-01,-9.3801660193248235e+00,3.3661831852653751e-05
9.0713680998577104e-03,-9.1897967749294107e-01,-9.3901660193249157e+00,3.3326899415223938e-05
-9.0328639215905907e-03,-9.1897932894865242e-01,-9.4001660193249190e+00,3.2995302725739962e-05
-8.9610531803720507e-03,-9.1897868287039020e-01,-9.4101660193249153e+00,3.2667015083563932e-05
-8.9204336483784952e-03,-9.1897831970157706e-01,-9.4201660193248333e+00,3.2341984598164746e-05
-8.8974451996054159e-03,-9.1897811489887948e-01,-9.4301660193249237e+00,3.2020183032347452e-05
-8.6763464769822468e-03,-9.1897617212743377e-01,-9.4401660193249128e+00,3.1701638476772063e-05
8.6753392436092619e-03,-9.1897616338883537e-01,-9.4501660193249091e+00,3.1386202177775912e-05
8.6139436257615352e-03,-9.1897563264573334e-01,-9.4601660193248378e+00,3.1073920740391766e-05
8.2955380909415129e-03,-9.1897294060944856e-01,-9.4701660193249246e+00,3.0764812882838114e-05
8.0672017982261479e-03,-9.1897107250576615e-01,-9.4801660193249191e+00,3.0458754780037128e-05
8.0528265716979363e-03,-9.1897095664123640e-01,-9.4901660193249171e+00,3.0155688600156938e-05
-7.8941367829052853e-03,-9.1896969133111306e-01,-9.5001660193248281e+00,2.9855672261840171e-05
7.7922721235803953e-03,-9.1896889238576340e-01,-9.5101660193249202e+00,2.9558626975019947e-05
-7.7753762982822223e-03,-9.1896876087162938e-01,-9.5201660193249129e+00,2.9264517571169787e-05
7.6771119358225153e-03,-9.1896800165717707e-01,-9.5301660193249216e+00,2.8973352753065817e-05
7.4770595439582191e-03,-9.1896648584305141e-01,-9.5401660193248290e+00,2.8685106557588210e-05
7.1892237403366685e-03,-9.1896437510233375e-01,-9.5501660193249105e+00,2.8399744922849795e-05
-7.0959843843604303e-03,-9.1896370913053105e-01,-9.5601660193249280e+00,2.8117181464629502e-05
-7.0634779331936537e-03,-9.1896347899359587e-01,-9.5701660193249172e+00,2.7837417240969081e-05
6.9688287014954119e-03,-9.1896281492007481e-01,-9.5801660193248193e+00,2.7560448613588450e-05
-6.9494130571898100e-03,-9.1896267980425916e-01,-9.5901660193249221e+00,2.7286221254732715e-05
6.4415364806246021e-03,-9.1895927932945509e-01,-9.6001660193249201e+00,2.7014810679918078e-05
6.3274066482802132e-03,-9.1895855067078580e-01,-9.6101660193249252e+00,2.6746028311136307e-05
6.1988898682796782e-03,-9.1895774575113898e-01,-9.6201660193249161e+00,2.6479922197092296e-05
6.1747862267663104e-03,-9.1895759662581256e-01,-9.6301660193248182e+00,2.6216446478460568e-05
-6.1483483036667459e-03,-9.1895743372677108e-01,-9.6401660193249246e+00,2.5955592705631924e-05
5.9781586363177805e-03,-9.1895640182367999e-01,-9.6501660193249208e+00,2.5697356760240292e-05
5.9375325574383894e-03,-9.1895615977977474e-01,-9.6601660193249206e+00,2.5441669946269361e-05
5.9182996584626300e-03,-9.1895604576876311e-01,-9.6701660193248262e+00,2.5188523972376514e-05
-5.9084123129040291e-03,-9.1895598730136907e-01,-9.6801660193249184e+00,2.4937895429289684e-05
-5.7432957868924564e-03,-9.1895502535658735e-01,-9.6901660193249217e+00,2.4689782974018822e-05
5.7371913757026227e-03,-9.1895499031578021e-01,-9.7001660193249073e+00,2.4444116385272247e-05
-5.6813601421437879e-03,-9.1895467155987187e-01,-9.7101660193248343e+00,2.4200901077564857e-05
-5.6022028388264446e-03,-9.1895422497166313e-01,-9.7201660193249193e+00,2.3960108788720773e-05
5.5250445954019445e-03,-9.1895379569223001e-01,-9.7301660193249244e+00,2.3721711906125720e-05
5.5142431763974707e-03,-9.1895373607224373e-01,-9.7401660193249100e+00,2.3485678329121568e-05
-5.4676798970140373e-03,-9.1895348039506752e-01,-9.7501660193248352e+00,2.3251997870239365e-05
5.4497741956644665e-03,-9.1895338265273130e-01,-9.7601660193249096e+00,2.3020638875855712e-05
5.4032305570292233e-03,-9.1895313008356572e-01,-9.7701660193249271e+00,2.2791585448291174e-05
5.2309339409869759e-03,-9.1895221396828697e-01,-9.7801660193249109e+00,2.2564826055933423e-05
-5.1883781419630771e-03,-9.1895199226721147e-01,-9.7901660193248308e+00,2.2340307238127158e-05
5.1724751966909874e-03,-9.1895190988316966e-01,-9.8001660193249229e+00,2.2118019289182862e-05
-5.1574923781185188e-03,-9.1895183249715462e-01,-9.8101660193249209e+00,2.1897943014710926e-05
5.1422032181682731e-03,-9.1895175376030791e-01,-9.8201660193249207e+00,2.1680056548182528e-05
5.1371771727460082e-03,-9.1895172792799151e-01,-9.8301660193248281e+00,2.1464336935676184e-05
-5.1184968911326140e-03,-9.1895163213855169e-01,-9.8401660193249114e+00,2.1250765250299379e-05
4.8863345499010153e-03,-9.1895047076600622e-01,-9.8501660193249254e+00,2.1039341037600056e-05
4.8219851349656714e-03,-9.1895015840366034e-01,-9.8601660193249128e+00,2.0830002602975705e-05
-4.7337827244591868e-03,-9.1894973698278071e-01,-9.8701660193249161e+00,2.0622749304926104e-05
-4.6965914713295795e-03,-9.1894956161906372e-01,-9.8801660193248235e+00,2.0417553101292429e-05
-4.6888972003852466e-03,-9.1894952551181741e-01,-9.8901660193249263e+00,2.0214395783383470e-05
4.6853715435847890e-03,-9.1894950898659022e-01,-9.9001660193249155e+00,2.0013259515402531e-05
-4.6755313682432190e-03,-9.1894946293012714e-01,-9.9101660193249259e+00,1.9814125168571536e-05
-4.6607986494994870e-03,-9.1894939415536503e-01,-9.9201660193248209e+00,1.9616972678184097e-05
-4.6237182195548454e-03,-9.1894922201842644e-01,-9.9301660193249290e+00,1.9421783881902181e-05
-4.6215844621723991e-03,-9.1894921215480996e-01,-9.9401660193249146e+00,1.9228534093052675e-05
4.5841005191239459e-03,-9.1894903962212415e-01,-9.9501660193249215e+00,1.9037210266607634e-05
4.5452911389695207e-03,-9.1894886246910845e-01,-9.9601660193248200e+00,1.8847790198447333e-05
-4.5312323155376200e-03,-9.1894879866648815e-01,-9.9701660193249140e+00,1.8660252743083208e-05
-4.5260788235949121e-03,-9.1894877532809816e-01,-9.9801660193249155e+00,1.8474580557173902e-05
4.5224695817556483e-03,-9.1894875899889839e-01,-9.9901660193249349e+00,1.8290755707888705e-05
4.4753322122879288e-03,-9.1894854693254469e-01,-1.0000166019324832e+01,1.8108763488002766e-05
-4.4599660127554001e-03,-9.1894847828175696e-01,-1.0010166019324906e+01,1.7928579511509850e-05
4.4444865274255209e-03,-9.1894840936358568e-01,-1.0020166019324913e+01,1.7750188388039446e-05
4.4085532147451739e-03,-9.1894825030406313e-01,-1.0030166019324934e+01,1.7573573857838550e-05
-4.3591516898590678e-03,-9.1894803373506706e-01,-1.0040166019324820e+01,1.7398717644356160e-05
4.3554467787465965e-03,-9.1894801759166067e-01,-1.0050166019324921e+01,1.7225597789321619e-05
-4.3080588877181967e-03,-9.1894781231902944e-01,-1.0060166019324909e+01,1.7054203728309030e-05
4.2658216266510725e-03,-9.1894763125041468e-01,-1.0070166019324937e+01,1.6884514623191710e-05
4.2559442935428482e-03,-9.1894758916425434e-01,-1.0080166019324814e+01,1.6716511599162174e-05
4.0881875786517767e-03,-9.1894688927217860e-01,-1.0090166019324927e+01,1.6550191112958218e-05
4.0731361500309579e-03,-9.1894682785238779e-01,-1.0100166019324906e+01,1.6385514966296483e-05
-4.0060793019442882e-03,-9.1894655696902616e-01,-1.0110166019324932e+01,1.6222480762675443e-05
-3.9728252608303869e-03,-9.1894642430361606e-01,-1.0120166019324918e+01,1.6061066512833951e-05
3.9646124424883265e-03,-9.1894639170924908e-01,-1.0130166019324829e+01,1.5901256749158408e-05
3.8775419191779967e-03,-9.1894605029900700e-01,-1.0140166019324921e+01,1.5743041975740498e-05
3.8188876980553500e-03,-9.1894582458496465e-01,-1.0150166019324912e+01,1.5586399608857072e-05
3.7574756925798378e-03,-9.1894559194512959e-01,-1.0160166019324924e+01,1.5431315931435220e-05
3.7268101955486442e-03,-9.1894547719045627e-01,-1.0170166019324821e+01,1.5277773525645714e-05
3.6742215630777911e-03,-9.1894528258538677e-01,-1.0180166019324924e+01,1.5125760082670735e-05
3.6364399161206082e-03,-9.1894514448097120e-01,-1.0190166019324915e+01,1.4975258323327247e-05
3.6104920359910173e-03,-9.1894505045971042e-01,-1.0200166019324918e+01,1.4826253407343927e-05
3.5766628827212780e-03,-9.1894492889202783e-01,-1.0210166019324834e+01,1.4678731505524376e-05
3.5004157599870522e-03,-9.1894465908858580e-01,-1.0220166019324910e+01,1.4532679607658426e-05
3.4586797115919595e-03,-9.1894451386601317e-01,-1.0230166019324926e+01,1.4388079118965648e-05
-3.3900770479388456e-03,-9.1894427894453490e-01,-1.0240166019324919e+01,1.4244918686138877e-05
-3.3767127446874398e-03,-9.1894423372781953e-01,-1.0250166019324823e+01,1.4103180014683034e-05
-3.3368989591650265e-03,-9.1894410008067129e-01,-1.0260166019324917e+01,1.3962852894965566e-05
-3.3155764716090498e-03,-9.1894402915700901e-01,-1.0270166019324925e+01,1.3823921167767700e-05
-3.3055395168631232e-03,-9.1894399592908826e-01,-1.0280166019324911e+01,1.3686371308679857e-05
-3.2950731798841977e-03,-9.1894396138696988e-01,-1.0290166019324831e+01,1.3550190106841226e-05
3.1648452207707839e-03,-9.1894354075597517e-01,-1.0300166019324918e+01,1.3415369105465481e-05
-3.1616737337856610e-03,-9.1894353072373891e-01,-1.0310166019324917e+01,1.3281884085796826e-05
-3.1353177844277652e-03,-9.1894344774214409e-01,-1.0320166019324926e+01,1.3149728222204130e-05
3.1279270730890196e-03,-9.1894342459722678e-01,-1.0330166019324832e+01,1.3018886541562217e-05
-3.1137506898021019e-03,-9.1894338035501855e-01,-1.0340166019324913e+01,1.2889347026325066e-05
3.0483169982218825e-03,-9.1894317875160025e-01,-1.0350166019324915e+01,1.2761098453229256e-05
3.0431207263170910e-03,-9.1894316292521694e-01,-1.0360166019324931e+01,1.2634123602028679e-05
-3.0180326057485454e-03,-9.1894308689374415e-01,-1.0370166019324907e+01,1.2508412922788245e-05
-2.9684075162899363e-03,-9.1894293835493090e-01,-1.0380166019324827e+01,1.2383953974171129e-05
-2.9209858297028716e-03,-9.1894279871244811e-01,-1.0390166019324919e+01,1.2260733285403458e-05
2.9152060172418794e-03,-9.1894278184640099e-01,-1.0400166019324926e+01,1.2138737155589025e-05
-2.8922705487136363e-03,-9.1894271524780291e-01,-1.0410166019324912e+01,1.2017955503194884e-05
2.8849819364463103e-03,-9.1894269419372632e-01,-1.0420166019324832e+01,1.1898375098453258e-05
-2.8585236728942984e-03,-9.1894261821213374e-01,-1.0430166019324925e+01,1.1779985183169782e-05
2.8439302417579888e-03,-9.1894257660294942e-01,-1.0440166019324909e+01,1.1662772857443543e-05
2.8403737923737185e-03,-9.1894256649497963e-01,-1.0450166019324922e+01,1.1546726445280108e-05
2.8031056898794203e-03,-9.1894246133409374e-01,-1.0460166019324834e+01,1.1431835799679610e-05
-2.7726295189324469e-03,-9.1894237637056408e-01,-1.0470166019324921e+01,1.1318088094544274e-05
2.7386968545804425e-03,-9.1894228286357016e-01,-1.0480166019324907e+01,1.1205472284152142e-05
-2.6983768133002806e-03,-9.1894217325205274e-01,-1.0490166019324928e+01,1.1093977188033118e-05
-2.6239709411200428e-03,-9.1894197524508936e-01,-1.0500166019324826e+01,1.0983592445457923e-05
-2.6201380710691390e-03,-9.1894196519509519e-01,-1.0510166019324917e+01,1.0874303983879946e-05
-2.6067590487232439e-03,-9.1894193022970849e-01,-1.0520166019324920e+01,1.0766103227819181e-05
-2.5853276939915102e-03,-9.1894187459298216e-01,-1.0530166019324913e+01,1.0658979303859548e-05
-2.5793781149677925e-03,-9.1894185922906946e-01,-1.0540166019324840e+01,1.0552920849856892e-05
-2.5783524081516144e-03,-9.1894185658390981e-01,-1.0550166019324916e+01,1.0447917560604552e-05
2.4936926777960233e-03,-9.1894164188492511e-01,-1.0560166019324909e+01,1.0343961264739359e-05
-2.4732354587502351e-03,-9.1894159108015672e-01,-1.0570166019324919e+01,1.0241037650756464e-05
-2.4269659491664430e-03,-9.1894147771519863e-01,-1.0580166019324839e+01,1.0139138772974199e-05
2.4266443954952541e-03,-9.1894147693485051e-01,-1.0590166019324910e+01,1.0038252664375471e-05
-2.4098122794136154e-03,-9.1894143623095048e-01,-1.0600166019324927e+01,9.9383707860273534e-06
-2.3173760538696595e-03,-9.1894121774922699e-01,-1.0610166019324909e+01,9.8394844941914416e-06
-2.3166063201024911e-03,-9.1894121596576062e-01,-1.0620166019324923e+01,9.7415800050253909e-06
2.2332928730690689e-03,-9.1894102643186792e-01,-1.0630166019324825e+01,9.6446514924187197e-06
-2.2070305499361006e-03,-9.1894096812526360e-01,-1.0640166019324919e+01,9.5486861633883854e-06
-2.1866411172992775e-03,-9.1894092333302735e-01,-1.0650166019324928e+01,9.4536755720368253e-06
-2.0857499846863407e-03,-9.1894070780983883e-01,-1.0660166019324910e+01,9.3596119456269922e-06
-2.0576849507160135e-03,-9.1894064966701772e-01,-1.0670166019324833e+01,9.2664827895048692e-06
2.0225545254866639e-03,-9.1894057799674378e-01,-1.0680166019324911e+01,9.1742804027112826e-06
2.0036424130816148e-03,-9.1894053992479918e-01,-1.0690166019324916e+01,9.0829951332797844e-06
2.0018100258440081e-03,-9.1894053625502925e-01,-1.0700166019324927e+01,8.9926178546489008e-06
-1.9166926653462176e-03,-9.1894036948872615e-01,-1.0710166019324834e+01,8.9031412967095953e-06
1.8751325443552122e-03,-9.1894029069436889e-01,-1.0720166019324918e+01,8.8145542551890680e-06
1.8510911483347022e-03,-9.1894024590255918e-01,-1.0730166019324907e+01,8.7268483658143722e-06
-1.8447596473220645e-03,-9.1894023420241766e-01,-1.0740166019324917e+01,8.6400148748180219e-06
-1.8163869834671564e-03,-9.1894018226417629e-01,-1.0750166019324839e+01,8.5540457346866793e-06
1.8118771013984243e-03,-9.1894017408265471e-01,-1.0760166019324920e+01,8.4689316267973804e-06
-1.8017416528608534e-03,-9.1894015576983135e-01,-1.0770166019324915e+01,8.3846645026907432e-06
-1.7514332442391672e-03,-9.1894006639254400e-01,-1.0780166019324922e+01,8.3012364388734278e-06
-1.7257901072735560e-03,-9.1894002180908663e-01,-1.0790166019324817e+01,8.2186381226353276e-06
1.7031795287186604e-03,-9.1893998304359303e-01,-1.0800166019324926e+01,8.1368616223882391e-06
-1.6953150185395893e-03,-9.1893996967984548e-01,-1.0810166019324919e+01,8.0558986041425157e-06
-1.6889902053257924e-03,-9.1893995897729630e-01,-1.0820166019324914e+01,7.9757411590922635e-06
-1.6825918897578765e-03,-9.1893994819107316e-01,-1.0830166019324826e+01,7.8963812937585147e-06
1.6487968239927914e-03,-9.1893989189882286e-01,-1.0840166019324926e+01,7.8178114271870570e-06
-1.6476584761959357e-03,-9.1893989002256660e-01,-1.0850166019324922e+01,7.7400229182911971e-06
-1.6270880476473423e-03,-9.1893985634109687e-01,-1.0860166019324911e+01,7.6630086615704124e-06
1.6155854314446197e-03,-9.1893983769148258e-01,-1.0870166019324923e+01,7.5867605928962931e-06
1.5925124587511433e-03,-9.1893980068130510e-01,-1.0880166019324829e+01,7.5112713416859075e-06
-1.5514614674324611e-03,-9.1893973614968194e-01,-1.0890166019324914e+01,7.4365334229719442e-06
-1.5325001698033060e-03,-9.1893970691172466e-01,-1.0900166019324921e+01,7.3625388943490403e-06
1.5163562549228358e-03,-9.1893968230148537e-01,-1.0910166019324921e+01,7.2892805877130016e-06
1.5141454867988445e-03,-9.1893967895161710e-01,-1.0920166019324830e+01,7.2167510581921132e-06
1.4709337786523308e-03,-9.1893961445643002e-01,-1.0930166019324911e+01,7.1449436461861077e-06
1.4525412270635484e-03,-9.1893958757134764e-01,-1.0940166019324918e+01,7.0738504592347333e-06
-1.4488184021115673e-03,-9.1893958217072058e-01,-1.0950166019324925e+01,7.0034645089548784e-06
-1.4217405836741328e-03,-9.1893954330648309e-01,-1.0960166019324824e+01,6.9337791422357178e-06
-1.4190741074422116e-03,-9.1893953951900065e-01,-1.0970166019324925e+01,6.8647869130234867e-06
-1.4165472337718077e-03,-9.1893953593637223e-01,-1.0980166019324916e+01,6.7964811663116901e-06
-1.3931607019403401e-03,-9.1893950308171013e-01,-1.0990166019324912e+01,6.7288552698605341e-06
1.3903549517348878e-03,-9.1893949917678541e-01,-1.1000166019324835e+01,6.6619020672623690e-06
-1.3692993996356057e-03,-9.1893947012376243e-01,-1.1010166019324924e+01,6.5956152257683221e-06
-1.3272904831501953e-03,-9.1893941348335284e-01,-1.1020166019324909e+01,6.5299881276066949e-06
-1.3206422877427397e-03,-9.1893940468136559e-01,-1.1030166019324918e+01,6.4650137170259586e-06
-1.2979311356151901e-03,-9.1893937494595590e-01,-1.1040166019324836e+01,6.4006859460551868e-06
1.2868594474909152e-03,-9.1893936063695825e-01,-1.1050166019324916e+01,6.3369981474481539e-06
-1.2563810368756711e-03,-9.1893932187999439e-01,-1.1060166019324919e+01,6.2739442055088342e-06
-1.2488067823368579e-03,-9.1893931239252924e-01,-1.1070166019324917e+01,6.2115174765471443e-06
-1.2161930417631790e-03,-9.1893927219609683e-01,-1.1080166019324830e+01,6.1497120921825729e-06
-1.2131189414313222e-03,-9.1893926846212248e-01,-1.1090166019324920e+01,6.0885214572044403e-06
1.2065107811772644e-03,-9.1893926046747199e-01,-1.1100166019324915e+01,6.0279397046748019e-06
1.1980002656118705e-03,-9.1893925023565770e-01,-1.1110166019324931e+01,5.9679607635262645e-06
1.1830299309089050e-03,-9.1893923241324815e-01,-1.1120166019324916e+01,5.9085786670559333e-06
1.1695825030219368e-03,-9.1893921659495514e-01,-1.1130166019324824e+01,5.8497874195467967e-06
-1.1639783375737536e-03,-9.1893921005612467e-01,-1.1140166019324923e+01,5.7915811000598694e-06
1.1634371639465020e-03,-9.1893920942635665e-01,-1.1150166019324914e+01,5.7339539088702117e-06
-1.1629669090135358e-03,-9.1893920887935521e-01,-1.1160166019324912e+01,5.6769001173076349e-06
-1.1552713766714929e-03,-9.1893919995931639e-01,-1.1170166019324832e+01,5.6204140674858148e-06
-1.1539239463639178e-03,-9.1893919840357641e-01,-1.1180166019324929e+01,5.5644900217721755e-06
1.1377718013468221e-03,-9.1893917989567542e-01,-1.1190166019324913e+01,5.5091225229168298e-06
-1.1309304360267790e-03,-9.1893917213516507e-01,-1.1200166019324914e+01,5.4543058802457935e-06
1.1064916175247842e-03,-9.1893914479518934e-01,-1.1210166019324838e+01,5.4000347775916883e-06
1.1048004901183380e-03,-9.1893914292540091e-01,-1.1220166019324919e+01,5.3463035437903942e-06
1.0958238416750193e-03,-9.1893913304828545e-01,-1.1230166019324917e+01,5.2931069869829105e-06
1.0650744558151071e-03,-9.1893909982513766e-01,-1.1240166019324921e+01,5.2404398665828733e-06
1.0045746583225046e-03,-9.1893903721846149e-01,-1.1250166019324830e+01,5.1882969435053784e-06
9.9858331656568116e-04,-9.1893903121765952e-01,-1.1260166019324902e+01,5.1366725571825972e-06
-9.8980424343862641e-04,-9.1893902248955961e-01,-1.1270166019324925e+01,5.0855618556497152e-06
-9.8334038618652295e-04,-9.1893901611249706e-01,-1.1280166019324914e+01,5.0349597018154186e-06
-9.6996762126044767e-04,-9.1893900305193266e-01,-1.1290166019324838e+01,4.9848610808216039e-06
-9.6605911319626878e-04,-9.1893899926844458e-01,-1.1300166019324918e+01,4.9352609030022304e-06
-9.6105860974603154e-04,-9.1893899445016514e-01,-1.1310166019324919e+01,4.8861542600689752e-06
-9.2734775743082577e-04,-9.1893896262027108e-01,-1.1320166019324907e+01,4.8375363668324122e-06
-9.2661553574133985e-04,-9.1893896194151503e-01,-1.1330166019324832e+01,4.7894020789891722e-06
9.2398931932737103e-04,-9.1893895951147053e-01,-1.1340166019324920e+01,4.7417467435833902e-06
-9.1795530577305946e-04,-9.1893895395431113e-01,-1.1350166019324927e+01,4.6945656012538058e-06
-9.1288448563184332e-04,-9.1893894931238151e-01,-1.1360166019324913e+01,4.6478539146209712e-06
-9.1116068397568734e-04,-9.1893894774023543e-01,-1.1370166019324921e+01,4.6016070026952742e-06
-9.0548280515275370e-04,-9.1893894258289466e-01,-1.1380166019324825e+01,4.5558202714938211e-06
-8.9193642677497654e-04,-9.1893893040863417e-01,-1.1390166019324928e+01,4.5104891572949502e-06
8.9017369166722324e-04,-9.1893892883794015e-01,-1.1400166019324908e+01,4.4656090473214833e-06
8.8779731357875786e-04,-9.1893892672537447e-01,-1.1410166019324913e+01,4.4211755042294182e-06
-8.8581038256803433e-04,-9.1893892496335638e-01,-1.1420166019324826e+01,4.3771840806512896e-06
8.6663562145354806e-04,-9.1893890816198964e-01,-1.1430166019324929e+01,4.3336304441487849e-06
-8.5416482827030448e-04,-9.1893889743211643e-01,-1.1440166019324918e+01,4.2905101467965091e-06
-8.4943567939709213e-04,-9.1893889340382617e-01,-1.1450166019324923e+01,4.2478188746464300e-06
8.3673581250094762e-04,-9.1893888269674939e-01,-1.1460166019324815e+01,4.2055524156699021e-06
-8.3593655507548277e-04,-9.1893888202830154e-01,-1.1470166019324935e+01,4.1637064727401198e-06
-8.3435645820832834e-04,-9.1893888070868912e-01,-1.1480166019324903e+01,4.1222769065566330e-06
-8.1618710532682355e-04,-9.1893886571403494e-01,-1.1490166019324933e+01,4.0812596272013842e-06
8.0945900851351563e-04,-9.1893886024528271e-01,-1.1500166019324825e+01,4.0406504374956776e-06
8.0750987123794321e-04,-9.1893885866943559e-01,-1.1510166019324924e+01,4.0004453001847915e-06
7.9029207709510260e-04,-9.1893884491412303e-01,-1.1520166019324906e+01,3.9606402588505049e-06
7.7912593466453184e-04,-9.1893883615195049e-01,-1.1530166019324925e+01,3.9212312641736364e-06
-7.7905849231651851e-04,-9.1893883609940674e-01,-1.1540166019324827e+01,3.8822143613915111e-06
7.7763880087183997e-04,-9.1893883499439177e-01,-1.1550166019324914e+01,3.8435856873211832e-06
-7.5595856720649286e-04,-9.1893881837001712e-01,-1.1560166019324919e+01,3.8053414339944218e-06
7.5418388647558203e-04,-9.1893881703000679e-01,-1.1570166019324919e+01,3.7674776591334592e-06
-7.5232577914719487e-04,-9.1893881563037849e-01,-1.1580166019324828e+01,3.7299906352997276e-06
7.3401425741171993e-04,-9.1893880202180456e-01,-1.1590166019324917e+01,3.6928766586189059e-06
-6.9779082985050884e-04,-9.1893877608936059e-01,-1.1600166019324924e+01,3.6561320167342426e-06
6.9700840030562507e-04,-9.1893877554369452e-01,-1.1610166019324916e+01,3.6197528973079521e-06
6.8988719051862771e-04,-9.1893877060550733e-01,-1.1620166019324918e+01,3.5837357718899584e-06
6.8955516248517777e-04,-9.1893877037650051e-01,-1.1630166019324824e+01,3.5480770059734660e-06
-6.8742661999201876e-04,-9.1893876891101844e-01,-1.1640166019324917e+01,3.5127730550408514e-06
6.8699034001299644e-04,-9.1893876861120305e-01,-1.1650166019324921e+01,3.4778203801844442e-06
-6.7453637977539027e-04,-9.1893876013300324e-01,-1.1660166019324921e+01,3.4432155184033521e-06
-6.7278114967159056e-04,-9.1893875895057719e-01,-1.1670166019324830e+01,3.4089549555889370e-06
6.7136096607700959e-04,-9.1893875799611280e-01,-1.1680166019324918e+01,3.3750352902602833e-06
-6.6822940296253552e-04,-9.1893875589860696e-01,-1.1690166019324923e+01,3.3414531350284701e-06
-6.5587759614654274e-04,-9.1893874772105000e-01,-1.1700166019324916e+01,3.3082051478686315e-06
6.5550075071154549e-04,-9.1893874747395654e-01,-1.1710166019324824e+01,3.2752879574650847e-06
-6.5524670404327112e-04,-9.1893874730746106e-01,-1.1720166019324919e+01,3.2426982983085456e-06
6.4954332743644150e-04,-9.1893874358660654e-01,-1.1730166019324912e+01,3.2104329230846638e-06
-6.2917330821544906e-04,-9.1893873056286535e-01,-1.1740166019324928e+01,3.1784886231585871e-06
6.2875319556536784e-04,-9.1893873029862994e-01,-1.1750166019324828e+01,3.1468621337636109e-06
-6.2510906863045721e-04,-9.1893872801401333e-01,-1.1760166019324918e+01,3.1155503394817672e-06
-6.2337960719937072e-04,-9.1893872693440681e-01,-1.1770166019324913e+01,3.0845500989712085e-06
-6.2223391700082383e-04,-9.1893872622086314e-01,-1.1780166019324925e+01,3.0538583148564467e-06
6.2137327847361585e-04,-9.1893872568571511e-01,-1.1790166019324820e+01,3.0234719185354645e-06
-6.2082698397935112e-04,-9.1893872534641152e-01,-1.1800166019324919e+01,2.9933878713066850e-06
6.1315355610117397e-04,-9.1893872061198112e-01,-1.1810166019324919e+01,2.9636031783649312e-06
6.0057508024915715e-04,-9.1893871297855301e-01,-1.1820166019324926e+01,2.9341148564360408e-06
5.9852767631752657e-04,-9.1893871175102915e-01,-1.1830166019324830e+01,2.9049199293816067e-06
5.8798159121961624e-04,-9.1893870549451528e-01,-1.1840166019324917e+01,2.8760155111324850e-06
-5.8659736763993055e-04,-9.1893870468157535e-01,-1.1850166019324911e+01,2.8473986809715226e-06
5.8364705699984437e-04,-9.1893870295528302e-01,-1.1860166019324920e+01,2.8190665955799688e-06
-5.8035457729645884e-04,-9.1893870103905717e-01,-1.1870166019324916e+01,2.7910164196300087e-06
-5.7887024925258189e-04,-9.1893870017872226e-01,-1.1880166019324841e+01,2.7632453446234089e-06
5.6294575399283586e-04,-9.1893869108730042e-01,-1.1890166019324910e+01,2.7357506189242450e-06
-5.5721886772024836e-04,-9.1893868787977273e-01,-1.1900166019324924e+01,2.7085294541327748e-06
5.4171770911742032e-04,-9.1893867936237761e-01,-1.1910166019324915e+01,2.6815791586089759e-06
5.1915128121154562e-04,-9.1893866739236585e-01,-1.1920166019324835e+01,2.6548970319454092e-06
-5.1395502674741415e-04,-9.1893866470822427e-01,-1.1930166019324909e+01,2.6284803721537329e-06
5.0928360117730046e-04,-9.1893866231823274e-01,-1.1940166019324927e+01,2.6023265616832445e-06
-5.0831707714052410e-04,-9.1893866182646489e-01,-1.1950166019324907e+01,2.5764329810225998e-06
-4.9901359352674086e-04,-9.1893865714062273e-01,-1.1960166019324832e+01,2.5507970564801187e-06
-4.9430671737441109e-04,-9.1893865480290493e-01,-1.1970166019324923e+01,2.5254162075994948e-06
-4.9282008946444197e-04,-9.1893865406915975e-01,-1.1980166019324914e+01,2.5002878983159276e-06
-4.9086604365097635e-04,-9.1893865310807588e-01,-1.1990166019324908e+01,2.4754096204318303e-06
-4.8598656024152851e-04,-9.1893865072480785e-01,-1.2000166019324832e+01,2.4507788890106771e-06
-4.8276032789199811e-04,-9.1893864916210655e-01,-1.2010166019324933e+01,2.4263932354124761e-06
4.7464240627552386e-04,-9.1893864527604641e-01,-1.2020166019324913e+01,2.4022502286655626e-06
4.6658676724666394e-04,-9.1893864148494520e-01,-1.2030166019324918e+01,2.3783474485307838e-06
4.6329380326844138e-04,-9.1893863995391356e-01,-1.2040166019324822e+01,2.3546824996209838e-06
-4.6230996608529672e-04,-9.1893863949859189e-01,-1.2050166019324918e+01,2.3312530183430759e-06
-4.5971342844008906e-04,-9.1893863830155764e-01,-1.2060166019324924e+01,2.3080566660006142e-06
-4.5787531614180040e-04,-9.1893863745824200e-01,-1.2070166019324917e+01,2.2850911203846388e-06
-4.5052356805931853e-04,-9.1893863411908216e-01,-1.2080166019324830e+01,2.2623540913930717e-06
4.4682806552609803e-04,-9.1893863246099949e-01,-1.2090166019324926e+01,2.2398432957790896e-06
-4.4591037490533057e-04,-9.1893863205137072e-01,-1.2100166019324918e+01,2.2175564835186696e-06
-4.4001288599304113e-04,-9.1893862943900939e-01,-1.2110166019324915e+01,2.1954914335724707e-06
-4.2367546319429237e-04,-9.1893862238378854e-01,-1.2120166019324907e+01,2.1736459441417184e-06
-4.1552950706499545e-04,-9.1893861896572504e-01,-1.2130166019324840e+01,2.1520178129829382e-06
4.0674443408197187e-04,-9.1893861535385679e-01,-1.2140166019324914e+01,2.1306048856643117e-06
-4.0388265578777038e-04,-9.1893861419393930e-01,-1.2150166019324926e+01,2.1094050152838291e-06
-3.9988861764735095e-04,-9.1893861258879272e-01,-1.2160166019324903e+01,2.0884160880436778e-06
-3.9334847280486000e-04,-9.1893860999485000e-01,-1.2170166019324839e+01,2.0676360061301935e-06
-3.9196082094087198e-04,-9.1893860944998207e-01,-1.2180166019324918e+01,2.0470626852382063e-06
3.8976470863140309e-04,-9.1893860859160348e-01,-1.2190166019324915e+01,2.0266940729338929e-06
-3.8951411970364352e-04,-9.1893860849396414e-01,-1.2200166019324913e+01,2.0065281301645450e-06
-3.8645277715489390e-04,-9.1893860730621391e-01,-1.2210166019324841e+01,1.9865628440421188e-06
-3.8473831137017078e-04,-9.1893860664512361e-01,-1.2220166019324921e+01,1.9667962147762447e-06
-3.8470055729672903e-04,-9.1893860663059890e-01,-1.2230166019324912e+01,1.9472262654860157e-06
-3.8195202020300948e-04,-9.1893860557701235e-01,-1.2240166019324922e+01,1.9278510424475793e-06
3.7570163155044902e-04,-9.1893860320919740e-01,-1.2250166019324828e+01,1.9086686085879426e-06
3.7015819928749860e-04,-9.1893860114188575e-01,-1.2260166019324920e+01,1.8896770425211258e-06
-3.6842510833733338e-04,-9.1893860050186971e-01,-1.2270166019324909e+01,1.8708744429850703e-06
3.6823927307055935e-04,-9.1893860043342057e-01,-1.2280166019324920e+01,1.8522589313697009e-06
-3.6593091302879719e-04,-9.1893859958605606e-01,-1.2290166019324831e+01,1.8338286486170693e-06
3.5728181582003662e-04,-9.1893859645848741e-01,-1.2300166019324918e+01,1.8155817543659912e-06
-3.5116560939269588e-04,-9.1893859429198210e-01,-1.2310166019324921e+01,1.7975164179623951e-06
3.4218079997555529e-04,-9.1893859117718946e-01,-1.2320166019324917e+01,1.7796308363082557e-06
-3.4127572800548862e-04,-9.1893859086790075e-01,-1.2330166019324830e+01,1.7619232141669781e-06
3.2649489195309340e-04,-9.1893858593279665e-01,-1.2340166019324917e+01,1.7443917938734212e-06
-3.2498441506654304e-04,-9.1893858544077445e-01,-1.2350166019324922e+01,1.7270348063675248e-06
-3.2458456465854935e-04,-9.1893858531090933e-01,-1.2360166019324923e+01,1.7098505231452400e-06
3.2306790301172867e-04,-9.1893858481977442e-01,-1.2370166019324918e+01,1.6928372270072957e-06
-3.2181325034285360e-04,-9.1893858441522347e-01,-1.2380166019324825e+01,1.6759932158411558e-06
-3.2056624157613073e-04,-9.1893858401469708e-01,-1.2390166019324919e+01,1.6593168053727131e-06
3.1933209592976963e-04,-9.1893858361983316e-01,-1.2400166019324923e+01,1.6428063279451358e-06
-3.1812988877044082e-04,-9.1893858323665256e-01,-1.2410166019324906e+01,1.6264601324874158e-06
-3.1807994002556875e-04,-9.1893858322076361e-01,-1.2420166019324832e+01,1.6102765837945230e-06
-3.1707546969441530e-04,-9.1893858290176622e-01,-1.2430166019324915e+01,1.5942540645843743e-06
-3.1501113127633640e-04,-9.1893858224934588e-01,-1.2440166019324931e+01,1.5783909726254445e-06
3.1443990641496665e-04,-9.1893858206956680e-01,-1.2450166019324913e+01,1.5626857203199764e-06
3.1140212728954448e-04,-9.1893858111898186e-01,-1.2460166019324825e+01,1.5471367390758121e-06
-3.0584355452401056e-04,-9.1893857940347934e-01,-1.2470166019324926e+01,1.5317424739367910e-06
3.0541525901802563e-04,-9.1893857927257971e-01,-1.2480166019324912e+01,1.5165013818661908e-06
-3.0442031741026757e-04,-9.1893857896920428e-01,-1.2490166019324914e+01,1.5014119414524945e-06
3.0252324828510164e-04,-9.1893857839349735e-01,-1.2500166019324830e+01,1.4864726438799542e-06
-3.0169316277493764e-04,-9.1893857814272173e-01,-1.2510166019324931e+01,1.4716819943149480e-06
-2.9959629181061518e-04,-9.1893857751230845e-01,-1.2520166019324915e+01,1.4570385147217180e-06
-2.9545019267912607e-04,-9.1893857627874764e-01,-1.2530166019324918e+01,1.4425407410458285e-06
2.9281432073933480e-04,-9.1893857550345270e-01,-1.2540166019324827e+01,1.4281872219562221e-06
2.9006995914687293e-04,-9.1893857470363005e-01,-1.2550166019324916e+01,1.4139765227912487e-06
-2.8952103518169181e-04,-9.1893857454455441e-01,-1.2560166019324921e+01,1.3999072215373850e-06
-2.8541097103604112e-04,-9.1893857336305063e-01,-1.2570166019324910e+01,1.3859779135849023e-06
-2.8152678102301909e-04,-9.1893857226200371e-01,-1.2580166019324832e+01,1.3721872044357005e-06
2.7861771355704222e-04,-9.1893857144725466e-01,-1.2590166019324927e+01,1.3585337147310353e-06
-2.7396845210685096e-04,-9.1893857016269587e-01,-1.2600166019324918e+01,1.3450160801398648e-06
-2.7153978231368405e-04,-9.1893856950026620e-01,-1.2610166019324918e+01,1.3316329474145450e-06
-2.6999985514289360e-04,-9.1893856908330041e-01,-1.2620166019324911e+01,1.3183829787524154e-06
2.6714985333303889e-04,-9.1893856831786158e-01,-1.2630166019324916e+01,1.3052648499306562e-06
-2.6477164661115569e-04,-9.1893856768535187e-01,-1.2640166019324916e+01,1.2922772484898563e-06
-2.5978346228940335e-04,-9.1893856637706306e-01,-1.2650166019324741e+01,1.2794188766992867e-06
-2.5807600233659325e-04,-9.1893856593495093e-01,-1.2660166019324919e+01,1.2666884467314698e-06
-2.5654105670487159e-04,-9.1893856553999631e-01,-1.2670166019324922e+01,1.2540846865937865e-06
-2.4512654622177053e-04,-9.1893856267685126e-01,-1.2680166019324925e+01,1.2416063390244499e-06
2.3495656326764453e-04,-9.1893856023563281e-01,-1.2690166019324916e+01,1.2292521525339544e-06
-2.3271712026553138e-04,-9.1893855971196847e-01,-1.2700166019324916e+01,1.2170208898893598e-06
-2.3230024436861818e-04,-9.1893855961504123e-01,-1.2710166019324921e+01,1.2049113298210074e-06
2.3224853607333075e-04,-9.1893855960303072e-01,-1.2720166019324909e+01,1.1929222617861194e-06
2.3215540489764140e-04,-9.1893855958140547e-01,-1.2730166019324743e+01,1.1810524869827651e-06
2.3134097054118636e-04,-9.1893855939266178e-01,-1.2740166019324914e+01,1.1693008186068286e-06
2.3074613658512322e-04,-9.1893855925522927e-01,-1.2750166019324929e+01,1.1576660812235382e-06
-2.2861868119372123e-04,-9.1893855876659014e-01,-1.2760166019324917e+01,1.1461471118124808e-06
2.2720090053490299e-04,-9.1893855844346406e-01,-1.2770166019324918e+01,1.1347427578686993e-06
2.2041618840185664e-04,-9.1893855692498749e-01,-1.2780166019324913e+01,1.1234518804819212e-06
2.1578102072756237e-04,-9.1893855591406393e-01,-1.2790166019324912e+01,1.1122733486207392e-06
2.1268385006538719e-04,-9.1893855525054946e-01,-1.2800166019324932e+01,1.1012060446162373e-06
-2.1151085259511065e-04,-9.1893855500175980e-01,-1.2810166019324729e+01,1.0902488616673500e-06
-2.1029481489453778e-04,-9.1893855474529407e-01,-1.2820166019324930e+01,1.0794007045155917e-06
-2.0844233524793250e-04,-9.1893855435744298e-01,-1.2830166019324908e+01,1.0686604884689010e-06
2.0567976602767842e-04,-9.1893855378542255e-01,-1.2840166019324926e+01,1.0580271395481351e-06
2.0565013273682504e-04,-9.1893855377932798e-01,-1.2850166019324920e+01,1.0474995936181289e-06
2.0522135459533300e-04,-9.1893855369124167e-01,-1.2860166019324923e+01,1.0370767986052981e-06
-2.0452446085386254e-04,-9.1893855354846699e-01,-1.2870166019324920e+01,1.0267577121908937e-06
-2.0233842380304191e-04,-9.1893855310375838e-01,-1.2880166019324902e+01,1.0165413027073522e-06
1.9981672052101393e-04,-9.1893855259670032e-01,-1.2890166019324923e+01,1.0064265482548734e-06
1.9954785862749680e-04,-9.1893855254301338e-01,-1.2900166019324743e+01,9.9641243683415964e-07
-1.9792063942961443e-04,-9.1893855221962917e-01,-1.2910166019324922e+01,9.8649796775210399e-07
1.9480002153373071e-04,-9.1893855160686366e-01,-1.2920166019324915e+01,9.7668214956534647e-07
-1.9292514132772642e-04,-9.1893855124339452e-01,-1.2930166019324918e+01,9.6696400015440974e-07
1.9267541509323811e-04,-9.1893855119524726e-01,-1.2940166019324920e+01,9.5734254764039671e-07
1.9110888592934242e-04,-9.1893855089464260e-01,-1.2950166019324909e+01,9.4781683041730763e-07
-1.8790647133421130e-04,-9.1893855028776050e-01,-1.2960166019324920e+01,9.3838589594879820e-07
1.8644088903390507e-04,-9.1893855001344205e-01,-1.2970166019324925e+01,9.2904880053152293e-07
1.8170827082945886e-04,-9.1893854914228734e-01,-1.2980166019324731e+01,9.1980461131256793e-07
-1.7941209190519019e-04,-9.1893854872768888e-01,-1.2990166019324924e+01,9.1065240288910629e-07
1.7849941880625079e-04,-9.1893854856436075e-01,-1.3000166019324919e+01,9.0159126023089941e-07
-1.7617006186803545e-04,-9.1893854815128484e-01,-1.3010166019324913e+01,8.9262027767002964e-07
-1.7132792702251526e-04,-9.1893854730996871e-01,-1.3020166019324918e+01,8.8373855825184821e-07
1.6937464724209021e-04,-9.1893854697722499e-01,-1.3030166019324922e+01,8.7494521296610130e-07
1.6923447942180140e-04,-9.1893854695349397e-01,-1.3040166019324923e+01,8.6623936265727387e-07
-1.6720788065137881e-04,-9.1893854661257712e-01,-1.3050166019324914e+01,8.5762013727820558e-07
1.6640674839917533e-04,-9.1893854647894246e-01,-1.3060166019324743e+01,8.4908667444583748e-07
1.6303243085127490e-04,-9.1893854592312618e-01,-1.3070166019324910e+01,8.4063812134083595e-07
-1.6027510336179897e-04,-9.1893854547739384e-01,-1.3080166019324921e+01,8.3227363264767021e-07
-1.5836805318374198e-04,-9.1893854517355955e-01,-1.3090166019324931e+01,8.2399237188698985e-07
-1.5817045227276607e-04,-9.1893854514228546e-01,-1.3100166019324909e+01,8.1579351082282808e-07
-1.5801422566772124e-04,-9.1893854511758721e-01,-1.3110166019324923e+01,8.0767622978372811e-07
1.5790503120413483e-04,-9.1893854510033890e-01,-1.3120166019324909e+01,7.9963971703433894e-07
1.5558205613343766e-04,-9.1893854473622760e-01,-1.3130166019324918e+01,7.9168316919733233e-07
-1.5312657116080394e-04,-9.1893854435721289e-01,-1.3140166019324919e+01,7.8380579034290705e-07
1.5196093529846016e-04,-9.1893854417940235e-01,-1.3150166019324745e+01,7.7600679255874722e-07
-1.5170617421679652e-04,-9.1893854414072107e-01,-1.3160166019324924e+01,7.6828539599059389e-07
-1.4887523178269918e-04,-9.1893854371525674e-01,-1.3170166019324922e+01,7.6064082889602814e-07
-1.4887114141436377e-04,-9.1893854371464789e-01,-1.3180166019324909e+01,7.5307232619181043e-07
-1.4683272272674651e-04,-9.1893854341326375e-01,-1.3190166019324922e+01,7.4557913157199755e-07
1.4557846650547167e-04,-9.1893854322988444e-01,-1.3200166019324922e+01,7.3816049539506827e-07
-1.4555768030703145e-04,-9.1893854322685864e-01,-1.3210166019324912e+01,7.3081567574830963e-07
-1.4494252507599604e-04,-9.1893854313750722e-01,-1.3220166019324923e+01,7.2354393834054152e-07
1.4449337587057819e-04,-9.1893854307250733e-01,-1.3230166019324736e+01,7.1634455591096792e-07
-1.4449170426188469e-04,-9.1893854307226575e-01,-1.3240166019324921e+01,7.0921680848681589e-07
1.4330532805739986e-04,-9.1893854290154797e-01,-1.3250166019324915e+01,7.0215998345436195e-07
1.4199607483632610e-04,-9.1893854271478215e-01,-1.3260166019324927e+01,6.9517337501413604e-07
1.4179072386520398e-04,-9.1893854268564412e-01,-1.3270166019324918e+01,6.8825628437965379e-07
1.4129233812517741e-04,-9.1893854261510188e-01,-1.3280166019324904e+01,6.8140801997497455e-07
-1.4021312483372675e-04,-9.1893854246319961e-01,-1.3290166019324918e+01,6.7462789699404096e-07
-1.3672591933143252e-04,-9.1893854198032798e-01,-1.3300166019324930e+01,6.6791523758401079e-07
1.3604053562151506e-04,-9.1893854188685309e-01,-1.3310166019324738e+01,6.6126936999052539e-07
-1.3603815017707076e-04,-9.1893854188652857e-01,-1.3320166019324915e+01,6.5468962982263228e-07
-1.3209980447235418e-04,-9.1893854135851860e-01,-1.3330166019324921e+01,6.4817535950544211e-07
1.3202357510297278e-04,-9.1893854134845165e-01,-1.3340166019324910e+01,6.4172590692513721e-07
-1.3195612290915748e-04,-9.1893854133954866e-01,-1.3350166019324929e+01,6.3534062746941038e-07
1.3123857747864121e-04,-9.1893854124512153e-01,-1.3360166019324907e+01,6.2901888265959104e-07
1.3016279844568391e-04,-9.1893854110451656e-01,-1.3370166019324918e+01,6.2276004028977271e-07
1.2745724451902166e-04,-9.1893854075601411e-01,-1.3380166019324925e+01,6.1656347456938382e-07
-1.2530995545844954e-04,-9.1893854048463197e-01,-1.3390166019324912e+01,6.1042856565889547e-07
1.2347317821719819e-04,-9.1893854025615229e-01,-1.3400166019324752e+01,6.0435470008451249e-07
-1.2082223512851814e-04,-9.1893853993234575e-01,-1.3410166019324905e+01,5.9834127053785560e-07
-1.1705818016017700e-04,-9.1893853948464821e-01,-1.3420166019324924e+01,5.9238767568646865e-07
-1.1635890186598513e-04,-9.1893853940303649e-01,-1.3430166019324915e+01,5.8649331987631406e-07
1.1494691993931471e-04,-9.1893853923973667e-01,-1.3440166019324923e+01,5.8065761393335903e-07
1.1492106098459664e-04,-9.1893853923676461e-01,-1.3450166019324927e+01,5.7487997414161722e-07
-1.1407301203917393e-04,-9.1893853913966550e-01,-1.3460166019324916e+01,5.6915982287990538e-07
1.1321303343244558e-04,-9.1893853904193490e-01,-1.3470166019324919e+01,5.6349658807402474e-07
-1.1120727844083531e-04,-9.1893853881686882e-01,-1.3480166019324729e+01,5.5788970346657996e-07
1.1119807567424603e-04,-9.1893853881584553e-01,-1.3490166019324928e+01,5.5233860816791546e-07
-1.1003896054831567e-04,-9.1893853868762587e-01,-1.3500166019324915e+01,5.4684274726001429e-07
1.0915304821538710e-04,-9.1893853859053343e-01,-1.3510166019324920e+01,5.4140157106427942e-07
-1.0695178623087297e-04,-9.1893853835268180e-01,-1.3520166019324925e+01,5.3601453555121689e-07
-1.0422732031525719e-04,-9.1893853806500658e-01,-1.3530166019324909e+01,5.3068110196229254e-07
-1.0320323608348485e-04,-9.1893853795879343e-01,-1.3540166019324916e+01,5.2540073682739407e-07
1.0265831709353724e-04,-9.1893853790270452e-01,-1.3550166019324925e+01,5.2017291217682311e-07
-1.0219817086945377e-04,-9.1893853785557256e-01,-1.3560166019324743e+01,5.1499710524585060e-07
1.0089943628723164e-04,-9.1893853772368761e-01,-1.3570166019324901e+01,5.0987279849712161e-07
9.6822209619377834e-05,-9.1893853732060959e-01,-1.3580166019324936e+01,5.0479947958875337e-07
-9.5820547031901738e-05,-9.1893853722412810e-01,-1.3590166019324911e+01,4.9977664089174340e-07
-9.5140116755394809e-05,-9.1893853715916041e-01,-1.3600166019324927e+01,4.9480378025872702e-07
9.2007573505709707e-05,-9.1893853686603622e-01,-1.3610166019324902e+01,4.8988040052722042e-07
-9.1325885430476860e-05,-9.1893853680354809e-01,-1.3620166019324929e+01,4.8500600912924505e-07
-8.8337809860775194e-05,-9.1893853653512381e-01,-1.3630166019324919e+01,4.8018011883465246e-07
-8.7723884406926383e-05,-9.1893853648107937e-01,-1.3640166019324914e+01,4.7540224684759954e-07
8.5219283242814089e-05,-9.1893853626450261e-01,-1.3650166019324736e+01,4.7067191555746730e-07
-8.5035479034595169e-05,-9.1893853624885580e-01,-1.3660166019324926e+01,4.6598865175527539e-07
-8.4934804379937492e-05,-9.1893853624029997e-01,-1.3670166019324917e+01,4.6135198720326043e-07
8.4865097441690508e-05,-9.1893853623438182e-01,-1.3680166019324920e+01,4.5676145823313826e-07
8.4178180996181536e-05,-9.1893853617632260e-01,-1.3690166019324918e+01,4.5221660581300279e-07
-8.3816915743486261e-05,-9.1893853614597720e-01,-1.3700166019324916e+01,4.4771697541736275e-07
8.3808589968211702e-05,-9.1893853614527932e-01,-1.3710166019324921e+01,4.4326211707894756e-07
8.3653151494761906e-05,-9.1893853613226439e-01,-1.3720166019324910e+01,4.3885158532703288e-07
-8.3329949742059630e-05,-9.1893853610527976e-01,-1.3730166019324745e+01,4.3448493910538401e-07
-8.2882503295702054e-05,-9.1893853606809417e-01,-1.3740166019324914e+01,4.3016174174372648e-07
-8.2826352286868876e-05,-9.1893853606344178e-01,-1.3750166019324926e+01,4.2588156090060507e-07
8.2197199113401344e-05,-9.1893853601152919e-01,-1.3760166019324920e+01,4.2164396858837106e-07
-8.1277827600390170e-05,-9.1893853593638208e-01,-1.3770166019324913e+01,4.1744854103362924e-07
8.0256966230169184e-05,-9.1893853585392982e-01,-1.3780166019324914e+01,4.1329485868325421e-07
-7.9747120406180530e-05,-9.1893853581314111e-01,-1.3790166019324918e+01,4.0918250614543042e-07
-7.9065866717817012e-05,-9.1893853575904516e-01,-1.3800166019324918e+01,4.0511107220426605e-07
7.8155295438892737e-05,-9.1893853568746453e-01,-1.3810166019324740e+01,4.0108014971456149e-07
7.7268949783788475e-05,-9.1893853561858474e-01,-1.3820166019324924e+01,3.9708933557227128e-07
7.7118751538412478e-05,-9.1893853560699035e-01,-1.3830166019324921e+01,3.9313823067145442e-07
-7.7079675512449605e-05,-9.1893853560397765e-01,-1.3840166019324919e+01,3.8922643991788895e-07
7.7069217420186798e-05,-9.1893853560317162e-01,-1.3850166019324917e+01,3.8535357213179799e-07
7.7021800440542197e-05,-9.1893853559951832e-01,-1.3860166019324911e+01,3.8151924002513018e-07
7.6910628868053220e-05,-9.1893853559096184e-01,-1.3870166019324918e+01,3.7772306016221852e-07
7.6858181512354641e-05,-9.1893853558692951e-01,-1.3880166019324918e+01,3.7396465291833950e-07
7.6390254051567969e-05,-9.1893853555107496e-01,-1.3890166019324917e+01,3.7024364246314278e-07
-7.4611436842999526e-05,-9.1893853541677273e-01,-1.3900166019324743e+01,3.6655965671661432e-07
-7.4340668009756827e-05,-9.1893853539660697e-01,-1.3910166019324919e+01,3.6291232719869057e-07
7.3069293277566879e-05,-9.1893853530290026e-01,-1.3920166019324922e+01,3.5930128924225556e-07
7.2631942326263329e-05,-9.1893853527103897e-01,-1.3930166019324913e+01,3.5572618169149376e-07
-7.2078733915547350e-05,-9.1893853523101143e-01,-1.3940166019324923e+01,3.5218664705798294e-07
-7.1801206412879044e-05,-9.1893853521104607e-01,-1.3950166019324920e+01,3.4868233137539612e-07
7.0627186016362320e-05,-9.1893853512743917e-01,-1.3960166019324918e+01,3.4521288423834579e-07
7.0331436186006125e-05,-9.1893853510659496e-01,-1.3970166019324919e+01,3.4177795865536907e-07
-6.9638272268215907e-05,-9.1893853505808398e-01,-1.3980166019324733e+01,3.3837721116235624e-07
6.9632218692856603e-05,-9.1893853505766243e-01,-1.3990166019324926e+01,3.3501030165587414e-07
6.8825856835751133e-05,-9.1893853500183875e-01,-1.4000166019324912e+01,3.3167689347717709e-07
-6.7744473147289408e-05,-9.1893853492799626e-01,-1.4010166019324926e+01,3.2837665326976349e-07
6.7712765213260315e-05,-9.1893853492584876e-01,-1.4020166019324920e+01,3.2510925097753755e-07
-6.7641727744532617e-05,-9.1893853492104116e-01,-1.4030166019324911e+01,3.2187435988217771e-07
-6.7368507254793761e-05,-9.1893853490259736e-01,-1.4040166019324918e+01,3.1867165649534530e-07
6.6714805226352879e-05,-9.1893853485877208e-01,-1.4050166019324914e+01,3.1550082054761701e-07
6.6508217366365366e-05,-9.1893853484501098e-01,-1.4060166019324750e+01,3.1236153493524341e-07
-6.6452397847601563e-05,-9.1893853484130006e-01,-1.4070166019324919e+01,3.0925348573336815e-07
6.6348535262898196e-05,-9.1893853483440358e-01,-1.4080166019324917e+01,3.0617636213878438e-07
-6.6082548590330791e-05,-9.1893853481679111e-01,-1.4090166019324920e+01,3.0312985643876640e-07
-6.3935259090193598e-05,-9.1893853467719810e-01,-1.4100166019324924e+01,3.0011366401350272e-07
-6.1384739541532499e-05,-9.1893853451738261e-01,-1.4110166019324916e+01,2.9712748320990974e-07
6.1256069859341915e-05,-9.1893853450949248e-01,-1.4120166019324907e+01,2.9417101535660370e-07
6.1240849910619249e-05,-9.1893853450856033e-01,-1.4130166019324923e+01,2.9124396484789595e-07
-6.1074537950278946e-05,-9.1893853449838903e-01,-1.4140166019324921e+01,2.8834603898104138e-07
-5.9414273535350929e-05,-9.1893853439836737e-01,-1.4150166019324743e+01,2.8547694798401573e-07
-5.8914263451047889e-05,-9.1893853436878470e-01,-1.4160166019324903e+01,2.8263640489911089e-07
-5.8220833254773870e-05,-9.1893853432817219e-01,-1.4170166019324935e+01,2.7982412569318287e-07
5.6252409124233884e-05,-9.1893853421550620e-01,-1.4180166019324920e+01,2.7703982915275881e-07
-5.6232703333381254e-05,-9.1893853421439797e-01,-1.4190166019324900e+01,2.7428323679489619e-07
5.4175107974012573e-05,-9.1893853410081061e-01,-1.4200166019324929e+01,2.7155407301980815e-07
-5.4066831615317673e-05,-9.1893853409495063e-01,-1.4210166019324907e+01,2.6885206484875179e-07
2.6744297974990710e-05,-9.1893853299096817e-01,-inf,0.0000000000000000e+00
1.8215826521405327e-05,-9.1893853279924764e-01,-inf,0.0000000000000000e+00
-3.7425681543724819e-05,-9.1893853333368025e-01,-inf,0.0000000000000000e+00
-4.6846253370057931e-05,-9.1893853373062517e-01,-inf,0.0000000000000000e+00
7.2068145576637701e-06,-9.1893853265930858e-01,-inf,0.0000000000000000e+00
1.6554888554657754e-06,-9.1893853263470981e-01,-inf,0.0000000000000000e+00
1.3439344358465996e-05,-9.1893853272364745e-01,-inf,0.0000000000000000e+00
-2.3837624811080555e-05,-9.1893853291745564e-01,-inf,0.0000000000000000e+00
-4.7622464785138449e-05,-9.1893853376728907e-01,-inf,0.0000000000000000e+00
-4.6626881298355518e-05,-9.1893853372037249e-01,-inf,0.0000000000000000e+00
3.6050901226353265e-05,-9.1893853328317321e-01,-inf,0.0000000000000000e+00
-2.7480809350222260e-05,-9.1893853301093686e-01,-inf,0.0000000000000000e+00
-6.7331211805683516e-06,-9.1893853265600689e-01,-inf,0.0000000000000000e+00
1.2225448081127540e-05,-9.1893853270807024e-01,-inf,0.0000000000000000e+00
9.4600651944511569e-06,-9.1893853267808590e-01,-inf,0.0000000000000000e+00
2.4271076747256186e-05,-9.1893853292788208e-01,-inf,0.0000000000000000e+00
3.0872022495693932e-05,-9.1893853310988038e-01,-inf,0.0000000000000000e+00
1.8382069452854412e-05,-9.1893853280228965e-01,-inf,0.0000000000000000e+00
1.1195432056701645e-05,-9.1893853269600834e-01,-inf,0.0000000000000000e+00
2.2463621429038021e-05,-9.1893853288564664e-01,-inf,0.0000000000000000e+00
3.3811337989126926e-05,-9.1893853320494279e-01,-inf,0.0000000000000000e+00
2.4801382987135260e-05,-9.1893853294089378e-01,-inf,0.0000000000000000e+00
-9.1919697234051729e-06,-9.1893853267558567e-01,-inf,0.0000000000000000e+00
-2.4698837688043375e-05,-9.1893853293835581e-01,-inf,0.0000000000000000e+00
-1.5872705191495262e-05,-9.1893853275931081e-01,-inf,0.0000000000000000e+00
4.8086271547581072e-05,-9.1893853378948420e-01,-inf,0.0000000000000000e+00
3.8546489820490320e-05,-9.1893853337625542e-01,-inf,0.0000000000000000e+00
-1.1836152322971825e-05,-9.1893853270338677e-01,-inf,0.0000000000000000e+00
1.5764115333847690e-05,-9.1893853275759318e-01,-inf,0.0000000000000000e+00
-2.6086918357177800e-05,-9.1893853297360317e-01,-inf,0.0000000000000000e+00
4.4921937539350149e-05,-9.1893853364232969e-01,-inf,0.0000000000000000e+00
3.0960245930353571e-06,-9.1893853263813219e-01,-inf,0.0000000000000000e+00
-3.4233149181962298e-05,-9.1893853321929375e-01,-inf,0.0000000000000000e+00
5.3222493994479694e-05,-9.1893853404965642e-01,-inf,0.0000000000000000e+00
2.2441729106009980e-05,-9.1893853288515503e-01,-inf,0.0000000000000000e+00
4.5804259963636647e-05,-9.1893853368235456e-01,-inf,0.0000000000000000e+00
-3.4606159664684388e-05,-9.1893853323213259e-01,-inf,0.0000000000000000e+00
3.4595706548407214e-05,-9.1893853323177088e-01,-inf,0.0000000000000000e+00
-2.6513946422365674e-05,-9.1893853298483419e-01,-inf,0.0000000000000000e+00
-3.6946566556370010e-05,-9.1893853331586384e-01,-inf,0.0000000000000000e+00
-2.5912214407021941e-05,-9.1893853296906092e-01,-inf,0.0000000000000000e+00
9.6460526079452257e-06,-9.1893853267986259e-01,-inf,0.0000000000000000e+00
-2.0172540800018641e-05,-9.1893853283680516e-01,-inf,0.0000000000000000e+00
-1.5696687563573713e-05,-9.1893853275653248e-01,-inf,0.0000000000000000e+00
-5.2652102787829297e-06,-9.1893853264720071e-01,-inf,0.0000000000000000e+00
4.6547763357692948e-05,-9.1893853371668666e-01,-inf,0.0000000000000000e+00
-1.3714391462958469e-05,-9.1893853272738169e-01,-inf,0.0000000000000000e+00
-2.5776892098048026e-05,-9.1893853296556360e-01,-inf,0.0000000000000000e+00
-1.9367544386659503e-05,-9.1893853282089033e-01,-inf,0.0000000000000000e+00
2.2636345331512705e-05,-9.1893853288954153e-01,-inf,0.0000000000000000e+00
-4.9968141886956076e-06,-9.1893853264582359e-01,-inf,0.0000000000000000e+00
4.6238542715260143e-05,-9.1893853370234091e-01,-inf,0.0000000000000000e+00
-1.9589024567855615e-05,-9.1893853282520443e-01,-inf,0.0000000000000000e+00
4.7318112329466370e-05,-9.1893853375284129e-01,-inf,0.0000000000000000e+00
3.7621572390164642e-05,-9.1893853334103082e-01,-inf,0.0000000000000000e+00
2.9312768781995292e-05,-9.1893853306295870e-01,-inf,0.0000000000000000e+00
2.0320864972529015e-05,-9.1893853283980820e-01,-inf,0.0000000000000000e+00
-9.6775462040536786e-06,-9.1893853268016690e-01,-inf,0.0000000000000000e+00
-4.2163839471640594e-05,-9.1893853352223409e-01,-inf,0.0000000000000000e+00
8.8217229105486589e-06,-9.1893853267225090e-01,-inf,0.0000000000000000e+00
9.9065382994904415e-06,-9.1893853268240921e-01,-inf,0.0000000000000000e+00
-2.5424096338144611e-05,-9.1893853295653183e-01,-inf,0.0000000000000000e+00
1.5165672447175535e-05,-9.1893853274833825e-01,-inf,0.0000000000000000e+00
-3.4387813081936165e-05,-9.1893853322460028e-01,-inf,0.0000000000000000e+00
3.1857085873457207e-05,-9.1893853314077645e-01,-inf,0.0000000000000000e+00
2.5700034117174609e-05,-9.1893853296358530e-01,-inf,0.0000000000000000e+00
-3.0098308715576684e-05,-9.1893853308629359e-01,-inf,0.0000000000000000e+00
2.6707546730224529e-05,-9.1893853298998596e-01,-inf,0.0000000000000000e+00
-5.3919870872845439e-05,-9.1893853408701576e-01,-inf,0.0000000000000000e+00
4.9623479699683888e-05,-9.1893853386458435e-01,-inf,0.0000000000000000e+00
-5.2903916167853365e-05,-9.1893853403275161e-01,-inf,0.0000000000000000e+00
3.2100596111916293e-05,-9.1893853314856355e-01,-inf,0.0000000000000000e+00
-3.6577656049068151e-05,-9.1893853330230191e-01,-inf,0.0000000000000000e+00
-4.3219873069312844e-05,-9.1893853356731814e-01,-inf,0.0000000000000000e+00
-4.1137577044907574e-05,-9.1893853347948962e-01,-inf,0.0000000000000000e+00
2.6795070999487814e-05,-9.1893853299232742e-01,-inf,0.0000000000000000e+00
-4.4158133987199665e-05,-9.1893853360830990e-01,-inf,0.0000000000000000e+00
4.1335342283920428e-06,-9.1893853264188252e-01,-inf,0.0000000000000000e+00
4.3511868241427279e-05,-9.1893853357998079e-01,-inf,0.0000000000000000e+00
-3.5128579422789364e-05,-9.1893853325034802e-01,-inf,0.0000000000000000e+00
2.5338648900465825e-06,-9.1893853263654968e-01,-inf,0.0000000000000000e+00
4.7126962839494070e-05,-9.1893853374381473e-01,-inf,0.0000000000000000e+00
-1.2714610961332409e-05,-9.1893853271417014e-01,-inf,0.0000000000000000e+00
1.4349319587668376e-05,-9.1893853273629100e-01,-inf,0.0000000000000000e+00
3.9912031841602942e-05,-9.1893853342982457e-01,-inf,0.0000000000000000e+00
-1.0656117523000122e-06,-9.1893853263390723e-01,-inf,0.0000000000000000e+00
-7.3138928099011431e-06,-9.1893853266008596e-01,-inf,0.0000000000000000e+00
-1.7983424336054908e-05,-9.1893853279504123e-01,-inf,0.0000000000000000e+00
-5.3359196816133922e-05,-9.1893853405694137e-01,-inf,0.0000000000000000e+00
-5.0080559082744193e-06,-9.1893853264587977e-01,-inf,0.0000000000000000e+00
-3.0415351521312217e-05,-9.1893853309588625e-01,-inf,0.0000000000000000e+00
-5.3500179910036175e-05,-9.1893853406447412e-01,-inf,0.0000000000000000e+00
-9.8604719020218372e-06,-9.1893853268195391e-01,-inf,0.0000000000000000e+00
-2.3320250895748700e-05,-9.1893853290525651e-01,-inf,0.0000000000000000e+00
3.8119503841259382e-06,-9.1893853264060499e-01,-inf,0.0000000000000000e+00
2.3122652305340721e-05,-9.1893853290066796e-01,-inf,0.0000000000000000e+00
-2.4274500966735988e-05,-9.1893853292796512e-01,-inf,0.0000000000000000e+00
4.2160529520669787e-05,-9.1893853352209454e-01,-inf,0.0000000000000000e+00
5.2294144480205846e-05,-9.1893853400067826e-01,-inf,0.0000000000000000e+00
-2.5696238767921473e-05,-9.1893853296348782e-01,-inf,0.0000000000000000e+00
