cmpt_0,logl,logv,weight
-4.0424937119304882e+00,-9.0898162381321068e+00,-4.6101660193249021e+00,1.1224662804639065e-06
2.0277795271665662e+00,-2.9748834380312710e+00,-4.6201660193248868e+00,5.0293508223525521e-04
1.9063894778120867e+00,-2.7360989531896598e+00,-4.6301660193248999e+00,6.3222515299979527e-04
1.7904297442709063e+00,-2.5217578672183310e+00,-4.6401660193248961e+00,7.7556102556883668e-04
1.7859280134317639e+00,-2.5137079672135028e+00,-4.6501660193249013e+00,7.7405007774511837e-04
-1.7797946496464907e+00,-2.5027730300884770e+00,-4.6601660193248975e+00,7.7477410430635001e-04
-1.6980662151807586e+00,-2.3606529682024924e+00,-4.6701660193249008e+00,8.8420732920373342e-04
-1.5713807815699299e+00,-2.1535573129770014e+00,-4.6801660193248891e+00,1.0768412064484181e-03
-1.5557826144561089e+00,-2.1291683043552823e+00,-4.6901660193248995e+00,1.0924478969834004e-03
-1.5251096351642213e+00,-2.0819182322687118e+00,-4.7001660193248913e+00,1.1339090818869534e-03
-1.5112901133851615e+00,-2.0609374360412067e+00,-4.7101660193249000e+00,1.1464289195476948e-03
-1.4875093692742232e+00,-2.0252805944726378e+00,-4.7201660193248962e+00,1.1762232444597878e-03
-1.4825154522288189e+00,-2.0178645656819492e+00,-4.7301660193248987e+00,1.1731878408470749e-03
-1.4717888330600042e+00,-2.0020197171934040e+00,-4.7401660193249038e+00,1.1800650244953199e-03
-1.4640028803370289e+00,-1.9905907494508979e+00,-4.7501660193248929e+00,1.1817525047396684e-03
1.4389206678810949e+00,-1.9541848768610275e+00,-4.7601660193248980e+00,1.2133733616366087e-03
-1.4305016085534412e+00,-1.9421059586703309e+00,-4.7701660193248987e+00,1.2158984894478453e-03
1.4183856574108518e+00,-1.9248474692077466e+00,-4.7801660193248923e+00,1.2247561836717467e-03
1.3873557811324186e+00,-1.8813165643541112e+00,-4.7901660193248956e+00,1.2665196370365746e-03
1.3321640270804218e+00,-1.8062690301569029e+00,-4.8001660193248954e+00,1.3516421079188918e-03
-1.2945523203095719e+00,-1.7568713876427877e+00,-4.8101660193248987e+00,1.4059565252202779e-03
1.2937044225531045e+00,-1.7557740991000701e+00,-4.8201660193249003e+00,1.3934952518202981e-03
-1.2864483497313415e+00,-1.7464132108965855e+00,-4.8301660193249010e+00,1.3926049371020947e-03
1.2831311775233021e+00,-1.7421513419995074e+00,-4.8401660193248999e+00,1.3846368701679152e-03
-1.2780750541709389e+00,-1.7356764546803638e+00,-4.8501660193248908e+00,1.3797644621177682e-03
1.2705312492562761e+00,-1.7260633603016964e+00,-4.8601660193248915e+00,1.3792307267505241e-03
1.2523153567051364e+00,-1.7030854089530960e+00,-4.8701660193248957e+00,1.3972469701176247e-03
-1.2443892745437422e+00,-1.6931908659330899e+00,-4.8801660193249008e+00,1.3970996284410836e-03
-1.1919547670488657e+00,-1.6293166159785972e+00,-4.8901660193249050e+00,1.4744317239816155e-03
1.1612277918373115e+00,-1.5931635249010188e+00,-4.9001660193248906e+00,1.5135013398667135e-03
1.1540453760336513e+00,-1.5848488976056654e+00,-4.9101660193248922e+00,1.5109526743489891e-03
-1.1516073981266961e+00,-1.5820383323434088e+00,-4.9201660193249026e+00,1.5001287343323522e-03
1.1266944916989587e+00,-1.5536587714457268e+00,-4.9301660193248953e+00,1.5279553791813835e-03
-1.1234113618692856e+00,-1.5499650766218409e+00,-4.9401660193248880e+00,1.5183499454964504e-03
1.1227498625499766e+00,-1.5492221595613351e+00,-4.9501660193249064e+00,1.5043593102639777e-03
-1.1094619021013643e+00,-1.5343913887405281e+00,-4.9601660193248920e+00,1.5116441067484726e-03
-1.0901697785211060e+00,-1.5131736056337179e+00,-4.9701660193249033e+00,1.5286968707522617e-03
-1.0792464033319766e+00,-1.5013249321858433e+00,-4.9801660193248907e+00,1.5315255459098119e-03
1.0665263371914759e+00,-1.4876777465948723e+00,-4.9901660193248940e+00,1.5371215023558126e-03
-1.0553095229653531e+00,-1.4757776272640200e+00,-5.0001660193249080e+00,1.5400449932474710e-03
-1.0525622564690620e+00,-1.4728821845049613e+00,-5.0101660193248980e+00,1.5291424302394409e-03
1.0489212167373845e+00,-1.4690563920942570e+00,-5.0201660193248872e+00,1.5197302736458195e-03
1.0442177099854195e+00,-1.4641338455569364e+00,-5.0301660193248994e+00,1.5120334705210124e-03
1.0355654896464386e+00,-1.4551364743066735e+00,-5.0401660193249072e+00,1.5105182220356735e-03
1.0353958461205373e+00,-1.4549608117151711e+00,-5.0501660193248954e+00,1.4957510390291803e-03
1.0348531386189970e+00,-1.4543990418881338e+00,-5.0601660193248881e+00,1.4817002082330411e-03
-1.0074583123644758e+00,-1.4264246582094784e+00,-5.0701660193248976e+00,1.5085736495295723e-03
-1.0052254210340035e+00,-1.4241776061798341e+00,-5.0801660193248974e+00,1.4969229783972254e-03
-9.6991248208281911e-01,-1.3893036440833670e+00,-5.0901660193249070e+00,1.5346243309880443e-03
9.6188536003419922e-01,-1.3815502555574000e+00,-5.1001660193248899e+00,1.5311804962855162e-03
-9.5524995361462661e-01,-1.3751897695737125e+00,-5.1101660193248888e+00,1.5256178721722328e-03
-9.4577407848609674e-01,-1.3661828364014523e+00,-5.1201660193249117e+00,1.5241035836908137e-03
9.4277445474418164e-01,-1.3633503688924340e+00,-5.1301660193248875e+00,1.5132185776523996e-03
-9.4256301686175337e-01,-1.3631510530111044e+00,-5.1401660193248944e+00,1.4984604384312664e-03
-9.3677586534522739e-01,-1.3577130435799893e+00,-5.1501660193248933e+00,1.4916400451568885e-03
9.3611895705530634e-01,-1.3570978835124967e+00,-5.1601660193249019e+00,1.4777067253490899e-03
9.3207508193362409e-01,-1.3533205118141254e+00,-5.1701660193248982e+00,1.4685400556262663e-03
9.2657511803829062e-01,-1.3482092573171756e+00,-5.1801660193248997e+00,1.4613782574015143e-03
-9.2113591191776956e-01,-1.3431842167456298e+00,-5.1901660193249066e+00,1.4541260146259719e-03
-9.2067300920528872e-01,-1.3427579275729002e+00,-5.2001660193248975e+00,1.4402710601433256e-03
9.1666516907627049e-01,-1.3390760487321534e+00,-5.2101660193248884e+00,1.4311999394784496e-03
-8.8313788869506693e-01,-1.3089047978577297e+00,-5.2201660193248891e+00,1.4603621629868144e-03
8.7029077443882907e-01,-1.2976415486700079e+00,-5.2301660193248987e+00,1.4622081300156664e-03
8.6824085182387056e-01,-1.2958596210212596e+00,-5.2401660193248967e+00,1.4502408391940703e-03
-8.5797875906640575e-01,-1.2870023081379043e+00,-5.2501660193248982e+00,1.4485846141248284e-03
8.5601117539787230e-01,-1.2853160988363630e+00,-5.2601660193248856e+00,1.4365913088294853e-03
8.5510892371593605e-01,-1.2845441683426526e+00,-5.2701660193249014e+00,1.4233953247529448e-03
8.3586790770898056e-01,-1.2682761122022339e+00,-5.2801660193248923e+00,1.4323452666250888e-03
8.2941313934091587e-01,-1.2629016104890163e+00,-5.2901660193249151e+00,1.4257352551318451e-03
8.2514707458999359e-01,-1.2593723799855516e+00,-5.3001660193248936e+00,1.4165394350353058e-03
8.1272383156973327e-01,-1.2491985458340336e+00,-5.3101660193248952e+00,1.4167856993700398e-03
8.0975314701653889e-01,-1.2467886121849336e+00,-5.3201660193249030e+00,1.4060729087321529e-03
-8.0867697466988930e-01,-1.2459177573139619e+00,-5.3301660193248930e+00,1.3932950791599324e-03
7.9987919759972559e-01,-1.2388418980097300e+00,-5.3401660193248937e+00,1.3892268392694828e-03
-7.9935888508227304e-01,-1.2384258462133269e+00,-5.3501660193248943e+00,1.3759761595380140e-03
7.9419937627714077e-01,-1.2343148572728393e+00,-5.3601660193249012e+00,1.3678968336860494e-03
-7.8437229503247474e-01,-1.2265584812405952e+00,-5.3701660193248957e+00,1.3648312278838912e-03
-7.7554319763868662e-01,-1.2196721583351589e+00,-5.3801660193248910e+00,1.3605881932995012e-03
-7.7495545773542529e-01,-1.2192165133703008e+00,-5.3901660193249050e+00,1.3476640310327026e-03
-7.6566115782600630e-01,-1.2120570369350698e+00,-5.4001660193248888e+00,1.3438413913145538e-03
7.6054791629507901e-01,-1.2081550991237326e+00,-5.4101660193248966e+00,1.3356714985131638e-03
-7.3740923647724599e-01,-1.1908247236543170e+00,-5.4201660193249124e+00,1.3454984457036301e-03
7.3628859035216332e-01,-1.1899989767747274e+00,-5.4301660193248917e+00,1.3332109528576936e-03
-7.2826565835656476e-01,-1.1841239672040997e+00,-5.4401660193249004e+00,1.3277227975129410e-03
7.1719776491163112e-01,-1.1761248496304590e+00,-5.4501660193248966e+00,1.3250688363179177e-03
7.1710126856233858e-01,-1.1760556473201971e+00,-5.4601660193248893e+00,1.3119749696602484e-03
-6.9538260874865854e-01,-1.1607170189083844e+00,-5.4701660193248998e+00,1.3189978460927967e-03
-6.9173448184427277e-01,-1.1581868293195217e+00,-5.4801660193248960e+00,1.3091818895595176e-03
6.8150532167336686e-01,-1.1511632843678992e+00,-5.4901660193248976e+00,1.3052909619731899e-03
-6.7987569231510669e-01,-1.1500540111338122e+00,-5.5001660193248920e+00,1.2937374125101190e-03
-6.7732086522423762e-01,-1.1483203098673944e+00,-5.5101660193248962e+00,1.2830870726671158e-03
6.6759811249311563e-01,-1.1417821525355247e+00,-5.5201660193248889e+00,1.2786529067128731e-03
6.6458828159392636e-01,-1.1397773246493235e+00,-5.5301660193248949e+00,1.2684706154753361e-03
6.4731923106734335e-01,-1.1284496260881478e+00,-5.5401660193249169e+00,1.2701558806008464e-03
6.4293397226657645e-01,-1.1256205789805789e+00,-5.5501660193248945e+00,1.2610802320302864e-03
-6.3193908811272914e-01,-1.1186120381757132e+00,-5.5601660193249005e+00,1.2573133989471628e-03
-6.2946288055322319e-01,-1.1170502916305201e+00,-5.5701660193248888e+00,1.2467485071207924e-03
-6.2414039591390158e-01,-1.1137141495391203e+00,-5.5801660193249027e+00,1.2384679730156891e-03
-6.1005319734193608e-01,-1.1050209844268990e+00,-5.5901660193248945e+00,1.2368505569392322e-03
6.0090243774366048e-01,-1.0994804024764764e+00,-5.6001660193248943e+00,1.2313472032385601e-03
-5.9710400237526029e-01,-1.0972051274596168e+00,-5.6101660193248959e+00,1.2218720284109823e-03
5.8971697464418604e-01,-1.0928215877250853e+00,-5.6201660193248966e+00,1.2150286684328832e-03
5.8709283560854875e-01,-1.0912775314447827e+00,-5.6301660193248981e+00,1.2047977713015329e-03
-5.8196315486555716e-01,-1.0882790894438756e+00,-5.6401660193248970e+00,1.1963917717151627e-03
-5.8142988555003383e-01,-1.0879688885387022e+00,-5.6501660193248862e+00,1.1848549607666068e-03
5.6612044819579155e-01,-1.0791847135660415e+00,-5.6601660193248939e+00,1.1834152598410900e-03
5.6588618477488750e-01,-1.0790521196928786e+00,-5.6701660193248991e+00,1.1717954438580575e-03
-5.5362978670066576e-01,-1.0721915029944518e+00,-5.6801660193248944e+00,1.1681224972190584e-03
-5.5065477868377255e-01,-1.0705488752769767e+00,-5.6901660193249093e+00,1.1584007433813549e-03
5.4969707680787117e-01,-1.0700219707588987e+00,-5.7001660193248957e+00,1.1474789159664821e-03
-5.4439816912605399e-01,-1.0671232159072392e+00,-5.7101660193248964e+00,1.1393592508691364e-03
-5.2762138428373395e-01,-1.0581306952100813e+00,-5.7201660193248935e+00,1.1382119480443571e-03
5.2398747452511474e-01,-1.0562199693629433e+00,-5.7301660193249049e+00,1.1290417795611408e-03
5.2065955131152486e-01,-1.0544817168192986e+00,-5.7401660193248940e+00,1.1197523478188715e-03
5.1694978542225767e-01,-1.0525570729573985e+00,-5.7501660193249133e+00,1.1107463610400587e-03
5.1560950894712754e-01,-1.0518651154916885e+00,-5.7601660193248856e+00,1.1004554550619397e-03
-5.0624581717714934e-01,-1.0470809463380193e+00,-5.7701660193248978e+00,1.0947306084488249e-03
5.0613110406936590e-01,-1.0470228798865771e+00,-5.7801660193248940e+00,1.0839007933404084e-03
4.9796663669129254e-01,-1.0429239182621584e+00,-5.7901660193249018e+00,1.0775234880312579e-03
-4.9759927809350024e-01,-1.0427410534129258e+00,-5.8001660193249007e+00,1.0669970486017304e-03
4.9416230277100570e-01,-1.0410367233733111e+00,-5.8101660193248863e+00,1.0581822063007785e-03
-4.9304414817284037e-01,-1.0404847986570804e+00,-5.8201660193248959e+00,1.0482315026718203e-03
4.8686563519523118e-01,-1.0374576060003675e+00,-5.8301660193249027e+00,1.0409478097573352e-03
-4.8672022758196370e-01,-1.0373868226020588e+00,-5.8401660193248812e+00,1.0306631572507151e-03
4.8535945993284002e-01,-1.0367254353064885e+00,-5.8501660193249023e+00,1.0210829955298575e-03
4.8287225861205307e-01,-1.0355213417018923e+00,-5.8601660193249074e+00,1.0121410290809118e-03
4.8225915899026334e-01,-1.0352254808483374e+00,-5.8701660193248939e+00,1.0023665747365851e-03
-4.7624120891772542e-01,-1.0323413771690477e+00,-5.8801660193248937e+00,9.9525915593396937e-04
-4.7101154069709472e-01,-1.0298644683682650e+00,-5.8901660193248944e+00,9.8779982433419805e-04
-4.6374972379609114e-01,-1.0264704357938148e+00,-5.9001660193248942e+00,9.8129595669230771e-04
-4.6185710333788771e-01,-1.0255945245851716e+00,-5.9101660193248859e+00,9.7238324726006198e-04
4.5880282552134355e-01,-1.0241885489865237e+00,-5.9201660193248999e+00,9.6406236803821179e-04
-4.5386246699484334e-01,-1.0219341021066621e+00,-5.9301660193249086e+00,9.5662401601853610e-04
-4.5198234007291554e-01,-1.0210825505022338e+00,-5.9401660193248942e+00,9.4791230067302931e-04
4.5058266982465239e-01,-1.0204509038064953e+00,-5.9501660193249002e+00,9.3907339099943694e-04
4.4835996402985412e-01,-1.0194518613057655e+00,-5.9601660193248973e+00,9.3065875800611231e-04
-4.3968861271044024e-01,-1.0156015707069552e+00,-5.9701660193248847e+00,9.2495303933060556e-04
4.3449329479133997e-01,-1.0133307442426567e+00,-5.9801660193249111e+00,9.1783147413739550e-04
4.3418588234901029e-01,-1.0131972228489339e+00,-5.9901660193249064e+00,9.0882023722335800e-04
-4.3368418337137249e-01,-1.0129795180865866e+00,-6.0001660193248911e+00,8.9997323190371768e-04
4.3269144508781476e-01,-1.0125494759594302e+00,-6.0101660193249042e+00,8.9140160645354320e-04
-4.2788065043530998e-01,-1.0104794581418115e+00,-6.0201660193248863e+00,8.8436076138171901e-04
-4.2732285409187909e-01,-1.0102409434479542e+00,-6.0301660193249038e+00,8.7577008390472030e-04
4.2397608130446873e-01,-1.0088163913924861e+00,-6.0401660193248912e+00,8.6829207261374022e-04
4.2243974444676197e-01,-1.0081662014774622e+00,-6.0501660193248936e+00,8.6021154121934814e-04
4.2027108042717776e-01,-1.0072524231550530e+00,-6.0601660193249005e+00,8.5243087044649098e-04
-4.1649433285084625e-01,-1.0056722972817753e+00,-6.0701660193248959e+00,8.4528364142471722e-04
4.1470495227598259e-01,-1.0049286313544519e+00,-6.0801660193248939e+00,8.3749551401504391e-04
-4.1123096662366487e-01,-1.0034939865884565e+00,-6.0901660193248954e+00,8.3035270146355708e-04
4.1029538160585055e-01,-1.0031096827168848e+00,-6.1001660193248943e+00,8.2240654733470135e-04
4.0933783534137685e-01,-1.0027172643543216e+00,-6.1101660193249021e+00,8.1454304440224028e-04
-4.0497207589469608e-01,-1.0009397237605693e+00,-6.1201660193248895e+00,8.0787295712564150e-04
-4.0340821059770426e-01,-1.0003076248221603e+00,-6.1301660193249070e+00,8.0034022124297801e-04
4.0027484952929798e-01,-9.9904851021619057e-01,-6.1401660193248890e+00,7.9337502443322164e-04
3.9775937695705943e-01,-9.9804479361197351e-01,-6.1501660193248942e+00,7.8626960697074811e-04
-3.9595410140632914e-01,-9.9732835784358631e-01,-6.1601660193248957e+00,7.7900400011687930e-04
3.8948476957478656e-01,-9.9478772549870176e-01,-6.1701660193249035e+00,7.7321474182211246e-04
3.8919981375582557e-01,-9.9467678014712413e-01,-6.1801660193248864e+00,7.6560606231545613e-04
3.8648097493716149e-01,-9.9362230462752887e-01,-6.1901660193249004e+00,7.5878785622478305e-04
-3.8511427046179492e-01,-9.9309503328999971e-01,-6.2001660193248940e+00,7.5163400150712000e-04
3.8267899777655540e-01,-9.9216014030297395e-01,-6.2101660193249044e+00,7.4485114894005098e-04
3.7607961879181756e-01,-9.8965647246863886e-01,-6.2201660193248891e+00,7.3928837356958786e-04
3.7393113720715770e-01,-9.8885078031985851e-01,-6.2301660193249182e+00,7.3252228110507649e-04
-3.7324071182844054e-01,-9.8859284711644002e-01,-6.2401660193248949e+00,7.2542064856849530e-04
-3.7098029869795263e-01,-9.8775172364435049e-01,-6.2501660193249009e+00,7.1880694370308074e-04
-3.6963440712421480e-01,-9.8725333009837435e-01,-6.2601660193249007e+00,7.1200946761881053e-04
3.6647627938411803e-01,-9.8609096430895249e-01,-6.2701660193248960e+00,7.0574471197397154e-04
3.6397341833663821e-01,-9.8517685726116822e-01,-6.2801660193248861e+00,6.9936143387355244e-04
3.6296690960953215e-01,-9.8481102136908660e-01,-6.2901660193248929e+00,6.9265602342585180e-04
-3.6001013383634356e-01,-9.8374218086577048e-01,-6.3001660193249061e+00,6.8649734501139890e-04
-3.5960339470871028e-01,-9.8359583337635370e-01,-6.3101660193248987e+00,6.7976605707450988e-04
3.5371439784400771e-01,-9.8149547025441397e-01,-6.3201660193248861e+00,6.7441730647073406e-04
-3.4771569619153497e-01,-9.7939163532232143e-01,-6.3301660193249081e+00,6.6911296562978818e-04
3.4320037662203262e-01,-9.7783178189009201e-01,-6.3401660193248830e+00,6.6348931971122447e-04
3.4255237874726235e-01,-9.7760959872604336e-01,-6.3501660193249094e+00,6.5703345623047539e-04
-3.3919697167464180e-01,-9.7646582542996330e-01,-6.3601660193248941e+00,6.5124030956446941e-04
-3.3622469884891459e-01,-9.7546205669136110e-01,-6.3701660193248877e+00,6.4540787543193687e-04
-3.2264563033537247e-01,-9.7098863402059443e-01,-6.3801660193248928e+00,6.4185081713195749e-04
-3.1818614818419844e-01,-9.6955974508148779e-01,-6.3901660193248988e+00,6.3637295172560377e-04
-3.1075894450897734e-01,-9.6722409342950633e-01,-6.4001660193248995e+00,6.3151421106920022e-04
3.0999834344984434e-01,-9.6698801910416332e-01,-6.4101660193248904e+00,6.2537815798090310e-04
3.0995516286926533e-01,-9.6697463412799589e-01,-6.4201660193248964e+00,6.1916382877697852e-04
3.0664812999715396e-01,-9.6595507044871520e-01,-6.4301660193248935e+00,6.1362836010461341e-04
3.0381131226589941e-01,-9.6508918936370336e-01,-6.4401660193249013e+00,6.0804892609262666e-04
-3.0264723296015894e-01,-9.6473620644255986e-01,-6.4501660193249020e+00,6.0221127097050955e-04
-2.9938952283697906e-01,-9.6375557582561644e-01,-6.4601660193249000e+00,5.9680412624423071e-04
2.9181862536199077e-01,-9.6151758768742046e-01,-6.4701660193248838e+00,5.9218965748578339e-04
-2.9006599833064828e-01,-9.6100767432711731e-01,-6.4801660193249280e+00,5.8659630898883635e-04
-2.8728925224034219e-01,-9.6020608985974698e-01,-6.4901660193248931e+00,5.8122529267926179e-04
2.8287943103336999e-01,-9.5894891888422107e-01,-6.5001660193248920e+00,5.7616588830151244e-04
2.8153003596459397e-01,-9.5856811320845225e-01,-6.5101660193248971e+00,5.7065020739211815e-04
2.7719224573351842e-01,-9.5735630318073506e-01,-6.5201660193249014e+00,5.6565719685947025e-04
2.7482042346313512e-01,-9.5670166520956790e-01,-6.5301660193248852e+00,5.6039554986275872e-04
2.7403855692129375e-01,-9.5648709797309206e-01,-6.5401660193249009e+00,5.5493857983935680e-04
2.7360791075377894e-01,-9.5636917704686342e-01,-6.5501660193249043e+00,5.4948164027470358e-04
2.7274691470269963e-01,-9.5613397237326037e-01,-6.5601660193248890e+00,5.4414217633504797e-04
2.7248728160718799e-01,-9.5606319195217693e-01,-6.5701660193248967e+00,5.3876600395150415e-04
-2.5807221602896896e-01,-9.5223916697639088e-01,-6.5801660193249019e+00,5.3544885243340923e-04
2.5534017291709021e-01,-9.5153783458600427e-01,-6.5901660193248821e+00,5.3049296879925114e-04
-2.5509797873014994e-01,-9.5147602200944348e-01,-6.6001660193249112e+00,5.2524694142815640e-04
-2.5208456786607392e-01,-9.5071184731145209e-01,-6.6101660193249039e+00,5.2041818553419318e-04
-2.4846702678952617e-01,-9.4980646433415306e-01,-6.6201660193248770e+00,5.1570663877689542e-04
2.4603820698317511e-01,-9.4920593228108729e-01,-6.6301660193249310e+00,5.1088198088575503e-04
2.4338021410411256e-01,-9.4855549694202135e-01,-6.6401660193248597e+00,5.0612771655481265e-04
-2.4256253597201360e-01,-9.4835682456192671e-01,-6.6501660193249164e+00,5.0119122459384982e-04
-2.4184904624017406e-01,-9.4818401321698043e-01,-6.6601660193248859e+00,4.9629004572586638e-04
-2.4068161187537973e-01,-9.4790235178080495e-01,-6.6701660193249168e+00,4.9149029162974317e-04
-2.3321744592643467e-01,-9.4613372117556416e-01,-6.6801660193248669e+00,4.8746125846461919e-04
2.3201540004934135e-01,-9.4585410556336746e-01,-6.6901660193249173e+00,4.8274590232308672e-04
-2.2797302060410529e-01,-9.4492438169501936e-01,-6.7001660193248824e+00,4.7838706151588954e-04
2.2600041060434325e-01,-9.4447662543000532e-01,-6.7101660193249124e+00,4.7383914767663453e-04
2.2166630979176033e-01,-9.4350650908168776e-01,-6.7201660193248767e+00,4.6957969542515661e-04
-2.1806828100388936e-01,-9.4271542022333510e-01,-6.7301660193249155e+00,4.6527522788523522e-04
2.1690972444070902e-01,-9.4246344691181161e-01,-6.7401660193248771e+00,4.6076174705284945e-04
2.1553233658706247e-01,-9.4216562669067883e-01,-6.7501660193249133e+00,4.5631297006252250e-04
-2.1524463956526280e-01,-9.4210366006412938e-01,-6.7601660193248811e+00,4.5180057583815388e-04
-2.1207582854672752e-01,-9.4142661116022996e-01,-6.7701660193249182e+00,4.4760803495822859e-04
2.0639146660892638e-01,-9.4023725137783121e-01,-6.7801660193248727e+00,4.4368164401230114e-04
2.0298988185475861e-01,-9.3954097870104392e-01,-6.7901660193249160e+00,4.3957289396065246e-04
-1.9992372214863688e-01,-9.3892327997222214e-01,-6.8001660193248785e+00,4.3546797554166094e-04
1.9904841462524472e-01,-9.3874866831575110e-01,-6.8101660193249165e+00,4.3121028455691358e-04
1.9708805181073374e-01,-9.3836038271661470e-01,-6.8201660193248683e+00,4.2708546948317028e-04
-1.9402053028091526e-01,-9.3776051571858321e-01,-6.8301660193249196e+00,4.2308961945124136e-04
1.9203239061422891e-01,-9.3737675215584737e-01,-6.8401660193248786e+00,4.1904058905506034e-04
-1.8990755184601593e-01,-9.3697097175741306e-01,-6.8501660193249103e+00,4.1503944623485643e-04
1.8974616400625904e-01,-9.3694033601088456e-01,-6.8601660193249190e+00,4.1092232346347376e-04
-1.8953384751922175e-01,-9.3690007231105932e-01,-6.8701660193248753e+00,4.0684995898369338e-04
-1.8844316039311856e-01,-9.3669394498281278e-01,-6.8801660193249150e+00,4.0288477125574362e-04
1.8786982538808331e-01,-9.3658606827901392e-01,-6.8901660193248739e+00,3.9891903255104798e-04
1.8494285465242991e-01,-9.3604046237683436e-01,-6.9001660193249190e+00,3.9516526755199011e-04
-1.8492549878090986e-01,-9.3603725268302362e-01,-6.9101660193248833e+00,3.9123456318444788e-04
-1.8208247937511260e-01,-9.3551554728103359e-01,-6.9201660193249088e+00,3.8754384522424423e-04
1.8176083938052201e-01,-9.3545703399949542e-01,-6.9301660193248731e+00,3.8371017101919452e-04
-1.8149000184420400e-01,-9.3540784301804403e-01,-6.9401660193249235e+00,3.7991087875475138e-04
1.7965163704212272e-01,-9.3507588797929675e-01,-6.9501660193248753e+00,3.7625558155852750e-04
-1.7961766556108899e-01,-9.3506978552414710e-01,-6.9601660193249106e+00,3.7251404921254512e-04
1.7935591788005872e-01,-9.3502280527263870e-01,-6.9701660193248811e+00,3.6882479956694853e-04
1.7903721725200539e-01,-9.3496569521401041e-01,-6.9801660193249200e+00,3.6517578610885810e-04
1.7511974681190176e-01,-9.3427199549507178e-01,-6.9901660193248638e+00,3.6179311507777094e-04
1.7238315077389166e-01,-9.3379650796870661e-01,-7.0001660193249240e+00,3.5836357033741764e-04
1.6762060254670935e-01,-9.3298686583240042e-01,-7.0101660193248723e+00,3.5508516879759205e-04
-1.6698926512481510e-01,-9.3288123996680239e-01,-7.0201660193249227e+00,3.5158914728161011e-04
-1.6169126332440645e-01,-9.3201056495106072e-01,-7.0301660193248745e+00,3.4839398273452392e-04
-1.6083005125077943e-01,-9.3187168532600362e-01,-7.0401660193249143e+00,3.4497531140070342e-04
1.5708229629692905e-01,-9.3127595653829753e-01,-7.0501660193248732e+00,3.4174627716564225e-04
-1.5665637648500369e-01,-9.3120914278004507e-01,-7.0601660193249218e+00,3.3836845180492905e-04
1.5553013764433993e-01,-9.3103334449117314e-01,-7.0701660193248737e+00,3.3506052734559957e-04
1.5516717445621486e-01,-9.3097695864770214e-01,-7.0801660193249205e+00,3.3174532460698977e-04
-1.5328350995293619e-01,-9.3068644984508542e-01,-7.0901660193248635e+00,3.2853983332554722e-04
1.5214162347199331e-01,-9.3051206942968634e-01,-7.1001660193249299e+00,3.2532753316821204e-04
1.5126294363713189e-01,-9.3037877169222449e-01,-7.1101660193249048e+00,3.2213340691977424e-04
-1.4898088935672940e-01,-9.3003618533010046e-01,-7.1201660193248903e+00,3.1903740511013764e-04
1.4793389255100342e-01,-9.2988075091598543e-01,-7.1301660193249061e+00,3.1591202967429997e-04
-1.4677455616026924e-01,-9.2970991780136147e-01,-7.1401660193248810e+00,3.1282208826563952e-04
-1.4656136857252947e-01,-9.2967865001226591e-01,-7.1501660193249181e+00,3.0971914056181779e-04
-1.4432262421316544e-01,-9.2935304256322671e-01,-7.1601660193248691e+00,3.0673724329508375e-04
1.4375747126205402e-01,-9.2927163790516965e-01,-7.1701660193249195e+00,3.0370987912154633e-04
1.4171798944779621e-01,-9.2898052689990229e-01,-7.1801660193248802e+00,3.0077546163581094e-04
1.4074085365284403e-01,-9.2884252657680511e-01,-7.1901660193249199e+00,2.9782379273221403e-04
-1.3997075480006591e-01,-9.2873443873298955e-01,-7.2001660193248691e+00,2.9489226902805889e-04
1.3779533782727726e-01,-9.2843231019680617e-01,-7.2101660193249142e+00,2.9204626410751349e-04
1.3569217202713352e-01,-9.2814471540806009e-01,-7.2201660193248784e+00,2.8922352244475523e-04
1.3456870334522422e-01,-9.2799290059334694e-01,-7.2301660193249093e+00,2.8638917513218410e-04
1.3353167511787609e-01,-9.2785388676323244e-01,-7.2401660193248807e+00,2.8357897388655543e-04
-1.3232561826247941e-01,-9.2769356725761321e-01,-7.2501660193249204e+00,2.8080233043347813e-04
-1.3089409035090671e-01,-9.2750516407773509e-01,-7.2601660193248732e+00,2.7806068314428295e-04
1.3084653260933748e-01,-9.2749894018128265e-01,-7.2701660193249209e+00,2.7529564652543003e-04
-1.2902846332581699e-01,-9.2726270480745032e-01,-7.2801660193248701e+00,2.7262080414547113e-04
1.2898590295010565e-01,-9.2725721421326646e-01,-7.2901660193249196e+00,2.6990966378113648e-04
-1.2316775596035406e-01,-9.2652368068749413e-01,-7.3001660193248741e+00,2.6742010744012118e-04
1.2118329330974292e-01,-9.2628122792203704e-01,-7.3101660193249165e+00,2.6482343230281070e-04
-1.2045382860728103e-01,-9.2619309504641556e-01,-7.3201660193248701e+00,2.6221150355980230e-04
-1.1897164197369781e-01,-9.2601565843029832e-01,-7.3301660193249187e+00,2.5964852257460134e-04
1.1893019285053266e-01,-9.2601072801907192e-01,-7.3401660193248670e+00,2.5706624404738546e-04
1.1814228104015168e-01,-9.2591733191802461e-01,-7.3501660193249228e+00,2.5453216338318797e-04
-1.1731928156589491e-01,-9.2582043954690829e-01,-7.3601660193249163e+00,2.5202394405588174e-04
-1.1658349334669831e-01,-9.2573438809379927e-01,-7.3701660193248806e+00,2.4953773607427058e-04
-1.1454929871867012e-01,-9.2549930355180898e-01,-7.3801660193249123e+00,2.4711287970483292e-04
1.1440456456606478e-01,-9.2548273483011489e-01,-7.3901660193248775e+00,2.4465811910776058e-04
1.1413493183170036e-01,-9.2545192396545295e-01,-7.4001660193249128e+00,2.4223119338555511e-04
1.1349346036954855e-01,-9.2537891540666661e-01,-7.4101660193248815e+00,2.3983846236153375e-04
1.1263624216662504e-01,-9.2528199415804879e-01,-7.4201660193249213e+00,2.3747504505021279e-04
-1.1240083064522273e-01,-9.2525550599820749e-01,-7.4301660193248713e+00,2.3511835664168207e-04
-1.1140196016874533e-01,-9.2514373099805880e-01,-7.4401660193249155e+00,2.3280491021910143e-04
-1.1033842279553822e-01,-9.2502581640584292e-01,-7.4501660193248709e+00,2.3051564221390823e-04
1.0983794684993695e-01,-9.2497071991744428e-01,-7.4601660193249204e+00,2.2823454782615720e-04
1.0931412730515977e-01,-9.2491332184758379e-01,-7.4701660193248687e+00,2.2597654637647365e-04
1.0602139540995791e-01,-9.2455880077567676e-01,-7.4801660193249200e+00,2.2380737253786608e-04
1.0507583444442092e-01,-9.2445899812543519e-01,-7.4901660193248718e+00,2.2160256739288219e-04
1.0118038610407715e-01,-9.2405726789942455e-01,-7.5001660193249187e+00,2.1948574135346118e-04
1.0070323212844563e-01,-9.2400910311389728e-01,-7.5101660193248811e+00,2.1731228828501139e-04
-9.9966581130477628e-02,-9.2393519130479762e-01,-7.5201660193249156e+00,2.1516589760126148e-04
-9.8993400056925765e-02,-9.2383837926075474e-01,-7.5301660193248807e+00,2.1304558552887590e-04
9.8710532520082550e-02,-9.2381041724853863e-01,-7.5401660193249151e+00,2.1093164452461118e-04
-9.8093325237721699e-02,-9.2374968286143622e-01,-7.5501660193248670e+00,2.0884552331372450e-04
-9.6440932703814819e-02,-9.2358895938373031e-01,-7.5601660193249183e+00,2.0680071069451649e-04
9.6371980455250639e-02,-9.2358231194177309e-01,-7.5701660193248737e+00,2.0474437026411901e-04
9.6358078075969550e-02,-9.2358097223858682e-01,-7.5801660193249241e+00,2.0270740130862850e-04
-9.5893968802661933e-02,-9.2353635925970246e-01,-7.5901660193248759e+00,2.0069938256293444e-04
-9.5307733239647086e-02,-9.2348031464097935e-01,-7.6001660193249183e+00,1.9871352685175942e-04
-9.3114461876457125e-02,-9.2327368413861055e-01,-7.6101660193249154e+00,1.9677695014283744e-04
9.2648249697643917e-02,-9.2323038171935801e-01,-7.6201660193248788e+00,1.9482742309069023e-04
-9.1913040860955988e-02,-9.2316253617349331e-01,-7.6301660193249159e+00,1.9290194493450666e-04
-9.1230486786100060e-02,-9.2310003349295389e-01,-7.6401660193248722e+00,1.9099447580595366e-04
9.0609777427287458e-02,-9.2304359851605078e-01,-7.6501660193249155e+00,1.8910472083810359e-04
-8.9812707340680045e-02,-9.2297169383327082e-01,-7.6601660193248744e+00,1.8723656012839445e-04
8.9536523322554379e-02,-9.2294692713768467e-01,-7.6701660193249159e+00,1.8537811637339786e-04
-8.9409499174025089e-02,-9.2293556190461445e-01,-7.6801660193248740e+00,1.8353565920991433e-04
-8.9138004956704014e-02,-9.2291132459717018e-01,-7.6901660193249164e+00,1.8171385308896298e-04
-8.7952366782444918e-02,-9.2280634204465628e-01,-7.7001660193248771e+00,1.7992465799904192e-04
-8.7577681042244740e-02,-9.2277345774170805e-01,-7.7101660193249213e+00,1.7814023566047890e-04
8.7532761266345280e-02,-9.2276952478079499e-01,-7.7201660193248687e+00,1.7636840434838078e-04
8.4524277357356820e-02,-9.2251070936473112e-01,-7.7301660193249209e+00,1.7465870792058208e-04
-8.4018528821142510e-02,-9.2246808922597401e-01,-7.7401660193248754e+00,1.7292819480622468e-04
-8.3365163720204666e-02,-9.2241340789438775e-01,-7.7501660193249249e+00,1.7121689263014823e-04
-8.3003959890299447e-02,-9.2238336131207466e-01,-7.7601660193248740e+00,1.6951834945405688e-04
-8.2043474066381503e-02,-9.2230409845177996e-01,-7.7701660193249085e+00,1.6784491703538955e-04
-8.1992323122931046e-02,-9.2229990315888699e-01,-7.7801660193248710e+00,1.6617552936009158e-04
-7.9918718033783448e-02,-9.2213203337942118e-01,-7.7901660193249276e+00,1.6454967581552279e-04
7.9708233150688201e-02,-9.2211523384934169e-01,-7.8001660193248776e+00,1.6291511605904925e-04
7.9315211608133596e-02,-9.2208398402956093e-01,-7.8101660193249041e+00,1.6129912405928390e-04
7.8104396048273614e-02,-9.2198868097437225e-01,-7.8201660193248710e+00,1.5970939102642192e-04
7.6960245620564888e-02,-9.2189997233632826e-01,-7.8301660193249258e+00,1.5813428328860130e-04
7.6225547164314372e-02,-9.2184369965358903e-01,-7.8401660193248759e+00,1.5656963122522274e-04
-7.5024498567051248e-02,-9.2175287032595821e-01,-7.8501660193249148e+00,1.5502581761601419e-04
7.3849373416955244e-02,-9.2166539761037791e-01,-7.8601660193249234e+00,1.5349671114449787e-04
-7.3302876572430176e-02,-9.2162518849023589e-01,-7.8701660193248681e+00,1.5197550402810934e-04
7.2555968474204008e-02,-9.2157071691395431e-01,-7.8801660193249283e+00,1.5047151869454335e-04
-7.2505196307588060e-02,-9.2156703437914045e-01,-7.8901660193248713e+00,1.4897485067158985e-04
-7.1980741757857472e-02,-9.2152914622534510e-01,-7.9001660193249208e+00,1.4749811446558659e-04
7.1254533136333176e-02,-9.2147713687957788e-01,-7.9101660193248717e+00,1.4603807885240396e-04
-7.0278850018834799e-02,-9.2140809101332444e-01,-7.9201660193249150e+00,1.4459495902840807e-04
6.9987386842048416e-02,-9.2138764979182874e-01,-7.9301660193248669e+00,1.4315914146486108e-04
-6.9469700993212410e-02,-9.2135155231138266e-01,-7.9401660193249226e+00,1.4173980056428632e-04
-6.9152278810701046e-02,-9.2132955146569595e-01,-7.9501660193248807e+00,1.4033255338520678e-04
6.8371196496296749e-02,-9.2127584288850706e-01,-7.9601660193249080e+00,1.3894368341576657e-04
6.3642539630370143e-02,-9.2096371905864105e-01,-7.9701660193248740e+00,1.3760411348710065e-04
6.3197243916681717e-02,-9.2093547845267176e-01,-7.9801660193249182e+00,1.3623877709239437e-04
6.2559677143639678e-02,-9.2089538923549763e-01,-7.9901660193248674e+00,1.3488858607995236e-04
-6.2345263927469474e-02,-9.2088199860043241e-01,-8.0001660193249204e+00,1.3354821050648739e-04
-6.2303827403095063e-02,-9.2087941608787682e-01,-8.0101660193248758e+00,1.3221972506811185e-04
6.2006191211073584e-02,-9.2086091650759161e-01,-8.0201660193249342e+00,1.3090653851565611e-04
-6.0782176987864936e-02,-9.2078576915303156e-01,-8.0301660193248718e+00,1.2961373645755853e-04
-6.0630572215999629e-02,-9.2077656577695921e-01,-8.0401660193249018e+00,1.2832523925141213e-04
5.9827573863568163e-02,-9.2072820193053984e-01,-8.0501660193248856e+00,1.2705452648369879e-04
-5.9550224379377327e-02,-9.2071164724515653e-01,-8.0601660193249156e+00,1.2579239525855164e-04
-5.8875862989155439e-02,-9.2067171625469835e-01,-8.0701660193248692e+00,1.2454571314703588e-04
-5.7633435946092576e-02,-9.2059933910281566e-01,-8.0801660193249205e+00,1.2331538748893477e-04
-5.7543294179463023e-02,-9.2059414798585160e-01,-8.0901660193248794e+00,1.2208901265883882e-04
-5.6834158621247702e-02,-9.2055359342643206e-01,-8.1001660193249148e+00,1.2087910878507724e-04
-5.6815157971770384e-02,-9.2055251372101810e-01,-8.1101660193249181e+00,1.1967647077167647e-04
-5.6632733067498636e-02,-9.2054216586068671e-01,-8.1201660193248699e+00,1.1848689607069924e-04
-5.6481216482595659e-02,-9.2053359654101641e-01,-8.1301660193249230e+00,1.1730893700971870e-04
5.6155529769117168e-02,-9.2051525439516457e-01,-8.1401660193248695e+00,1.1614382389119019e-04
5.5305067235173339e-02,-9.2046785786428298e-01,-8.1501660193249172e+00,1.1499362370413648e-04
-5.4842785044946649e-02,-9.2044239816908258e-01,-8.1601660193248744e+00,1.1385231663888003e-04
5.4678196857848985e-02,-9.2043338523915230e-01,-8.1701660193249168e+00,1.1272048309751373e-04
5.3279383353958508e-02,-9.2035787897862853e-01,-8.1801660193248757e+00,1.1160732228423716e-04
-5.3106821638612772e-02,-9.2034869988561718e-01,-8.1901660193249164e+00,1.1049782513785376e-04
5.2991435851004701e-02,-9.2034257877011505e-01,-8.2001660193248807e+00,1.0939902304938713e-04
5.2875397042388285e-02,-9.2033643643953456e-01,-8.2101660193249213e+00,1.0831114986320751e-04
-5.2097835842251708e-02,-9.2029562488306260e-01,-8.2201660193248713e+00,1.0723781236798505e-04
-5.2087286945410594e-02,-9.2029507536400623e-01,-8.2301660193249120e+00,1.0617083664942566e-04
-5.1514534239732027e-02,-9.2026540625230768e-01,-8.2401660193248798e+00,1.0511753787148524e-04
-5.1493154151775841e-02,-9.2026430509558876e-01,-8.2501660193249204e+00,1.0407171549298716e-04
-5.1429085122149276e-02,-9.2026100803159006e-01,-8.2601660193248634e+00,1.0303652433928355e-04
-5.1118391863611300e-02,-9.2024507762670038e-01,-8.2701660193249236e+00,1.0201291888635114e-04
5.0648862923249875e-02,-9.2022118629104854e-01,-8.2801660193248807e+00,1.0100028638662169e-04
-5.0627783600040034e-02,-9.2022011886946575e-01,-8.2901660193249125e+00,9.9995423482906180e-05
-5.0623356639613384e-02,-9.2021989475207022e-01,-8.3001660193248803e+00,9.9000474582658065e-05
5.0450937301067054e-02,-9.2021118117061762e-01,-8.3101660193249103e+00,9.8016257470568593e-05
5.0366378261086323e-02,-9.2020691866290893e-01,-8.3201660193248763e+00,9.7041393052259747e-05
-4.9882581768465509e-02,-9.2018266861528331e-01,-8.3301660193249134e+00,9.6078144929514445e-05
-4.9547899448216026e-02,-9.2016602980320472e-01,-8.3401660193248848e+00,9.5123734147166132e-05
4.8799940608185266e-02,-9.2012924973502064e-01,-8.3501660193249077e+00,9.4180701086905527e-05
4.8434842361366456e-02,-9.2011149961062466e-01,-8.3601660193249305e+00,9.3245242553434280e-05
-4.8429484393237882e-02,-9.2011124011263690e-01,-8.3701660193248717e+00,9.2317460844126088e-05
4.8050651162494934e-02,-9.2009296517190930e-01,-8.3801660193249141e+00,9.1400557085369208e-05
-4.6901898100039106e-02,-9.2003842665603264e-01,-8.3901660193248748e+00,9.0496041732177876e-05
-4.6531313893916057e-02,-9.2002111421968658e-01,-8.4001660193249243e+00,8.9597142203290324e-05
-4.5592483455560953e-02,-9.1997786990716224e-01,-8.4101660193248691e+00,8.8709471839951829e-05
-4.5350435361102753e-02,-9.1996686362706026e-01,-8.4201660193249168e+00,8.7827764498773841e-05
-4.4497098394335119e-02,-9.1992852851609708e-01,-8.4301660193248740e+00,8.6957197090480845e-05
4.4492375137856630e-02,-9.1992831835604338e-01,-8.4401660193249217e+00,8.6091976615812552e-05
4.3770210828024306e-02,-9.1989644831130435e-01,-8.4501660193248753e+00,8.5238063633240305e-05
4.3716788754706110e-02,-9.1989411144285127e-01,-8.4601660193249177e+00,8.4390127937584324e-05
-4.3413360133930309e-02,-9.1988089255239858e-01,-8.4701660193248607e+00,8.3551536585990511e-05
-4.2014970126670020e-02,-9.1982116149071191e-01,-8.4801660193249297e+00,8.2725126018476678e-05
-4.0426039496252286e-02,-9.1975566496801575e-01,-8.4901660193248638e+00,8.1907361733174895e-05
-4.0181931859170780e-02,-9.1974582645730696e-01,-8.5001660193249293e+00,8.1093167698831497e-05
3.8035145231372580e-02,-9.1966186876972522e-01,-8.5101660193248705e+00,8.0293018131576927e-05
-3.7878566939735792e-02,-9.1965592555004350e-01,-8.5201660193249147e+00,7.9494561704622927e-05
-3.7729256938684536e-02,-9.1965028104791213e-01,-8.5301660193248825e+00,7.8704021843392733e-05
-3.7240348645852933e-02,-9.1963195441697176e-01,-8.5401660193249089e+00,7.7922331782170860e-05
3.6921911598157081e-02,-9.1962014641137058e-01,-8.5501660193248750e+00,7.7147902583775893e-05
-3.6845738136367538e-02,-9.1961733684274638e-01,-8.5601660193249245e+00,7.6380482723066839e-05
-3.6162101327975323e-02,-9.1959238141956690e-01,-8.5701660193248728e+00,7.5622371386389553e-05
-3.5834407675070318e-02,-9.1958058502005102e-01,-8.5801660193249223e+00,7.4870799419461841e-05
-3.5618163258635871e-02,-9.1957285941029887e-01,-8.5901660193248723e+00,7.4126395187298753e-05
3.5158326533875947e-02,-9.1955658659567074e-01,-8.6001660193249059e+00,7.3390019484073345e-05
-3.4124760901711029e-02,-9.1952078228663892e-01,-8.6101660193249216e+00,7.2662378168722685e-05
3.3781670612051215e-02,-9.1950913326800998e-01,-8.6201660193249285e+00,7.1940213453768216e-05
-3.3688221131819018e-02,-9.1950598075485268e-01,-8.6301660193248182e+00,7.1224620905991343e-05
-3.3521513073676568e-02,-9.1950037855271383e-01,-8.6401660193249246e+00,7.0516319132384039e-05
-3.3436602433564680e-02,-9.1949753582448956e-01,-8.6501660193249190e+00,6.9814868498035485e-05
-3.2738588830027275e-02,-9.1947444023263025e-01,-8.6601660193249117e+00,6.9121795340039533e-05
-3.2019669940198149e-02,-9.1945116226487911e-01,-8.6701660193248262e+00,6.8435615008353927e-05
-3.0817201816059018e-02,-9.1941338259722527e-01,-8.6801660193249361e+00,6.7757229058775957e-05
3.0058527172526939e-02,-9.1939029016123019e-01,-8.6901660193249093e+00,6.7084582493488106e-05
-2.9773688283203214e-02,-9.1938176889033218e-01,-8.7001660193249268e+00,6.6417645705149178e-05
-2.8958258165573236e-02,-9.1935782299133151e-01,-8.7101660193248218e+00,6.5758353712444469e-05
2.8932203924269491e-02,-9.1935706884529722e-01,-8.7201660193249158e+00,6.5104096258596030e-05
-2.8297007153042689e-02,-9.1933889294024917e-01,-8.7301660193249244e+00,6.4457471239441996e-05
2.8127267211645244e-02,-9.1933410421373707e-01,-8.7401660193249224e+00,6.3816414283124733e-05
2.7740275426341176e-02,-9.1932329407370406e-01,-8.7501660193248281e+00,6.3182113355282903e-05
2.7661896054079288e-02,-9.1932112287999279e-01,-8.7601660193249113e+00,6.2553576639098527e-05
2.7421090354928457e-02,-9.1931449073146609e-01,-8.7701660193249147e+00,6.1931568889956451e-05
2.7412456695897439e-02,-9.1931425402439171e-01,-8.7801660193249216e+00,6.1315353997102497e-05
-2.7324951276055401e-02,-9.1931185911445890e-01,-8.7901660193248361e+00,6.0705401414902629e-05
2.7134142192548453e-02,-9.1930666346960221e-01,-8.8001660193249105e+00,6.0101684844694910e-05
-2.6879589245612599e-02,-9.1929978879234586e-01,-8.8101660193249192e+00,5.9504072158419957e-05
-2.6435189712036389e-02,-9.1928794226089516e-01,-8.8201660193249243e+00,5.8912694654798020e-05
-2.6258365368783738e-02,-9.1928328350925970e-01,-8.8301660193248264e+00,5.8326775278030728e-05
2.5796382778093770e-02,-9.1927125931555642e-01,-8.8401660193249132e+00,5.7747108525378633e-05
-2.5424077492175696e-02,-9.1926172449150356e-01,-8.8501660193249236e+00,5.7173060327517548e-05
-2.4766320813292990e-02,-9.1924521795665293e-01,-8.8601660193249199e+00,5.6605113218752723e-05
-2.4639462706598989e-02,-9.1924208419457443e-01,-8.8701660193249179e+00,5.6042058553781882e-05
2.4203677993167524e-02,-9.1923144164753789e-01,-8.8801660193248253e+00,5.5485021252944278e-05
-2.4014659831161064e-02,-9.1922688457674262e-01,-8.8901660193249210e+00,5.4933186400890333e-05
2.3631548498720550e-02,-9.1921775767556313e-01,-8.9001660193249155e+00,5.4387088446830317e-05
-2.3242077739953661e-02,-9.1920862972217454e-01,-8.9101660193249224e+00,5.3846419380248315e-05
2.2885289191219883e-02,-9.1920040086402233e-01,-8.9201660193248227e+00,5.3311077242895712e-05
-2.2711757331403602e-02,-9.1919644459387972e-01,-8.9301660193249202e+00,5.2780831976129441e-05
-2.2378063108785415e-02,-9.1918892148758991e-01,-8.9401660193249217e+00,5.2256047049427074e-05
2.1734816960798403e-02,-9.1917473376749914e-01,-8.9501660193249108e+00,5.1736824716055004e-05
-2.1483350261008935e-02,-9.1916929980255802e-01,-8.9601660193248343e+00,5.1222313048341046e-05
-2.0944412863293876e-02,-9.1915786684843348e-01,-8.9701660193249229e+00,5.0713222316383253e-05
-2.0421221540658164e-02,-9.1914704577794581e-01,-8.9801660193249120e+00,5.0209160637147139e-05
2.0187210520010851e-02,-9.1914229436762906e-01,-8.9901660193249135e+00,4.9709807332622963e-05
-2.0133331213445821e-02,-9.1914120814621458e-01,-9.0001660193248298e+00,4.9215239943989193e-05
-1.9628122582890886e-02,-9.1913116423140395e-01,-9.0101660193249202e+00,4.8726029522099372e-05
-1.9490428877353902e-02,-9.1912847104225104e-01,-9.0201660193249253e+00,4.8241327350455866e-05
1.9487163233122412e-02,-9.1912840739877666e-01,-9.0301660193249251e+00,4.7761321162854360e-05
1.9305107656761654e-02,-9.1912487622415906e-01,-9.0401660193248290e+00,4.7286255052657875e-05
-1.9006451349444557e-02,-9.1911915522978882e-01,-9.0501660193249069e+00,4.6816016786903438e-05
-1.8980638023502069e-02,-9.1911866494322902e-01,-9.0601660193249227e+00,4.6350212361551875e-05
1.8716302001862029e-02,-9.1911368261365189e-01,-9.0701660193249172e+00,4.5889248677584683e-05
1.8522066570707790e-02,-9.1911006610836432e-01,-9.0801660193248264e+00,4.5432807331811891e-05
-1.8388102988582178e-02,-9.1910759379909879e-01,-9.0901660193249256e+00,4.4980854552059906e-05
-1.8154268218838927e-02,-9.1910332136062023e-01,-9.1001660193249148e+00,4.4533477837300783e-05
1.7998870084796295e-02,-9.1910051229550416e-01,-9.1101660193249199e+00,4.4090486181964384e-05
1.7312602198994435e-02,-9.1908839573078982e-01,-9.1201660193249197e+00,4.3652307427177439e-05
1.7305834702192227e-02,-9.1908827859070930e-01,-9.1301660193248377e+00,4.3217964773603648e-05
1.7163593720672526e-02,-9.1908582710804365e-01,-9.1401660193249104e+00,4.2788043733099564e-05
1.7022684606271717e-02,-9.1908341852894182e-01,-9.1501660193249137e+00,4.2362397617469927e-05
-1.6868194319324070e-02,-9.1908080062313668e-01,-9.1601660193249241e+00,4.1940994515821104e-05
-1.6831078622994794e-02,-9.1908017523714614e-01,-9.1701660193248227e+00,4.1523700616000174e-05
1.6643705002386086e-02,-9.1907703909144267e-01,-9.1801660193249273e+00,4.1110661820340187e-05
1.6539561202229394e-02,-9.1907531117572061e-01,-9.1901660193249111e+00,4.0701674229548767e-05
1.6335476325715935e-02,-9.1907195652673346e-01,-9.2001660193249304e+00,4.0296820985739734e-05
-1.5937331778353103e-02,-9.1906553190544615e-01,-9.2101660193248271e+00,3.9896117234176460e-05
1.5892057015023664e-02,-9.1906481137142382e-01,-9.2201660193249193e+00,3.9499172695417587e-05
-1.5833886995515571e-02,-9.1906388862203281e-01,-9.2301660193249120e+00,3.9106185445520324e-05
1.5577281581740826e-02,-9.1905985848407790e-01,-9.2401660193249135e+00,3.8717228434358874e-05
1.5486129799104520e-02,-9.1905844274141679e-01,-9.2501660193248334e+00,3.8332039842934309e-05
-1.5288191918665345e-02,-9.1905539703941042e-01,-9.2601660193249202e+00,3.7950745260245220e-05
-1.5173150093785073e-02,-9.1905364487522379e-01,-9.2701660193249200e+00,3.7573194869911617e-05
1.5015724086394185e-02,-9.1905126861825881e-01,-9.2801660193249234e+00,3.7199423729665688e-05
-1.4945104511967483e-02,-9.1905021070777626e-01,-9.2901660193248219e+00,3.6829322241229505e-05
1.4896090098750342e-02,-9.1904947938345449e-01,-9.3001660193249194e+00,3.6462891028209567e-05
-1.4886927776526530e-02,-9.1904934294265117e-01,-9.3101660193249209e+00,3.6100084126017001e-05
-1.4494261353724919e-02,-9.1904357443943452e-01,-9.3201660193249243e+00,3.5741088459283080e-05
1.4379691124974612e-02,-9.1904192039176436e-01,-9.3301660193248210e+00,3.5385517216415090e-05
-1.4370734590593952e-02,-9.1904179163967614e-01,-9.3401660193249239e+00,3.5033429947863446e-05
-1.4245711961859182e-02,-9.1904000278798959e-01,-9.3501660193249112e+00,3.4684903541638497e-05
1.4172183871422358e-02,-9.1903895803118218e-01,-9.3601660193249216e+00,3.4339818861745539e-05
-1.3789465345073224e-02,-9.1903360731059092e-01,-9.3701660193249214e+00,3.3998313870039153e-05
-1.3704311003909776e-02,-9.1903243670338541e-01,-9.3801660193248235e+00,3.3660064397478404e-05
1.3377587207213465e-02,-9.1902801255308275e-01,-9.3901660193249157e+00,3.3325288596466213e-05
1.3182972813936024e-02,-9.1902542801944598e-01,-9.4001660193249190e+00,3.2993781708002779e-05
1.3132875750852549e-02,-9.1902476884608308e-01,-9.4101660193249153e+00,3.2665509626991350e-05
1.2970288064213843e-02,-9.1902264681957380e-01,-9.4201660193248333e+00,3.2340551002970991e-05
1.2744046606167526e-02,-9.1901973799528958e-01,-9.4301660193249237e+00,3.2018850280918798e-05
1.2672005967070271e-02,-9.1901882250095424e-01,-9.4401660193249128e+00,3.1700286418882899e-05
-1.2664933327810404e-02,-9.1901873290143843e-01,-9.4501660193249091e+00,3.1384866110884811e-05
1.2546425788204314e-02,-9.1901723903336896e-01,-9.4601660193248378e+00,3.1072627893695584e-05
1.2514574955704488e-02,-9.1901683992650041e-01,-9.4701660193249246e+00,3.0763462358207076e-05
1.2435602471272081e-02,-9.1901585473775127e-01,-9.4801660193249191e+00,3.0457390799555870e-05
1.2311913096322766e-02,-9.1901432423538520e-01,-9.4901660193249171e+00,3.0154380848849673e-05
1.2265849618018588e-02,-9.1901375816676534e-01,-9.5001660193248281e+00,2.9854356645825095e-05
1.2209396436239327e-02,-9.1901306731400811e-01,-9.5101660193249202e+00,2.9557321253634587e-05
-1.2147640861841027e-02,-9.1901231522259363e-01,-9.5201660193249129e+00,2.9263243001857447e-05
1.2062385823796005e-02,-9.1901128320922054e-01,-9.5301660193249216e+00,2.8972098768528149e-05
-1.1937302811170902e-02,-9.1900978223254226e-01,-9.5401660193248290e+00,2.8683864622927951e-05
-1.1872739831555245e-02,-9.1900901360889331e-01,-9.5501660193249105e+00,2.8398477228943983e-05
-1.1781433800423159e-02,-9.1900793372453637e-01,-9.5601660193249280e+00,2.8115938021190264e-05
-1.1731767740625253e-02,-9.1900734982049948e-01,-9.5701660193249172e+00,2.7836196017244099e-05
-1.1641453437427932e-02,-9.1900629435240733e-01,-9.5801660193248193e+00,2.7559250326978521e-05
1.1553444859067246e-02,-9.1900527367739526e-01,-9.5901660193249221e+00,2.7285059053637726e-05
1.1344889955042306e-02,-9.1900288589738544e-01,-9.6001660193249201e+00,2.7013632682425453e-05
1.1237657903804607e-02,-9.1900167511092090e-01,-9.6101660193249252e+00,2.6744874928509193e-05
-1.1184544120786195e-02,-9.1900107964693434e-01,-9.6201660193249161e+00,2.6478774743765157e-05
-1.1118416644475500e-02,-9.1900034222767957e-01,-9.6301660193248182e+00,2.6215325864627859e-05
1.0932659574891366e-02,-9.1899829415602974e-01,-9.6401660193249246e+00,2.5954532170639410e-05
1.0867789138775188e-02,-9.1899758705372192e-01,-9.6501660193249208e+00,2.5696298430484568e-05
-1.0853427013748113e-02,-9.1899743107231080e-01,-9.6601660193249206e+00,2.5440619957333744e-05
1.0831733120391363e-02,-9.1899719585453521e-01,-9.6701660193248262e+00,2.5187487483780506e-05
-1.0819514018337579e-02,-9.1899706357513600e-01,-9.6801660193249184e+00,2.4936871094507968e-05
-1.0698879265782123e-02,-9.1899576564211138e-01,-9.6901660193249217e+00,2.4688777125700306e-05
-1.0687736828267486e-02,-9.1899564649259458e-01,-9.7001660193249073e+00,2.4443122601156281e-05
-1.0661471878907470e-02,-9.1899536612465182e-01,-9.7101660193248343e+00,2.4199916252466890e-05
1.0544661205241793e-02,-9.1899412757330612e-01,-9.7201660193249193e+00,2.3959152737119067e-05
-1.0384111151106306e-02,-9.1899244751553877e-01,-9.7301660193249244e+00,2.3720795036428012e-05
-1.0338298612691308e-02,-9.1899197284244205e-01,-9.7401660193249100e+00,2.3484780329804754e-05
-1.0293615848039414e-02,-9.1899151189695294e-01,-9.7501660193248352e+00,2.3251113578654096e-05
-1.0279176476715533e-02,-9.1899136336785925e-01,-9.7601660193249096e+00,2.3019764552132336e-05
-1.0257876494503992e-02,-9.1899114464842768e-01,-9.7701660193249271e+00,2.2790719052555749e-05
1.0151660595982359e-02,-9.1899006073976752e-01,-9.7801660193249109e+00,2.2563972066278667e-05
-1.0129785269514592e-02,-9.1898983890814268e-01,-9.7901660193248308e+00,2.2339461748540412e-05
-9.9270174565480387e-03,-9.1898780547113079e-01,-9.8001660193249229e+00,2.2117225364125218e-05
9.7066600806735709e-03,-9.1898564225830037e-01,-9.8101660193249209e+00,2.1897202663003611e-05
-9.6836086337425929e-03,-9.1898541877142526e-01,-9.8201660193249207e+00,2.1679326701123010e-05
-9.6766775169489991e-03,-9.1898535167722295e-01,-9.8301660193248281e+00,2.1463615236326817e-05
-9.5974527404838333e-03,-9.1898458818289241e-01,-9.8401660193249114e+00,2.1250064920677610e-05
-9.3954564198720156e-03,-9.1898266993400834e-01,-9.8501660193249254e+00,2.1038663599229865e-05
-9.3510868949890392e-03,-9.1898225404639833e-01,-9.8601660193249128e+00,2.0829334061382638e-05
-9.2141017752954777e-03,-9.1898098246910220e-01,-9.8701660193249161e+00,2.0622104947161448e-05
8.9230851301579026e-03,-9.1897834335745954e-01,-9.8801660193248235e+00,2.0416965457077148e-05
-8.6957444340366521e-03,-9.1897634061897049e-01,-9.8901660193249263e+00,2.0213853739462014e-05
8.6631645083427612e-03,-9.1897605784298875e-01,-9.9001660193249155e+00,2.0012728193302652e-05
8.6535777570039482e-03,-9.1897597483733773e-01,-9.9101660193249259e+00,1.9813599865287046e-05
-8.6280297752313953e-03,-9.1897575408224064e-01,-9.9201660193248209e+00,1.9616455583034131e-05
8.6246027634847098e-03,-9.1897572451975340e-01,-9.9301660193249290e+00,1.9421269162869767e-05
8.5031946245527224e-03,-9.1897468479275102e-01,-9.9401660193249146e+00,1.9228044297803814e-05
-8.4118403068584452e-03,-9.1897391216201352e-01,-9.9501660193249215e+00,1.9036736768724472e-05
8.3817104442566164e-03,-9.1897365916832519e-01,-9.9601660193248200e+00,1.8847322841257367e-05
-8.3201673569882079e-03,-9.1897314522576357e-01,-9.9701660193249140e+00,1.8659798435664141e-05
8.3048040562992836e-03,-9.1897301751854621e-01,-9.9801660193249155e+00,1.8474132698302165e-05
-8.2099208872690246e-03,-9.1897223403382711e-01,-9.9901660193249349e+00,1.8290326336799349e-05
8.0994752273383930e-03,-9.1897133338281856e-01,-1.0000166019324832e+01,1.8108350858265205e-05
-8.0294180627365885e-03,-9.1897076841055259e-01,-1.0010166019324906e+01,1.7928179885617295e-05
-7.9892777641150207e-03,-9.1897044691293561e-01,-1.0020166019324913e+01,1.7749797221697066e-05
7.8589917206067159e-03,-9.1896941450877179e-01,-1.0030166019324934e+01,1.7573201931059736e-05
7.7547458093231679e-03,-9.1896860067462305e-01,-1.0040166019324820e+01,1.7398359809661813e-05
7.5938784953410521e-03,-9.1896736612864049e-01,-1.0050166019324921e+01,1.7225264502430096e-05
-7.5007019444598136e-03,-9.1896666289816931e-01,-1.0060166019324909e+01,1.7053882249722013e-05
7.4620873319511481e-03,-9.1896637400701431e-01,-1.0070166019324937e+01,1.6884198163809488e-05
7.4558217190816940e-03,-9.1896632727209282e-01,-1.0080166019324814e+01,1.6716198366299847e-05
7.2747452044784194e-03,-9.1896499359223449e-01,-1.0090166019324927e+01,1.6549891485713609e-05
-7.1954163553625897e-03,-9.1896441964160303e-01,-1.0100166019324906e+01,1.6385226718306428e-05
-7.0951014967841827e-03,-9.1896370286596429e-01,-1.0110166019324932e+01,1.6222202616076740e-05
-7.0318326643660622e-03,-9.1896325596864925e-01,-1.0120166019324918e+01,1.6060796180617422e-05
6.9858960787093664e-03,-9.1896293400535078e-01,-1.0130166019324829e+01,1.5900993708036531e-05
-6.9226678610210543e-03,-9.1896249429849652e-01,-1.0140166019324921e+01,1.5742783099294794e-05
6.7649440798723901e-03,-9.1896141486754135e-01,-1.0150166019324912e+01,1.5586156614377008e-05
6.6851580807279626e-03,-9.1896087830262163e-01,-1.0160166019324924e+01,1.5431080044626250e-05
6.3791085295467828e-03,-9.1895887914615537e-01,-1.0170166019324821e+01,1.5277568774973791e-05
-6.3291647107718459e-03,-9.1895856179630753e-01,-1.0180166019324924e+01,1.5125559225845881e-05
-6.2587987900948024e-03,-9.1895811891448687e-01,-1.0190166019324915e+01,1.4975064029094191e-05
-6.2480733346974310e-03,-9.1895805184353729e-01,-1.0200166019324918e+01,1.4826060646785737e-05
-6.2463561155891327e-03,-9.1895804111570090e-01,-1.0210166019324834e+01,1.4678539035975494e-05
6.2047736544475641e-03,-9.1895778224139091e-01,-1.0220166019324910e+01,1.4532488894334659e-05
-6.1571554709829255e-03,-9.1895748791508636e-01,-1.0230166019324926e+01,1.4387892448532013e-05
-6.1371486421372620e-03,-9.1895736493006730e-01,-1.0240166019324919e+01,1.4244732278558704e-05
6.0327237731074151e-03,-9.1895672951140073e-01,-1.0250166019324823e+01,1.4103003785498828e-05
-6.0043008243847243e-03,-9.1895655844753432e-01,-1.0260166019324917e+01,1.3962678941705316e-05
5.9202849153574856e-03,-9.1895605752007892e-01,-1.0270166019324925e+01,1.3823754889624871e-05
5.8228140294859353e-03,-9.1895548521495041e-01,-1.0280166019324911e+01,1.3686214062950821e-05
-5.7382687126210433e-03,-9.1895499649724854e-01,-1.0290166019324831e+01,1.3550040579824134e-05
-5.6869997504273252e-03,-9.1895470361642018e-01,-1.0300166019324918e+01,1.3415219352408188e-05
-5.6699412133523509e-03,-9.1895460675002094e-01,-1.0310166019324917e+01,1.3281736976114328e-05
-5.6530074957629956e-03,-9.1895451088021307e-01,-1.0320166019324926e+01,1.3149582745749968e-05
-5.6301449240623944e-03,-9.1895438189927248e-01,-1.0330166019324832e+01,1.3018743890471626e-05
5.6214426042557409e-03,-9.1895433294181594e-01,-1.0340166019324913e+01,1.2889205855406102e-05
5.5156708993417585e-03,-9.1895374394607443e-01,-1.0350166019324915e+01,1.2760963630454613e-05
-5.4619798347879337e-03,-9.1895344924519728e-01,-1.0360166019324931e+01,1.2633993644059029e-05
-5.3353490363819457e-03,-9.1895276560800943e-01,-1.0370166019324907e+01,1.2508291858019524e-05
-5.2760520648736531e-03,-9.1895245099603506e-01,-1.0380166019324827e+01,1.2383836170621846e-05
-5.2211708391714396e-03,-9.1895216294580540e-01,-1.0390166019324919e+01,1.2260618473573412e-05
-5.1115533560723023e-03,-9.1895159662219550e-01,-1.0400166019324926e+01,1.2138630155814158e-05
5.1107271690227565e-03,-9.1895159239943758e-01,-1.0410166019324912e+01,1.2017848818455077e-05
-5.0667084816354152e-03,-9.1895136840075842e-01,-1.0420166019324832e+01,1.1898271889931929e-05
5.0292777497576565e-03,-9.1895117945068161e-01,-1.0430166019324925e+01,1.1779884332338239e-05
4.9470522015272189e-03,-9.1895076929608177e-01,-1.0440166019324909e+01,1.1662677308315857e-05
-4.9301430064860562e-03,-9.1895068578837169e-01,-1.0450166019324922e+01,1.1546632694400973e-05
-4.8706654739533650e-03,-9.1895039432441905e-01,-1.0460166019324834e+01,1.1431745111396529e-05
-4.8488878721726428e-03,-9.1895028849013793e-01,-1.0470166019324921e+01,1.1317998544832199e-05
-4.8152403516096513e-03,-9.1895012590316139e-01,-1.0480166019324907e+01,1.1205384399534031e-05
4.8030179394918954e-03,-9.1895006712400296e-01,-1.0490166019324928e+01,1.1093889613943421e-05
-4.7573905387577609e-03,-9.1894984901570864e-01,-1.0500166019324826e+01,1.0983505963510909e-05
-4.7543352794334349e-03,-9.1894983448531409e-01,-1.0510166019324917e+01,1.0874218411162672e-05
4.7281640242757880e-03,-9.1894971040085971e-01,-1.0520166019324920e+01,1.0766019466019281e-05
-4.6905124354997586e-03,-9.1894953308679328e-01,-1.0530166019324913e+01,1.0658897672445088e-05
-4.6277297821078860e-03,-9.1894924057480754e-01,-1.0540166019324840e+01,1.0552842955387026e-05
-4.5780500760933688e-03,-9.1894901190458911e-01,-1.0550166019324916e+01,1.0447842802671435e-05
-4.5729197282502283e-03,-9.1894898843076001e-01,-1.0560166019324909e+01,1.0343885272632965e-05
4.4910746342770244e-03,-9.1894861750902479e-01,-1.0570166019324919e+01,1.0240965693086678e-05
4.4445493152175811e-03,-9.1894840964264712e-01,-1.0580166019324839e+01,1.0139068489443438e-05
-4.4261439133966487e-03,-9.1894832800831050e-01,-1.0590166019324910e+01,1.0038183891804644e-05
4.2903962985729235e-03,-9.1894773638353888e-01,-1.0600166019324927e+01,9.9383081729721607e-06
-4.2424778695896101e-03,-9.1894753194257639e-01,-1.0610166019324909e+01,9.8394223659800306e-06
-4.2373848389972921e-03,-9.1894751034847633e-01,-1.0620166019324923e+01,9.7415186879855715e-06
-4.1882931282143255e-03,-9.1894730353300336e-01,-1.0630166019324825e+01,9.6445909521559093e-06
4.1453490525151168e-03,-9.1894712459272310e-01,-1.0640166019324919e+01,9.5486273773936891e-06
4.1181883070876522e-03,-9.1894701237080578e-01,-1.0650166019324928e+01,9.4536180084243708e-06
4.1000121871866222e-03,-9.1894693768330704e-01,-1.0660166019324910e+01,9.3595536366104838e-06
-4.0146270997487368e-03,-9.1894659124871447e-01,-1.0670166019324833e+01,9.2664277321039040e-06
-3.9572950917259337e-03,-9.1894636272556096e-01,-1.0680166019324911e+01,9.1742273321405480e-06
3.9475481720177025e-03,-9.1894632420162470e-01,-1.0690166019324916e+01,9.0829425948734841e-06
3.8590149326490114e-03,-9.1894597863146465e-01,-1.0700166019324927e+01,8.9925689135705702e-06
3.8556911025068525e-03,-9.1894596581027843e-01,-1.0710166019324834e+01,8.9030914720074953e-06
3.8465335364575035e-03,-9.1894593054346296e-01,-1.0720166019324918e+01,8.8145045425734199e-06
3.7617046533384418e-03,-9.1894560784428891e-01,-1.0730166019324907e+01,8.7268015730874016e-06
-3.5904216051400855e-03,-9.1894497819699084e-01,-1.0740166019324917e+01,8.6399738867315686e-06
3.5332768276618073e-03,-9.1894477465590996e-01,-1.0750166019324839e+01,8.5540064512479540e-06
3.4881331510541141e-03,-9.1894461616977918e-01,-1.0760166019324920e+01,8.4688940071487952e-06
3.4744974501267276e-03,-9.1894456869960495e-01,-1.0770166019324915e+01,8.3846275018367651e-06
3.4410027845359686e-03,-9.1894445288342108e-01,-1.0780166019324922e+01,8.3012000256553822e-06
-3.4188070144151885e-03,-9.1894437675404039e-01,-1.0790166019324817e+01,8.2186023309966420e-06
3.4119532004956905e-03,-9.1894435334566060e-01,-1.0800166019324926e+01,8.1368260619227782e-06
3.3958071874656583e-03,-9.1894429838656666e-01,-1.0810166019324919e+01,8.0558637325955577e-06
3.3905357374345961e-03,-9.1894428049963284e-01,-1.0820166019324914e+01,7.9757066918231707e-06
3.3858347807021712e-03,-9.1894426457192058e-01,-1.0830166019324826e+01,7.8963472100430793e-06
3.3821498838532160e-03,-9.1894425210225794e-01,-1.0840166019324926e+01,7.8177773400131403e-06
3.3654183001232702e-03,-9.1894419565350682e-01,-1.0850166019324922e+01,7.7399895926807747e-06
-3.3625405352673164e-03,-9.1894418597276517e-01,-1.0860166019324911e+01,7.6629754836372604e-06
3.3538475409123766e-03,-9.1894415678000330e-01,-1.0870166019324923e+01,7.5867278250764644e-06
-3.3466476585942272e-03,-9.1894413265861485e-01,-1.0880166019324829e+01,7.5112388030993633e-06
-3.2531239854911853e-03,-9.1894382404117192e-01,-1.0890166019324914e+01,7.4365030232923834e-06
-3.1906881183779287e-03,-9.1894362287867382e-01,-1.0900166019324921e+01,7.3625100629465277e-06
3.1899713596782709e-03,-9.1894362059197721e-01,-1.0910166019324921e+01,7.2892518804650988e-06
3.1274463156552874e-03,-9.1894342309356813e-01,-1.0920166019324830e+01,7.2167240377023103e-06
-3.1200816179481460e-03,-9.1894340008799080e-01,-1.0930166019324911e+01,7.1449165981131478e-06
-3.1151117488417077e-03,-9.1894338459394331e-01,-1.0940166019324918e+01,7.0738235997156985e-06
3.0583519897012159e-03,-9.1894320939178598e-01,-1.0950166019324925e+01,7.0034391058869498e-06
3.0062962291874809e-03,-9.1894305154184830e-01,-1.0960166019324824e+01,6.9337548169491783e-06
2.9988782681532947e-03,-9.1894302926877303e-01,-1.0970166019324925e+01,6.8647629566767181e-06
2.9551611593835077e-03,-9.1894289912207838e-01,-1.0980166019324916e+01,6.7964583085218240e-06
2.8902963221177393e-03,-9.1894270953975432e-01,-1.0990166019324912e+01,6.7288336941030122e-06
-2.8589936961099975e-03,-9.1894261955581669e-01,-1.1000166019324835e+01,6.6618812796352866e-06
2.8505017059484170e-03,-9.1894259531332723e-01,-1.1010166019324924e+01,6.5955946132526537e-06
2.8263719284957068e-03,-9.1894252682247857e-01,-1.1020166019324909e+01,6.5299677975708122e-06
2.8117978955811787e-03,-9.1894248573704229e-01,-1.1030166019324918e+01,6.4649937979894279e-06
2.8110115158539103e-03,-9.1894248352621055e-01,-1.1040166019324836e+01,6.4006660490401599e-06
2.7941405747494439e-03,-9.1894243624411520e-01,-1.1050166019324916e+01,6.3369786573612668e-06
-2.7707356115197765e-03,-9.1894237112125399e-01,-1.1060166019324919e+01,6.2739250747684701e-06
2.7120153170262593e-03,-9.1894221014687938e-01,-1.1070166019324917e+01,6.2114994771214394e-06
2.7078351103295263e-03,-9.1894219881883188e-01,-1.1080166019324830e+01,6.1496940943216901e-06
2.7056776615515966e-03,-9.1894219297914359e-01,-1.1090166019324920e+01,6.0885036512458403e-06
2.6965120758504673e-03,-9.1894216822202712e-01,-1.1100166019324915e+01,6.0279221769311436e-06
-2.6890933742170905e-03,-9.1894214824492715e-01,-1.1110166019324931e+01,5.9679434683457154e-06
2.6882357850083194e-03,-9.1894214593915735e-01,-1.1120166019324916e+01,5.9085614522839771e-06
2.6051757312087215e-03,-9.1894192610363468e-01,-1.1130166019324824e+01,5.8497715695184824e-06
2.5612439826766149e-03,-9.1894181261870889e-01,-1.1140166019324923e+01,5.7915660271272153e-06
-2.5454885985270789e-03,-9.1894177238944208e-01,-1.1150166019324914e+01,5.7339392129768482e-06
2.5394785529973289e-03,-9.1894175710900006e-01,-1.1160166019324912e+01,5.6768856512808960e-06
-2.5379793530769233e-03,-9.1894175330293781e-01,-1.1170166019324832e+01,5.6203997166557245e-06
-2.5364943415891929e-03,-9.1894174953511187e-01,-1.1180166019324929e+01,5.5644758260443109e-06
2.5323976959732296e-03,-9.1894173915238475e-01,-1.1190166019324913e+01,5.5091084236760950e-06
2.5258883497081973e-03,-9.1894172268931706e-01,-1.1200166019324914e+01,5.4542919687610262e-06
-2.5019023844758143e-03,-9.1894166239111019e-01,-1.1210166019324838e+01,5.4000211825032764e-06
2.4965356198450020e-03,-9.1894164897839004e-01,-1.1220166019324919e+01,5.3462901456872106e-06
-2.4823873774989418e-03,-9.1894161375688543e-01,-1.1230166019324917e+01,5.2930938563431719e-06
-2.4752262170743594e-03,-9.1894159600575231e-01,-1.1240166019324921e+01,5.2404267855147994e-06
-2.4083477894493387e-03,-9.1894143270287698e-01,-1.1250166019324830e+01,5.1882845150357945e-06
-2.3838702607561560e-03,-9.1894137405204956e-01,-1.1260166019324902e+01,5.1366605228235744e-06
-2.3304783752004970e-03,-9.1894124819806811e-01,-1.1270166019324925e+01,5.0855505366840208e-06
2.3208995210235047e-03,-9.1894122592063276e-01,-1.1280166019324914e+01,5.0349485755328002e-06
2.3039462939857674e-03,-9.1894118671760228e-01,-1.1290166019324838e+01,4.9848501955634787e-06
-2.2524269937358827e-03,-9.1894106934702047e-01,-1.1300166019324918e+01,4.9352506866349427e-06
2.2507050795685518e-03,-9.1894106547001708e-01,-1.1310166019324919e+01,4.8861441407569833e-06
-2.2079233203215840e-03,-9.1894097009603370e-01,-1.1320166019324907e+01,4.8375266556051530e-06
-2.1902767477926565e-03,-9.1894093128945542e-01,-1.1330166019324832e+01,4.7893926469993422e-06
-2.1745167078071901e-03,-9.1894089689479574e-01,-1.1340166019324920e+01,4.7417375570112126e-06
2.1656084420959018e-03,-9.1894087756330167e-01,-1.1350166019324927e+01,4.6945565707538997e-06
-2.1177393737007839e-03,-9.1894077504336691e-01,-1.1360166019324913e+01,4.6478454288978116e-06
-2.1150632763049654e-03,-9.1894076937967084e-01,-1.1370166019324921e+01,4.6015986202341290e-06
-2.0972318022317383e-03,-9.1894073182395564e-01,-1.1380166019324825e+01,4.5558121200404174e-06
-2.0958845422435609e-03,-9.1894072899934665e-01,-1.1390166019324928e+01,4.5104810447783374e-06
2.0774518098745222e-03,-9.1894069053635064e-01,-1.1400166019324908e+01,4.4656011802720531e-06
-2.0628966715890923e-03,-9.1894066040467826e-01,-1.1410166019324913e+01,4.4211678393355945e-06
2.0530970298053945e-03,-9.1894064023704636e-01,-1.1420166019324826e+01,4.3771765725890381e-06
-2.0435030215989738e-03,-9.1894062058563908e-01,-1.1430166019324929e+01,4.3336230231438758e-06
-2.0370176845117306e-03,-9.1894060735386296e-01,-1.1440166019324918e+01,4.2905028103661822e-06
2.0098670402409428e-03,-9.1894055241609918e-01,-1.1450166019324923e+01,4.2478118274686278e-06
-2.0097569624270267e-03,-9.1894055219486348e-01,-1.1460166019324815e+01,4.2055453945139406e-06
-1.9816439533707226e-03,-9.1894049608971839e-01,-1.1470166019324935e+01,4.1636997522675781e-06
-1.9493239441462510e-03,-9.1894043256525904e-01,-1.1480166019324903e+01,4.1222705093790938e-06
-1.9278830151001070e-03,-9.1894039099979941e-01,-1.1490166019324933e+01,4.0812534021189213e-06
1.9009156304416724e-03,-9.1894033937345654e-01,-1.1500166019324825e+01,4.0406444608601923e-06
1.8938678769144157e-03,-9.1894032600110709e-01,-1.1510166019324924e+01,4.0004394302090096e-06
-1.8880138034989159e-03,-9.1894031493140060e-01,-1.1520166019324906e+01,3.9606344366451729e-06
1.8731426417327784e-03,-9.1894028696501762e-01,-1.1530166019324925e+01,3.9212255752042027e-06
-1.8503678579715318e-03,-9.1894024456394441e-01,-1.1540166019324827e+01,3.8822088934341051e-06
1.8389954339634194e-03,-9.1894022358544258e-01,-1.1550166019324914e+01,3.8435803501562030e-06
1.8284251756493768e-03,-9.1894020420265099e-01,-1.1560166019324919e+01,3.8053361604317383e-06
-1.8161613018824060e-03,-9.1894018185427673e-01,-1.1570166019324919e+01,3.7674725171920237e-06
1.8068342543406683e-03,-9.1894016495835085e-01,-1.1580166019324828e+01,3.7299856023224235e-06
1.8001200820732071e-03,-9.1894015284949437e-01,-1.1590166019324917e+01,3.6928716701822300e-06
1.7958002510991473e-03,-9.1894014508261035e-01,-1.1600166019324924e+01,3.6561270115176187e-06
-1.7764380915829159e-03,-9.1894011049948610e-01,-1.1610166019324916e+01,3.6197480651010811e-06
-1.6913987586175835e-03,-9.1893996304821979e-01,-1.1620166019324918e+01,3.5837314984929044e-06
1.6769591114107832e-03,-9.1893993872927016e-01,-1.1630166019324824e+01,3.5480728605702922e-06
1.6681306748763535e-03,-9.1893992396331370e-01,-1.1640166019324917e+01,3.5127689976066197e-06
1.6587903388852175e-03,-9.1893990842603368e-01,-1.1650166019324921e+01,3.4778164161154606e-06
-1.6563840073680019e-03,-9.1893990443732942e-01,-1.1660166019324921e+01,3.4432115783191936e-06
1.6433645440891952e-03,-9.1893988295685181e-01,-1.1670166019324830e+01,3.4089511239043298e-06
-1.6080190888210705e-03,-9.1893982549603448e-01,-1.1680166019324918e+01,3.3750316874122994e-06
1.6057899636616278e-03,-9.1893982191404322e-01,-1.1690166019324923e+01,3.3414495729897484e-06
1.5963398731205930e-03,-9.1893980678383469e-01,-1.1700166019324916e+01,3.3082016442735323e-06
-1.5734775386349754e-03,-9.1893977054912179e-01,-1.1710166019324824e+01,3.2752846066010339e-06
1.5703332756062272e-03,-9.1893976560663770e-01,-1.1720166019324919e+01,3.2426949962732197e-06
1.5586145456494348e-03,-9.1893974727299044e-01,-1.1730166019324912e+01,3.2104297008184697e-06
1.5473315834333716e-03,-9.1893972975085403e-01,-1.1740166019324928e+01,3.1784854472525229e-06
-1.5348350123698001e-03,-9.1893971049259704e-01,-1.1750166019324828e+01,3.1468590492298448e-06
1.5138541145382253e-03,-9.1893967851047953e-01,-1.1760166019324918e+01,3.1155473781635889e-06
-1.5116810975525485e-03,-9.1893967522320985e-01,-1.1770166019324913e+01,3.0845471739282712e-06
-1.4814656340713058e-03,-9.1893963000355194e-01,-1.1780166019324925e+01,3.0538555548334178e-06
1.4782105502754721e-03,-9.1893962518655492e-01,-1.1790166019324820e+01,3.0234691989211570e-06
-1.4405627859455832e-03,-9.1893957024390960e-01,-1.1800166019324919e+01,2.9933853422018314e-06
1.4227042059974477e-03,-9.1893954467696837e-01,-1.1810166019324919e+01,2.9636007361643231e-06
1.3776752000843389e-03,-9.1893948162781791e-01,-1.1820166019324926e+01,2.9341126011316792e-06
-1.3712041128371971e-03,-9.1893947273369903e-01,-1.1830166019324830e+01,2.9049177187887220e-06
1.3213432520143412e-03,-9.1893940560733434e-01,-1.1840166019324917e+01,2.8760134975978619e-06
-1.3089114911374142e-03,-9.1893938925798524e-01,-1.1850166019324911e+01,2.8473967317102237e-06
1.3003698427655709e-03,-9.1893937811420345e-01,-1.1860166019324920e+01,2.8190646922626514e-06
-1.3000406998636936e-03,-9.1893937768625011e-01,-1.1870166019324916e+01,2.7910145310972202e-06
1.2983918334791131e-03,-9.1893937554401606e-01,-1.1880166019324841e+01,2.7632434784240387e-06
-1.2722886568820278e-03,-9.1893934199255267e-01,-1.1890166019324910e+01,2.7357488382103749e-06
-1.2634166481147718e-03,-9.1893933074415279e-01,-1.1900166019324924e+01,2.7085277129162302e-06
-1.2602720203802337e-03,-9.1893932677612211e-01,-1.1910166019324915e+01,2.6815774225183307e-06
1.2576297371155738e-03,-9.1893932344961726e-01,-1.1920166019324835e+01,2.6548952901815317e-06
1.2562143244590571e-03,-9.1893932167055392e-01,-1.1930166019324909e+01,2.6284786453417111e-06
-1.2446259841464153e-03,-9.1893930718025962e-01,-1.1940166019324927e+01,2.6023248835422046e-06
1.2446047940438847e-03,-9.1893930715388616e-01,-1.1950166019324907e+01,2.5764313183802834e-06
-1.2383481801866957e-03,-9.1893929938644714e-01,-1.1960166019324832e+01,2.5507954182418905e-06
-1.2270499032766835e-03,-9.1893928545907200e-01,-1.1970166019324923e+01,2.5254146149306909e-06
-1.2122726801925450e-03,-9.1893926743586507e-01,-1.1980166019324914e+01,2.5002863647230482e-06
1.2120816101781279e-03,-9.1893926720425434e-01,-1.1990166019324908e+01,2.4754081002927094e-06
-1.2065822273560371e-03,-9.1893926055367514e-01,-1.2000166019324832e+01,2.4507773944554211e-06
-1.1977030817071459e-03,-9.1893924987967546e-01,-1.2010166019324933e+01,2.4263917778358660e-06
-1.1766605829087434e-03,-9.1893922489840318e-01,-1.2020166019324913e+01,2.4022488362680260e-06
-1.1741137363924310e-03,-9.1893922190487243e-01,-1.2030166019324918e+01,2.3783460680909315e-06
-1.1608188921022559e-03,-9.1893920638358961e-01,-1.2040166019324822e+01,2.3546811658593148e-06
1.1182995312580028e-03,-9.1893915793026026e-01,-1.2050166019324918e+01,2.3312518097479958e-06
1.1028646624575472e-03,-9.1893914078857131e-01,-1.2060166019324924e+01,2.3080555062324035e-06
-1.0960511885620158e-03,-9.1893913329744348e-01,-1.2070166019324917e+01,2.2850899873471608e-06
-1.0954956714975706e-03,-9.1893913268872263e-01,-1.2080166019324830e+01,2.2623529634522862e-06
-1.0950724497361540e-03,-9.1893913222517454e-01,-1.2090166019324926e+01,2.2398421763859326e-06
-1.0841234885784808e-03,-9.1893912029520874e-01,-1.2100166019324918e+01,2.2175554008106446e-06
-1.0625347787225597e-03,-9.1893909712341748e-01,-1.2110166019324915e+01,2.1954904067756024e-06
1.0234308734604213e-03,-9.1893905633871587e-01,-1.2120166019324907e+01,2.1736450008775520e-06
-1.0208603281027676e-03,-9.1893905371124418e-01,-1.2130166019324840e+01,2.1520168774030433e-06
-1.0090254761477104e-03,-9.1893904169954521e-01,-1.2140166019324914e+01,2.1306039772903001e-06
1.0041537634492865e-03,-9.1893903679572975e-01,-1.2150166019324926e+01,2.1094041238456818e-06
-9.9572469193202201e-04,-9.1893902836717056e-01,-1.2160166019324903e+01,2.0884152197256066e-06
-9.7680586201553043e-04,-9.1893900970818554e-01,-1.2170166019324839e+01,2.0676351796686725e-06
-9.7551420299833258e-04,-9.1893900844731957e-01,-1.2180166019324918e+01,2.0470618684658101e-06
-9.6217068773127236e-04,-9.1893899551955560e-01,-1.2190166019324915e+01,2.0266932887494562e-06
9.5490463466184469e-04,-9.1893898855477008e-01,-1.2200166019324913e+01,2.0065273675619916e-06
9.5339555686046800e-04,-9.1893898711488342e-01,-1.2210166019324841e+01,1.9865620895284708e-06
-9.4688124049816707e-04,-9.1893898092538129e-01,-1.2220166019324921e+01,1.9667954786433904e-06
9.4037655047392982e-04,-9.1893897478736786e-01,-1.2230166019324912e+01,1.9472255486016171e-06
9.2763812494213991e-04,-9.1893896288958488e-01,-1.2240166019324922e+01,1.9278503536022874e-06
8.9413142934639291e-04,-9.1893893236884594e-01,-1.2250166019324828e+01,1.9086679803313571e-06
8.6650364088343445e-04,-9.1893890804761935e-01,-1.2260166019324920e+01,1.8896764625684940e-06
-8.6486054048301854e-04,-9.1893890662521671e-01,-1.2270166019324909e+01,1.8708738702668114e-06
8.5659893474853202e-04,-9.1893889951420693e-01,-1.2280166019324920e+01,1.8522583773947285e-06
-8.5548072018283073e-04,-9.1893889855697075e-01,-1.2290166019324831e+01,1.8338281003557244e-06
8.5261050663446611e-04,-9.1893889610567747e-01,-1.2300166019324918e+01,1.8155812103321005e-06
-8.5011135934161351e-04,-9.1893889397800110e-01,-1.2310166019324921e+01,1.7975158792719345e-06
8.4340888692781540e-04,-9.1893888830261472e-01,-1.2320166019324917e+01,1.7796303075347662e-06
-8.4129557594314901e-04,-9.1893888652246247e-01,-1.2330166019324830e+01,1.7619226932464187e-06
8.4076440660040734e-04,-9.1893888607573315e-01,-1.2340166019324917e+01,1.7443912703066247e-06
8.3808195975316959e-04,-9.1893888382402511e-01,-1.2350166019324922e+01,1.7270342910493423e-06
-8.2540616115902058e-04,-9.1893887328100488e-01,-1.2360166019324923e+01,1.7098500307594920e-06
-8.1214539017694686e-04,-9.1893886242340683e-01,-1.2370166019324918e+01,1.6928367570695975e-06
8.0598879656669444e-04,-9.1893885744230952e-01,-1.2380166019324825e+01,1.6759927582496724e-06
-8.0560228588131156e-04,-9.1893885713086099e-01,-1.2390166019324919e+01,1.6593163521865338e-06
-7.9419912076467494e-04,-9.1893884800946113e-01,-1.2400166019324923e+01,1.6428058936042386e-06
-7.8877312820896319e-04,-9.1893884371486334e-01,-1.2410166019324906e+01,1.6264597088300448e-06
-7.8574427825386364e-04,-9.1893884133037484e-01,-1.2420166019324832e+01,1.6102761681667124e-06
-7.8004220780698158e-04,-9.1893883686626243e-01,-1.2430166019324915e+01,1.5942536597004961e-06
7.5657404505946558e-04,-9.1893881883548234e-01,-1.2440166019324931e+01,1.5783905992000682e-06
7.4302274879972565e-04,-9.1893880867474209e-01,-1.2450166019324913e+01,1.5626853662073447e-06
-7.2537010727008943e-04,-9.1893879571423576e-01,-1.2460166019324825e+01,1.5471364070676443e-06
7.2274303287655833e-04,-9.1893879381208521e-01,-1.2470166019324926e+01,1.5317421455180570e-06
-7.1610629242922926e-04,-9.1893878903745052e-01,-1.2480166019324912e+01,1.5165010637575057e-06
7.1240337757811994e-04,-9.1893878639262561e-01,-1.2490166019324914e+01,1.5014116300245233e-06
-7.0004034280845596e-04,-9.1893877766158027e-01,-1.2500166019324830e+01,1.4864723476734298e-06
6.8470535277918810e-04,-9.1893876704404953e-01,-1.2510166019324931e+01,1.4716817163122907e-06
6.8158472340662437e-04,-9.1893876491220705e-01,-1.2520166019324915e+01,1.4570382416728742e-06
-6.6909834408852148e-04,-9.1893875647963652e-01,-1.2530166019324918e+01,1.4425404810987282e-06
-6.6803669951896261e-04,-9.1893875576985540e-01,-1.2540166019324827e+01,1.4281869645020700e-06
6.6622482361405107e-04,-9.1893875456109730e-01,-1.2550166019324916e+01,1.4139762684770350e-06
-6.6217195770350247e-04,-9.1893875186919027e-01,-1.2560166019324921e+01,1.3999069732993699e-06
-6.5714720009938830e-04,-9.1893874855456081e-01,-1.2570166019324910e+01,1.3859776707733585e-06
6.5532435845211054e-04,-9.1893874735834691e-01,-1.2580166019324832e+01,1.3721869641707605e-06
6.4666175252669881e-04,-9.1893874171905054e-01,-1.2590166019324927e+01,1.3585334834110784e-06
6.4029087658285140e-04,-9.1893873761954281e-01,-1.2600166019324918e+01,1.3450158549077323e-06
6.3315527490218309e-04,-9.1893873307614049e-01,-1.2610166019324918e+01,1.3316327295915387e-06
-6.2321263235039746e-04,-9.1893872683033206e-01,-1.2620166019324911e+01,1.3183827707814306e-06
6.1600323087250086e-04,-9.1893872236332974e-01,-1.2630166019324916e+01,1.3052646488605371e-06
6.0703238275343330e-04,-9.1893871687749629e-01,-1.2640166019324916e+01,1.2922770556922563e-06
6.0124433141831154e-04,-9.1893871338071254e-01,-1.2650166019324741e+01,1.2794186886200557e-06
-5.9480828153602393e-04,-9.1893870953178536e-01,-1.2660166019324919e+01,1.2666882648390322e-06
5.8570136288071777e-04,-9.1893870415638268e-01,-1.2670166019324922e+01,1.2540845127571116e-06
-5.8566818300481911e-04,-9.1893870413694978e-01,-1.2680166019324925e+01,1.2416061633867071e-06
5.8526011671497817e-04,-9.1893870389804155e-01,-1.2690166019324916e+01,1.2292519759366427e-06
5.8112900131938058e-04,-9.1893870148879753e-01,-1.2700166019324916e+01,1.2170207173440100e-06
5.7901736158590925e-04,-9.1893870026389202e-01,-1.2710166019324921e+01,1.2049111603516253e-06
5.7886660032562172e-04,-9.1893870017660995e-01,-1.2720166019324909e+01,1.1929220940927788e-06
5.7134117173380898e-04,-9.1893869584870669e-01,-1.2730166019324743e+01,1.1810523260439408e-06
5.6838979573612628e-04,-9.1893869416681939e-01,-1.2740166019324914e+01,1.1693006610153058e-06
-5.6658391678420655e-04,-9.1893869314200682e-01,-1.2750166019324929e+01,1.1576659262273678e-06
-5.6065934861997471e-04,-9.1893868980279203e-01,-1.2760166019324917e+01,1.1461469616257279e-06
-5.5632361147960139e-04,-9.1893868738131979e-01,-1.2770166019324918e+01,1.1347426115574106e-06
-5.4848887310708118e-04,-9.1893868305336146e-01,-1.2780166019324913e+01,1.1234517387827698e-06
5.3785078554985074e-04,-9.1893867727507328e-01,-1.2790166019324912e+01,1.1122732136341302e-06
-5.3347455074698484e-04,-9.1893867493088766e-01,-1.2800166019324932e+01,1.1012059128235350e-06
5.0953565256682477e-04,-9.1893866244663014e-01,-1.2810166019324729e+01,1.0902487445257082e-06
-5.0294075974986611e-04,-9.1893865910804340e-01,-1.2820166019324930e+01,1.0794005918663721e-06
-5.0218386255072162e-04,-9.1893865872765534e-01,-1.2830166019324908e+01,1.0686603769325831e-06
-4.9831984573379571e-04,-9.1893865679467379e-01,-1.2840166019324926e+01,1.0580270305615556e-06
4.9639659604092785e-04,-9.1893865583812973e-01,-1.2850166019324920e+01,1.0474994867115805e-06
4.9447717097921094e-04,-9.1893865488717574e-01,-1.2860166019324923e+01,1.0370766936573469e-06
4.8906148015075341e-04,-9.1893865222390514e-01,-1.2870166019324920e+01,1.0267576108751303e-06
-4.8249896998855257e-04,-9.1893864903596745e-01,-1.2880166019324902e+01,1.0165412051883052e-06
-4.7732114485418432e-04,-9.1893864655107715e-01,-1.2890166019324923e+01,1.0064264536966987e-06
-4.7493046286072185e-04,-9.1893864541281178e-01,-1.2900166019324743e+01,9.9641234429754128e-07
-4.6164698485217661e-04,-9.1893863919230878e-01,-1.2910166019324922e+01,9.8649788195373606e-07
4.5869825792299373e-04,-9.1893863783538543e-01,-1.2920166019324915e+01,9.7668206534749268e-07
-4.5710295131562635e-04,-9.1893863710489354e-01,-1.2930166019324918e+01,9.6696391712943457e-07
-4.5148405048560554e-04,-9.1893863455226343e-01,-1.2940166019324920e+01,9.5734246783918087e-07
4.4974236556250354e-04,-9.1893863376743712e-01,-1.2950166019324909e+01,9.4781675186908115e-07
4.4744552616377822e-04,-9.1893863273708887e-01,-1.2960166019324920e+01,9.3838581857951548e-07
4.4167292784303759e-04,-9.1893863017082711e-01,-1.2970166019324925e+01,9.2904872606140381e-07
4.3863041420122493e-04,-9.1893862883165955e-01,-1.2980166019324731e+01,9.1980453801391941e-07
4.2637842924729758e-04,-9.1893862353262190e-01,-1.2990166019324924e+01,9.1065233476781611e-07
-4.2375165949389010e-04,-9.1893862241607394e-01,-1.3000166019324919e+01,9.0159119364684349e-07
-4.2071841631830502e-04,-9.1893862113533242e-01,-1.3010166019324913e+01,8.9262021252299148e-07
-4.1978334465979632e-04,-9.1893862074236765e-01,-1.3020166019324918e+01,8.8373849335680753e-07
-4.1923900058492378e-04,-9.1893862051400932e-01,-1.3030166019324922e+01,8.7494514862544676e-07
-4.1763432069339226e-04,-9.1893861984255243e-01,-1.3040166019324923e+01,8.6623929951790464e-07
4.1504152662025066e-04,-9.1893861876307392e-01,-1.3050166019324914e+01,8.5762007540048854e-07
-4.1477469574531804e-04,-9.1893861865236359e-01,-1.3060166019324743e+01,8.4908661316434968e-07
-4.1471460102536695e-04,-9.1893861862743964e-01,-1.3070166019324910e+01,8.4063806022282053e-07
-4.1269411728721576e-04,-9.1893861779155672e-01,-1.3080166019324921e+01,8.3227357246250076e-07
-4.1120629361055292e-04,-9.1893861717864744e-01,-1.3090166019324931e+01,8.2399231255535009e-07
-4.0046105601791618e-04,-9.1893861281786815e-01,-1.3100166019324909e+01,8.1579345561352890e-07
-3.9181700935224660e-04,-9.1893860939362393e-01,-1.3110166019324923e+01,8.0767617786950261e-07
-3.8065655064652582e-04,-9.1893860508304426e-01,-1.3120166019324909e+01,7.9963966906978709e-07
-3.7808920909841427e-04,-9.1893860410906447e-01,-1.3130166019324918e+01,7.9168312219285919e-07
-3.7782281037929989e-04,-9.1893860400837746e-01,-1.3140166019324919e+01,7.8380574358797924e-07
-3.7544387171902687e-04,-9.1893860311238984e-01,-1.3150166019324745e+01,7.7600674682635071e-07
-3.7304224209335672e-04,-9.1893860221359669e-01,-1.3160166019324924e+01,7.6828535137405243e-07
-3.6502393854423123e-04,-9.1893859925457733e-01,-1.3170166019324922e+01,7.6064078665055434e-07
-3.6394612225094556e-04,-9.1893859886172946e-01,-1.3180166019324909e+01,7.5307228466207058e-07
3.5593102661022323e-04,-9.1893859597678729e-01,-1.3190166019324922e+01,7.4557909238173252e-07
-3.5519717052370027e-04,-9.1893859571585446e-01,-1.3200166019324922e+01,7.3816045665200012e-07
3.5518659873254516e-04,-9.1893859571209946e-01,-1.3210166019324912e+01,7.3081563739127377e-07
-3.4928324190350491e-04,-9.1893859363273100e-01,-1.3220166019324923e+01,7.2354390180502916e-07
-3.4608566485648062e-04,-9.1893859252098320e-01,-1.3230166019324736e+01,7.1634452048882256e-07
3.3575473917350914e-04,-9.1893858899896186e-01,-1.3240166019324921e+01,7.0921677591483105e-07
-3.3371867127458409e-04,-9.1893858831741526e-01,-1.3250166019324915e+01,7.0215995156515850e-07
3.2980024914705384e-04,-9.1893858701744169e-01,-1.3260166019324927e+01,6.9517334421610754e-07
3.2335836612362945e-04,-9.1893858491365599e-01,-1.3270166019324918e+01,6.8825625531596030e-07
3.2007885455562169e-04,-9.1893858385857607e-01,-1.3280166019324904e+01,6.8140799187134092e-07
-3.1816338472460769e-04,-9.1893858324730915e-01,-1.3290166019324918e+01,6.7462786947994417e-07
-3.1505770240227267e-04,-9.1893858226401737e-01,-1.3300166019324930e+01,6.6791521067792145e-07
3.1315199078712998e-04,-9.1893858166542408e-01,-1.3310166019324738e+01,6.6126934368617503e-07
3.0904119222239547e-04,-9.1893858038656873e-01,-1.3320166019324915e+01,6.5468960461705666e-07
-3.0860308168411863e-04,-9.1893858025127051e-01,-1.3330166019324921e+01,6.4817533429611910e-07
3.0651625468390120e-04,-9.1893857960944669e-01,-1.3340166019324910e+01,6.4172588237206526e-07
-3.0492857664894300e-04,-9.1893857912405785e-01,-1.3350166019324929e+01,6.3534060346337677e-07
-3.0231230002281210e-04,-9.1893857832970283e-01,-1.3360166019324907e+01,6.2901885933268992e-07
-2.9595596542882172e-04,-9.1893857642830623e-01,-1.3370166019324918e+01,6.2276001829152811e-07
-2.9190437706089027e-04,-9.1893857523742217e-01,-1.3380166019324925e+01,6.1656345330940752e-07
-2.9109918297915913e-04,-9.1893857500270659e-01,-1.3390166019324912e+01,6.1042854458807762e-07
2.7726597121857514e-04,-9.1893857107154886e-01,-1.3400166019324752e+01,6.0435468146108304e-07
2.7692271141542806e-04,-9.1893857097643350e-01,-1.3410166019324905e+01,5.9834125196289666e-07
2.7633701019022256e-04,-9.1893857081441110e-01,-1.3420166019324924e+01,5.9238765712710306e-07
-2.7613602273339976e-04,-9.1893857075889096e-01,-1.3430166019324915e+01,5.8649330148631504e-07
2.7530661549458283e-04,-9.1893857053020578e-01,-1.3440166019324923e+01,5.8065759576431036e-07
-2.7248039164137126e-04,-9.1893856975612143e-01,-1.3450166019324927e+01,5.7487995659664992e-07
-2.7186887762619040e-04,-9.1893856958968279e-01,-1.3460166019324916e+01,5.6915980554897897e-07
2.7080214015655254e-04,-9.1893856930023898e-01,-1.3470166019324919e+01,5.6349657102357381e-07
2.6990105343316904e-04,-9.1893856905662874e-01,-1.3480166019324729e+01,5.5788968659612988e-07
2.6397671989045830e-04,-9.1893856747519376e-01,-1.3490166019324928e+01,5.5233859233825097e-07
-2.5675657346411741e-04,-9.1893856559530851e-01,-1.3500166019324915e+01,5.4684273254574407e-07
2.5498967655725689e-04,-9.1893856514320704e-01,-1.3510166019324920e+01,5.4140155668861984e-07
-2.5434410529831216e-04,-9.1893856497880144e-01,-1.3520166019324925e+01,5.3601452127922979e-07
-2.5344200169182104e-04,-9.1893856474976354e-01,-1.3530166019324909e+01,5.3068108780119614e-07
-2.5207210796220395e-04,-9.1893856440351329e-01,-1.3540166019324916e+01,5.2540072293331887e-07
-2.4319382956521399e-04,-9.1893856220495884e-01,-1.3550166019324925e+01,5.2017289953544887e-07
2.3541852787695378e-04,-9.1893856034428112e-01,-1.3560166019324743e+01,5.1499709366423041e-07
-2.3526605259388067e-04,-9.1893856030839727e-01,-1.3570166019324901e+01,5.0987278698179191e-07
-2.3491565313547396e-04,-9.1893856022602149e-01,-1.3580166019324936e+01,5.0479946802611402e-07
-2.3452954848419792e-04,-9.1893856013539399e-01,-1.3590166019324911e+01,4.9977662944122803e-07
-2.3355215931761909e-04,-9.1893855990664508e-01,-1.3600166019324927e+01,4.9480376900318614e-07
-2.3112941778808175e-04,-9.1893855934374336e-01,-1.3610166019324902e+01,4.8988038951583255e-07
-2.2953409283349479e-04,-9.1893855897628940e-01,-1.3620166019324929e+01,4.8500599837533212e-07
-2.2815554018586778e-04,-9.1893855866081475e-01,-1.3630166019324919e+01,4.8018010821033630e-07
-2.2714461649315788e-04,-9.1893855843067784e-01,-1.3640166019324914e+01,4.7540223641271076e-07
-2.2372870925729032e-04,-9.1893855766060717e-01,-1.3650166019324736e+01,4.7067190548692191e-07
-2.2367419250392075e-04,-9.1893855764841170e-01,-1.3660166019324926e+01,4.6598864178332532e-07
-2.2341204205708089e-04,-9.1893855758980969e-01,-1.3670166019324917e+01,4.6135197735362218e-07
2.2293067538540863e-04,-9.1893855748238251e-01,-1.3680166019324920e+01,4.5676144852787054e-07
-2.2026598133343799e-04,-9.1893855689189075e-01,-1.3690166019324918e+01,4.5221659644507828e-07
-2.1461110523849497e-04,-9.1893855566230276e-01,-1.3700166019324916e+01,4.4771696667957305e-07
-2.1188378494267374e-04,-9.1893855508070865e-01,-1.3710166019324921e+01,4.4326210868558919e-07
2.0253912666093961e-04,-9.1893855314438833e-01,-1.3720166019324910e+01,4.3885157786123567e-07
2.0241216294778866e-04,-9.1893855311868133e-01,-1.3730166019324745e+01,4.3448493171331705e-07
-2.0216724784511558e-04,-9.1893855306913752e-01,-1.3740166019324914e+01,4.3016173443052776e-07
-2.0154955680309303e-04,-9.1893855294445137e-01,-1.3750166019324926e+01,4.2588155371129409e-07
2.0100020007936525e-04,-9.1893855283387971e-01,-1.3760166019324920e+01,4.2164396149532880e-07
1.9769961806713129e-04,-9.1893855217590892e-01,-1.3770166019324913e+01,4.1744853425446241e-07
1.9475061478946461e-04,-9.1893855159724047e-01,-1.3780166019324914e+01,4.1329485217662494e-07
-1.9229011309097302e-04,-9.1893855112108325e-01,-1.3790166019324918e+01,4.0918249988168785e-07
1.8971728936416322e-04,-9.1893855062966445e-01,-1.3800166019324918e+01,4.0511106618001314e-07
1.8848905928364312e-04,-9.1893855039740224e-01,-1.3810166019324740e+01,4.0108014381469734e-07
-1.8565552361995865e-04,-9.1893854986732615e-01,-1.3820166019324924e+01,3.9708932991424826e-07
-1.8476935861945132e-04,-9.1893854970319744e-01,-1.3830166019324921e+01,3.9313822512969663e-07
1.8458499252650424e-04,-9.1893854966914923e-01,-1.3840166019324919e+01,3.8922643444335206e-07
-1.8292655295804418e-04,-9.1893854936440134e-01,-1.3850166019324917e+01,3.8535356682885876e-07
-1.8172930526205098e-04,-9.1893854914610962e-01,-1.3860166019324911e+01,3.8151923485684563e-07
1.8058448359445576e-04,-9.1893854893871729e-01,-1.3870166019324918e+01,3.7772305512046374e-07
1.7688851670775576e-04,-9.1893854827811317e-01,-1.3880166019324918e+01,3.7396464817228557e-07
-1.7358033773290157e-04,-9.1893854769840633e-01,-1.3890166019324917e+01,3.7024363796567036e-07
-1.7148213397035118e-04,-9.1893854733640057e-01,-1.3900166019324743e+01,3.6655965234735961e-07
1.6954077338822494e-04,-9.1893854700537636e-01,-1.3910166019324919e+01,3.6291232298572519e-07
-1.6812231426460277e-04,-9.1893854676589570e-01,-1.3920166019324922e+01,3.5930128512358634e-07
-1.6759413583291671e-04,-9.1893854667723662e-01,-1.3930166019324913e+01,3.5572617763401033e-07
1.6752035062360689e-04,-9.1893854666487340e-01,-1.3940166019324923e+01,3.5218664303112950e-07
1.6647740479948337e-04,-9.1893854649070261e-01,-1.3950166019324920e+01,3.4868232744237926e-07
1.6631730864086883e-04,-9.1893854646406303e-01,-1.3960166019324918e+01,3.4521288032479777e-07
1.6630770192126282e-04,-9.1893854646246531e-01,-1.3970166019324919e+01,3.4177795477418274e-07
-1.6608412954859444e-04,-9.1893854642530848e-01,-1.3980166019324733e+01,3.3837720731594622e-07
-1.6595847324729320e-04,-9.1893854640444694e-01,-1.3990166019324926e+01,3.3501029785458435e-07
-1.6568570662521439e-04,-9.1893854635921612e-01,-1.4000166019324912e+01,3.3167688971019753e-07
-1.6367017876157345e-04,-9.1893854602730318e-01,-1.4010166019324926e+01,3.2837664962500984e-07
1.6268186406111066e-04,-9.1893854586603396e-01,-1.4020166019324920e+01,3.2510924742078199e-07
1.6175742127337613e-04,-9.1893854571607114e-01,-1.4030166019324911e+01,3.2187435640753474e-07
1.6159111583541655e-04,-9.1893854568918387e-01,-1.4040166019324918e+01,3.1867165305796611e-07
1.6144935595773150e-04,-9.1893854566628674e-01,-1.4050166019324914e+01,3.1550081713783723e-07
-1.5949334265335350e-04,-9.1893854535240260e-01,-1.4060166019324750e+01,3.1236153165313881e-07
1.5773261485626023e-04,-9.1893854507312833e-01,-1.4070166019324919e+01,3.0925348256913978e-07
1.5738567668188735e-04,-9.1893854501846506e-01,-1.4080166019324917e+01,3.0617635902066547e-07
-1.5614964491106234e-04,-9.1893854482469528e-01,-1.4090166019324920e+01,3.0312985340507200e-07
1.5592326753308537e-04,-9.1893854478937209e-01,-1.4100166019324924e+01,3.0011366097870104e-07
1.5422475527350938e-04,-9.1893854452597701e-01,-1.4110166019324916e+01,2.9712748023608114e-07
1.5277464314498966e-04,-9.1893854430338529e-01,-1.4120166019324907e+01,2.9417101247552404e-07
-1.5244280956800587e-04,-9.1893854425274457e-01,-1.4130166019324923e+01,2.9124396200996114e-07
1.5233493426083336e-04,-9.1893854423630561e-01,-1.4140166019324921e+01,2.8834603617315157e-07
-1.4979963384897224e-04,-9.1893854385330465e-01,-1.4150166019324743e+01,2.8547694528484931e-07
-1.4932745277421264e-04,-9.1893854378268358e-01,-1.4160166019324903e+01,2.8263640223840030e-07
1.4714530644337242e-04,-9.1893854345921011e-01,-1.4170166019324935e+01,2.7982412313809782e-07
1.4368983605277959e-04,-9.1893854295672395e-01,-1.4180166019324920e+01,2.7703982673109341e-07
-1.4179323252533384e-04,-9.1893854268599984e-01,-1.4190166019324900e+01,2.7428323447127777e-07
-1.4010639403647590e-04,-9.1893854244824025e-01,-1.4200166019324929e+01,2.7155407075302967e-07
-1.1588622661727615e-04,-9.1893853934814818e-01,-inf,0.0000000000000000e+00
-1.0053487702918820e-04,-9.1893853768697020e-01,-inf,0.0000000000000000e+00
1.0618247737188700e-05,-9.1893853268971304e-01,-inf,0.0000000000000000e+00
-1.5408692061462024e-05,-9.1893853275205339e-01,-inf,0.0000000000000000e+00
-7.4002951119035311e-05,-9.1893853537155790e-01,-inf,0.0000000000000000e+00
6.7640663842764230e-05,-9.1893853492096922e-01,-inf,0.0000000000000000e+00
3.6106892942411469e-05,-9.1893853328519337e-01,-inf,0.0000000000000000e+00
1.1260488062774729e-04,-9.1893853897326905e-01,-inf,0.0000000000000000e+00
-5.5138873499324494e-05,-9.1893853415348714e-01,-inf,0.0000000000000000e+00
8.8846943309087644e-05,-9.1893853658022917e-01,-inf,0.0000000000000000e+00
-9.0038363882802980e-05,-9.1893853668679293e-01,-inf,0.0000000000000000e+00
-2.1410515717643341e-05,-9.1893853286254457e-01,-inf,0.0000000000000000e+00
1.3982025450039171e-04,-9.1893854240819128e-01,-inf,0.0000000000000000e+00
8.1071185550567312e-05,-9.1893853591960806e-01,-inf,0.0000000000000000e+00
7.1650364686237758e-05,-9.1893853520022684e-01,-inf,0.0000000000000000e+00
8.1002142827035065e-05,-9.1893853591401309e-01,-inf,0.0000000000000000e+00
-1.3361817863399261e-04,-9.1893854156024835e-01,-inf,0.0000000000000000e+00
5.0966761926411720e-05,-9.1893853393214486e-01,-inf,0.0000000000000000e+00
-1.2824337455663245e-04,-9.1893854085652105e-01,-inf,0.0000000000000000e+00
-5.6709169341261203e-05,-9.1893853424130445e-01,-inf,0.0000000000000000e+00
5.2411001877985841e-05,-9.1893853400679604e-01,-inf,0.0000000000000000e+00
-1.2510247967579109e-04,-9.1893854045865464e-01,-inf,0.0000000000000000e+00
1.0779610106044138e-04,-9.1893853844333917e-01,-inf,0.0000000000000000e+00
6.7191755963765776e-05,-9.1893853489070554e-01,-inf,0.0000000000000000e+00
-7.5409543458340879e-06,-9.1893853266177250e-01,-inf,0.0000000000000000e+00
-1.3684328481910595e-04,-9.1893854199638181e-01,-inf,0.0000000000000000e+00
-2.3720772330813415e-05,-9.1893853291467698e-01,-inf,0.0000000000000000e+00
-1.1954453850210073e-04,-9.1893853977878781e-01,-inf,0.0000000000000000e+00
1.2555800261701799e-04,-9.1893854051574553e-01,-inf,0.0000000000000000e+00
-1.0024477955709920e-05,-9.1893853268358450e-01,-inf,0.0000000000000000e+00
-1.3257726812960580e-04,-9.1893854142170550e-01,-inf,0.0000000000000000e+00
-5.3559362453844777e-05,-9.1893853406764214e-01,-inf,0.0000000000000000e+00
-1.1553331021543184e-04,-9.1893853930731240e-01,-inf,0.0000000000000000e+00
-2.9885622167270668e-05,-9.1893853307991469e-01,-inf,0.0000000000000000e+00
1.2946474552470963e-04,-9.1893854101389960e-01,-inf,0.0000000000000000e+00
2.2188059018580304e-05,-9.1893853287949445e-01,-inf,0.0000000000000000e+00
1.1104535343155306e-04,-9.1893853879887477e-01,-inf,0.0000000000000000e+00
-7.2993574822710844e-05,-9.1893853529737046e-01,-inf,0.0000000000000000e+00
1.1115974158032254e-04,-9.1893853881158349e-01,-inf,0.0000000000000000e+00
-4.8992334437435951e-05,-9.1893853383346391e-01,-inf,0.0000000000000000e+00
-1.0063146004507717e-05,-9.1893853268397296e-01,-inf,0.0000000000000000e+00
-1.3834591988990340e-04,-9.1893854220313620e-01,-inf,0.0000000000000000e+00
9.2532603330939178e-05,-9.1893853691448080e-01,-inf,0.0000000000000000e+00
4.0336509796143859e-05,-9.1893853344685650e-01,-inf,0.0000000000000000e+00
7.5310358819356723e-05,-9.1893853546916449e-01,-inf,0.0000000000000000e+00
-1.3712574555142459e-04,-9.1893854203507452e-01,-inf,0.0000000000000000e+00
-6.5588576737156076e-05,-9.1893853478427012e-01,-inf,0.0000000000000000e+00
8.7742366444186248e-05,-9.1893853648270085e-01,-inf,0.0000000000000000e+00
-1.2880110758425233e-04,-9.1893854092820215e-01,-inf,0.0000000000000000e+00
-1.1606082059013037e-04,-9.1893853936839653e-01,-inf,0.0000000000000000e+00
-1.9189240493019781e-07,-9.1893853263335790e-01,-inf,0.0000000000000000e+00
7.9406496386392295e-05,-9.1893853578603535e-01,-inf,0.0000000000000000e+00
5.9505590977841500e-05,-9.1893853440379714e-01,-inf,0.0000000000000000e+00
6.8868345898142735e-05,-9.1893853500476397e-01,-inf,0.0000000000000000e+00
-1.2297008437476314e-04,-9.1893854019416032e-01,-inf,0.0000000000000000e+00
-1.0527566840361799e-04,-9.1893853817482263e-01,-inf,0.0000000000000000e+00
-3.5787791760386978e-05,-9.1893853327372244e-01,-inf,0.0000000000000000e+00
7.3153029228338563e-05,-9.1893853530902236e-01,-inf,0.0000000000000000e+00
-7.0650387397915812e-05,-9.1893853512907808e-01,-inf,0.0000000000000000e+00
-7.6582517413489691e-05,-9.1893853556578042e-01,-inf,0.0000000000000000e+00
1.1754585934482111e-04,-9.1893853954185400e-01,-inf,0.0000000000000000e+00
-3.6124041854624620e-05,-9.1893853328581265e-01,-inf,0.0000000000000000e+00
3.9374575642892517e-05,-9.1893853340851805e-01,-inf,0.0000000000000000e+00
-3.0559058190532406e-05,-9.1893853310026752e-01,-inf,0.0000000000000000e+00
1.2985687842872936e-05,-9.1893853271765347e-01,-inf,0.0000000000000000e+00
4.5531215077585036e-05,-9.1893853366988520e-01,-inf,0.0000000000000000e+00
5.1031714970623253e-05,-9.1893853393545744e-01,-inf,0.0000000000000000e+00
7.5763396506367520e-05,-9.1893853550338556e-01,-inf,0.0000000000000000e+00
-1.9670420323568682e-05,-9.1893853282680216e-01,-inf,0.0000000000000000e+00
-6.4631469830790780e-05,-9.1893853472195286e-01,-inf,0.0000000000000000e+00
-1.0482090345726420e-04,-9.1893853812705040e-01,-inf,0.0000000000000000e+00
-1.5586032333264114e-05,-9.1893853275480164e-01,-inf,0.0000000000000000e+00
4.5210436314020513e-05,-9.1893853365533129e-01,-inf,0.0000000000000000e+00
-9.0522931700923767e-05,-9.1893853673054005e-01,-inf,0.0000000000000000e+00
1.8271311685563632e-05,-9.1893853280025983e-01,-inf,0.0000000000000000e+00
3.3288785707175486e-05,-9.1893853318741114e-01,-inf,0.0000000000000000e+00
-4.2437267260674136e-05,-9.1893853353380028e-01,-inf,0.0000000000000000e+00
3.9692133100491809e-05,-9.1893853342107223e-01,-inf,0.0000000000000000e+00
4.8408538350064832e-07,-9.1893853263345660e-01,-inf,0.0000000000000000e+00
3.0648923111374919e-05,-9.1893853310301776e-01,-inf,0.0000000000000000e+00
1.0269938830883413e-04,-9.1893853790692159e-01,-inf,0.0000000000000000e+00
-6.0794613680033779e-05,-9.1893853448133200e-01,-inf,0.0000000000000000e+00
-1.2381927863390206e-04,-9.1893854029894639e-01,-inf,0.0000000000000000e+00
-5.8015396977367150e-05,-9.1893853431623262e-01,-inf,0.0000000000000000e+00
-5.6095715033908789e-05,-9.1893853420670413e-01,-inf,0.0000000000000000e+00
-5.9012046507209810e-05,-9.1893853437455031e-01,-inf,0.0000000000000000e+00
-1.1978884803335387e-04,-9.1893853980802354e-01,-inf,0.0000000000000000e+00
-8.3290389147386729e-05,-9.1893853610198395e-01,-inf,0.0000000000000000e+00
1.0199996770041304e-04,-9.1893853783533619e-01,-inf,0.0000000000000000e+00
2.5556804021561173e-06,-9.1893853263660519e-01,-inf,0.0000000000000000e+00
-9.8504921175479040e-05,-9.1893853748494925e-01,-inf,0.0000000000000000e+00
6.1802750904857448e-05,-9.1893853454312946e-01,-inf,0.0000000000000000e+00
-8.7740008723153652e-05,-9.1893853648249402e-01,-inf,0.0000000000000000e+00
3.7252750713824304e-05,-9.1893853332722319e-01,-inf,0.0000000000000000e+00
-5.1235866397730801e-06,-9.1893853264646508e-01,-inf,0.0000000000000000e+00
-9.6542602164403002e-05,-9.1893853729357644e-01,-inf,0.0000000000000000e+00
-1.1213134240661530e-04,-9.1893853892005839e-01,-inf,0.0000000000000000e+00
-1.1191646955680079e-04,-9.1893853889598753e-01,-inf,0.0000000000000000e+00
-1.5183779232670258e-05,-9.1893853274861304e-01,-inf,0.0000000000000000e+00
1.1244519545244161e-04,-9.1893853895530042e-01,-inf,0.0000000000000000e+00
